0, 0, 0.9096116681, [2.3745955322283314, -43.6517555819035]
0, 1, 0.9079187166, [2.933006598372393, -59.80503720965817]
0, 2, 0.883780351, [3.222628486966959, -57.391835021117515]
0, 3, 0.883617554, [2.6776492495740434, -39.69901537731266]
0, 4, 0.821280637, [2.337993794602593, -59.249677343319995]
0, 5, 0.5996775388, [0.8715421771424384, -42.32202948372274]
0, 6, 0.5759375646, [0.8652329118126117, -44.839341356899126]
0, 7, 0.560479351, [1.5767263688984465, -59.10608341685789]
0, 8, 0.4976660552, [1.0626026142919174, -53.30367785553532]
0, 9, 0.2504279701, [0.1928758938935227, -54.034870479400546]
1, 0, 0.9194166637, [3.0146128014844424, -55.95444677628223]
1, 1, 0.9096116681, [2.3745955322283314, -43.6517555819035]
1, 2, 0.8996689474, [3.1329087089233187, -57.391835021117515]
1, 3, 0.883780351, [3.222628486966959, -57.391835021117515]
1, 4, 0.811869101, [1.6230688546853849, -42.202799695213706]
1, 5, 0.6525122382, [3.581725648311372, -57.777356169165216]
1, 6, 0.2150240252, [0.04498463233374039, -54.91761146624518]
1, 7, 0.1790906015, [-2.340871677712066, -55.74763288351334]
1, 8, 0, [5.6367612441126065, -58.07520393279431]
1, 9, 0, [8.821547677849809, -60.751929874709596]
2, 0, 0.9322888918, [2.582541327672606, -48.609046671754385]
2, 1, 0.9194166637, [3.0146128014844424, -55.95444677628223]
2, 2, 0.9194166637, [3.0146128014844424, -55.95444677628223]
2, 3, 0.805754343, [2.171546373466043, -57.56060573159749]
2, 4, 0.6823969694, [1.1121418378680044, -35.36955701257456]
2, 5, 0.6808171858, [2.039380767172994, -62.793260184334024]
2, 6, 0.6683519734, [1.0627191313049185, -37.694459987891825]
2, 7, 0.5577783494, [0.7953697443823098, -26.228932386099622]
2, 8, 0.5022230262, [0.8131978425325836, -49.80310117909286]
2, 9, 0.1985726443, [0.05064757149123089, -56.154775497618175]
3, 0, 0.9410782783, [2.798577064578524, -52.281746724018305]
3, 1, 0.9322888918, [2.582541327672606, -48.609046671754385]
3, 2, 0.9314988037, [2.798577064578524, -45.33323268070375]
3, 3, 0.9159251274, [3.07028137418396, -50.78778326979546]
3, 4, 0.8819587135, [2.171546373466043, -52.03744841423579]
3, 5, 0.8737734642, [2.1329199942060444, -52.281746724018305]
3, 6, 0.8614175124, [2.1954255423252604, -54.541458533242135]
3, 7, 0.835574912, [1.797372302397705, -48.609046671754385]
3, 8, 0.5438157276, [1.0208059977619017, -50.36348160587057]
3, 9, 0.43317518, [0.6570526543192798, -51.16633525095248]
4, 0, 0.9414695572, [2.798577064578524, -50.55958924956059]
4, 1, 0.9410782783, [2.798577064578524, -52.281746724018305]
4, 2, 0.9370315519, [2.690559196125565, -47.384499995636105]
4, 3, 0.9342718245, [2.798577064578524, -54.551658337923904]
4, 4, 0.9342718245, [2.798577064578524, -54.36009129096385]
4, 5, 0.9246201033, [2.4850617190222835, -48.952647941232]
4, 6, 0.9146420202, [2.4850617190222835, -53.2032248311809]
4, 7, 0.9093427055, [2.690559196125565, -57.090199205402556]
4, 8, 0.8659594707, [2.0117687720432933, -50.445396697886345]
4, 9, 0.6593003664, [1.5406510846138703, -55.84028821863909]
5, 0, 0.9420195487, [2.798577064578524, -51.329069636219494]
5, 1, 0.9414695572, [2.798577064578524, -50.55958924956059]
5, 2, 0.9392248924, [2.796038467880808, -49.599501169117836]
5, 3, 0.9359207344, [2.744568130352045, -47.1156416221198]
5, 4, 0.9340109521, [2.798577064578524, -54.33357527232818]
5, 5, 0.9137360241, [2.8626791956389073, -58.20152458342248]
5, 6, 0.5003661124, [0.997711423715856, -52.45984027026222]
5, 7, 0, [4.974832875173627, -50.57982409758577]
5, 8, 0, [7.334670129550012, -49.833123359827205]
5, 9, 0, [3.760816099170926, -53.047429784131445]
6, 0, 0.9420195487, [2.798577064578524, -51.329069636219494]
6, 1, 0.9408863127, [2.798577064578524, -50.94432944289004]
6, 2, 0.9297950852, [2.744568130352045, -45.25426050139427]
6, 3, 0.9246159767, [2.798577064578524, -56.09907684566301]
6, 4, 0.924168514, [2.511236145630368, -51.71198850466327]
6, 5, 0.880257081, [2.0274186295598855, -47.1156416221198]
6, 6, 0.8398141282, [1.9705973907752394, -53.34752364128594]
6, 7, 0.2522575589, [-3.3071726374395656, -49.22235562916965]
6, 8, 0.1919799074, [-3.273465978898328, -54.60215197949299]
6, 9, 0, [5.947991668924635, -50.3041591530356]
7, 0, 0.9420195487, [2.798577064578524, -51.329069636219494]
7, 1, 0.9408863127, [2.798577064578524, -50.94432944289004]
7, 2, 0.9344747912, [2.872148197359169, -53.448044464104974]
7, 3, 0.9253208539, [2.514302730148319, -49.592958796812]
7, 4, 0.749502683, [3.4983771711990324, -53.71407324094125]
7, 5, 0.3007161827, [0.15745608329570837, -50.18444812553335]
7, 6, 0, [6.4142727169104, -54.518041942141046]
7, 7, 0, [5.13705989783268, -54.09169896856274]
7, 8, 0, [4.1275578432603695, -56.443525036988824]
7, 9, 0, [4.1598075805885735, -50.855286512301745]
8, 0, 0.9420195487, [2.798577064578524, -51.329069636219494]
8, 1, 0.9419306036, [2.693225463753744, -51.578053989066916]
8, 2, 0.9378881273, [2.835362630968847, -52.388557050162234]
8, 3, 0.9356509807, [2.6564398973634216, -52.67529489988959]
8, 4, 0.87772143, [2.0167976402309544, -48.53570584425601]
8, 5, 0.7358849089, [3.516477326956466, -50.46101421651575]
8, 6, 0.3476221759, [0.4288531373212878, -51.52050163045848]
8, 7, 0, [4.236255814383406, -54.11886609820479]
8, 8, 0, [4.648158438346881, -51.082618677312446]
8, 9, 0, [6.0930400582287145, -50.26864411985102]
9, 0, 0.9420195487, [2.798577064578524, -51.329069636219494]
9, 1, 0.9412438923, [2.8012389518841263, -51.2866986364933]
9, 2, 0.9339792106, [2.8169698477736853, -46.55331516419852]
9, 3, 0.9192566261, [2.4300619398251198, -50.33812954054154]
9, 4, 0.8123314038, [1.6615029328877184, -45.85782475407336]
9, 5, 0.5963330414, [3.6111911103219376, -52.00451125591696]
9, 6, 0.5090445598, [1.0503900491719091, -52.53192597502591]
9, 7, 0.3385121672, [0.5873167348528847, -54.64380468230388]
9, 8, 0.2284892148, [-2.9596880097001903, -51.329069636219494]
9, 9, 0.208957795, [-0.4593167835626928, -52.388557050162234]
10, 0, 0.9420195487, [2.798577064578524, -51.329069636219494]
10, 1, 0.9420195487, [2.798577064578524, -51.329069636219494]
10, 2, 0.9412438923, [2.8012389518841263, -51.2866986364933]
10, 3, 0.9412438923, [2.8012389518841263, -51.2866986364933]
10, 4, 0.9243925655, [3.004084168064871, -54.55657888103422]
10, 5, 0.9188120864, [2.8184350574302197, -56.75619477424058]
10, 6, 0.8883990104, [2.8027041615406607, -63.737098358012226]
10, 7, 0.7679177997, [3.474704519431907, -53.32711833433485]
10, 8, 0, [6.263120359219707, -51.75207853001822]
10, 9, 0, [3.8341538489170905, -48.593447195146425]
11, 0, 0.9420195487, [2.798577064578524, -51.329069636219494]
11, 1, 0.9405659726, [2.798577064578524, -50.272939684690634]
11, 2, 0.8594529271, [3.312193045577459, -53.510992514494895]
11, 3, 0.7518720273, [1.4969151190522942, -49.29200577320556]
11, 4, 0.4927173521, [0.6564565980934178, -46.657932751905506]
11, 5, 0.2895526368, [0.4777063776531292, -55.47681292933097]
11, 6, 0, [4.70376355816499, -55.03565528600577]
11, 7, 0, [7.4381334905828265, -49.19514595002843]
11, 8, 0, [4.627832432338115, -53.284514335936116]
11, 9, 0, [6.725578453255713, -50.7581010930359]
12, 0, 0.9420195487, [2.798577064578524, -51.329069636219494]
12, 1, 0.9245553306, [3.0299166498582415, -51.329069636219494]
12, 2, 0.9089521223, [2.601548760843053, -55.984497389991866]
12, 3, 0.8386393552, [3.3524893165192, -50.55722493793587]
12, 4, 0.7810287492, [1.5080119086351935, -44.70229189328219]
12, 5, 0.5880452124, [1.0546256342286018, -48.1306600733041]
12, 6, 0.5067389517, [3.6501323751203, -48.317298826067315]
12, 7, 0.4026885062, [0.4496747403288288, -48.16541952017639]
12, 8, 0, [4.215649392035464, -50.272939684690634]
12, 9, 0, [4.837286611251083, -50.272939684690634]
13, 0, 0.9420195487, [2.798577064578524, -51.329069636219494]
13, 1, 0.9385620625, [2.798577064578524, -48.97601116434776]
13, 2, 0.9073335627, [2.2689642792467177, -46.81104437169922]
13, 3, 0.906230081, [2.2689642792467177, -48.01568076475084]
13, 4, 0.8985987555, [2.2689642792467177, -51.115700098803366]
13, 5, 0.3510118603, [0.33233385797666415, -49.455555826672295]
13, 6, 0.2710969968, [0.08508982040794955, -51.329069636219494]
13, 7, 0, [6.235591068194983, -57.19252056379961]
13, 8, 0, [5.082868197052063, -48.626912549743864]
13, 9, 0, [4.61236888560007, -51.329069636219494]
14, 0, 0.9420195487, [2.798577064578524, -51.329069636219494]
14, 1, 0.9342718245, [2.798577064578524, -54.41682438345148]
14, 2, 0.9216314066, [3.038261114341089, -49.714610642706575]
14, 3, 0.9070290207, [2.2689642792467177, -47.270720865760225]
14, 4, 0.8532449776, [3.3205479980943524, -50.3923127314459]
14, 5, 0.8317424857, [1.8200516714578665, -49.72517947525205]
14, 6, 0.2387467755, [-1.4443334957493366, -49.80027449398792]
14, 7, 0.2367343931, [-2.509439276288201, -50.15254040028363]
14, 8, 0, [6.637613853529967, -53.77714914665001]
14, 9, 0, [4.694506785879403, -57.07272690170337]
15, 0, 0.9420195487, [2.798577064578524, -51.329069636219494]
15, 1, 0.9378164102, [2.8711851887142466, -51.24876479909496]
15, 2, 0.9152510424, [2.357167724369773, -47.602268066002395]
15, 3, 0.9130935638, [3.0706597034660277, -48.41606503663403]
15, 4, 0.9110497658, [2.798577064578524, -58.520131085615745]
15, 5, 0.9053085446, [2.5831955807762643, -56.3587155050112]
15, 6, 0.8725090344, [2.129745539614675, -52.130085833449584]
15, 7, 0.7265667174, [1.3287692409555778, -44.61499859973365]
15, 8, 0.4371019093, [0.4123153917486906, -43.54086241130807]
15, 9, 0, [5.023040004243285, -56.93362724997559]
16, 0, 0.9420195487, [2.798577064578524, -51.329069636219494]
16, 1, 0.9370339501, [2.798577064578524, -47.16183897953529]
16, 2, 0.9358763589, [2.61417645654201, -51.59335751392857]
16, 3, 0.9278682391, [2.61417645654201, -53.506345086312194]
16, 4, 0.8531792938, [2.4755457357207784, -58.955941472969656]
16, 5, 0.4137633201, [0.6522021696771709, -52.07507973994605]
16, 6, 0.2436533672, [-1.2693063346577933, -49.23385326646526]
16, 7, 0.2275667826, [-0.47385337976159425, -50.818378314133724]
16, 8, 0.1969214926, [-0.021216609949358922, -54.901253980991626]
16, 9, 0, [6.664076404318218, -49.201813345096745]
17, 0, 0.9420195487, [2.798577064578524, -51.329069636219494]
17, 1, 0.9382611438, [2.798577064578524, -49.274931091422275]
17, 2, 0.9101292679, [2.9155262870062995, -59.69914078320457]
17, 3, 0.90609874, [2.3113514303666687, -51.06850256725014]
17, 4, 0.8839878369, [2.126637470417423, -50.29908437583843]
17, 5, 0.8813489298, [2.0482140027419877, -47.16183897953529]
17, 6, 0.3125671033, [0.5294841125883147, -54.98061327012055]
17, 7, 0.2657692588, [-1.2217385474951041, -47.16183897953529]
17, 8, 0, [8.184321865298296, -52.01161921948058]
17, 9, 0, [4.274234059104909, -51.329069636219494]
18, 0, 0.9420195487, [2.798577064578524, -51.329069636219494]
18, 1, 0.9413921164, [2.798577064578524, -50.38715480435148]
18, 2, 0.8214518172, [1.8056084938410937, -50.677416636014115]
18, 3, 0.7887965366, [1.7343841914896425, -51.6726223184261]
18, 4, 0.5412711273, [0.9468025231149633, -49.31644012991121]
18, 5, 0.174332931, [-2.4742796982766952, -56.213999475657424]
18, 6, 0, [5.086503578439999, -49.59112675724325]
18, 7, 0, [5.024253585635812, -54.93998278876905]
18, 8, 0, [3.810557808633125, -50.19290374075929]
18, 9, 0, [3.791400302514809, -53.508652726284645]
19, 0, 0.9420195487, [2.798577064578524, -51.49317873221246]
19, 1, 0.9420195487, [2.798577064578524, -51.329069636219494]
19, 2, 0.9058284115, [2.513608390277916, -54.846502130935775]
19, 3, 0.9007180978, [2.3020927792098087, -51.823195738963335]
19, 4, 0.8818227669, [2.1239703457412045, -42.047140900433114]
19, 5, 0.8665704433, [3.2854180893069733, -56.69737775683555]
19, 6, 0.5655621773, [1.1278232562722268, -51.329069636219494]
19, 7, 0.5530960128, [1.0884798766245707, -51.08523895592534]
19, 8, 0.5494772794, [1.3762055084780285, -57.494970348437604]
19, 9, 0.1780231893, [-0.6024096865398025, -55.51025927437299]
20, 0, 0.9420195487, [2.798577064578524, -51.392449210771375]
20, 1, 0.9420195487, [2.798577064578524, -51.42811949518692]
20, 2, 0.9420195487, [2.798577064578524, -51.49317873221246]
20, 3, 0.9353173463, [2.798577064578524, -53.72299280999368]
20, 4, 0.8983455484, [2.3030905666938226, -52.31004632654519]
20, 5, 0.47532792, [1.05063375026962, -54.03803623124047]
20, 6, 0.2730501361, [0.16557142200526398, -52.11705305742213]
20, 7, 0.2718179097, [-0.9830401316494881, -46.45938955597983]
20, 8, 0.2343356013, [-1.3218911341597015, -50.11366655146803]
20, 9, 0, [4.42953300515636, -46.0812958332884]
21, 0, 0.9420195487, [2.798577064578524, -51.49317873221246]
21, 1, 0.9420195487, [2.798577064578524, -51.392449210771375]
21, 2, 0.9416964968, [2.798577064578524, -51.846744474273905]
21, 3, 0.9405363754, [2.798577064578524, -52.575556152590295]
21, 4, 0.8544301993, [2.0397752315020656, -52.575556152590295]
21, 5, 0.8022725845, [1.638630829557221, -46.93309691600017]
21, 6, 0.6247590795, [1.2255238300029212, -51.08484558243548]
21, 7, 0.2302494556, [-5.1122055377792455, -51.869082910866055]
21, 8, 0, [4.637383624624378, -52.41312654578782]
21, 9, 0, [5.084578531793226, -53.322438294923934]
22, 0, 0.9420195487, [2.798577064578524, -51.442813971491915]
22, 1, 0.9420195487, [2.798577064578524, -51.49317873221246]
22, 2, 0.9416984377, [2.798577064578524, -51.08805160194814]
22, 3, 0.9342718245, [2.798577064578524, -54.43753940079451]
22, 4, 0.9331076215, [2.798577064578524, -54.73685781274835]
22, 5, 0.9073316458, [2.278950771964408, -47.082861520695616]
22, 6, 0.2399533526, [-2.004262060151279, -49.83882116110983]
22, 7, 0.2239070893, [-2.603062892327761, -51.482962045775224]
22, 8, 0.2149341103, [-1.2993950746537828, -51.937257309277754]
22, 9, 0, [6.223964048311805, -51.45202540467632]
23, 0, 0.9420195487, [2.798577064578524, -51.386450079085805]
23, 1, 0.9420195487, [2.798577064578524, -51.442813971491915]
23, 2, 0.9378308231, [2.798577064578524, -48.654125719635935]
23, 3, 0.9377181568, [2.798577064578524, -48.37280902409582]
23, 4, 0.9374291613, [2.798577064578524, -48.259641620445336]
23, 5, 0.9360059844, [2.798577064578524, -53.559386017997426]
23, 6, 0.5236999168, [0.99744760554342, -51.48545708324229]
23, 7, 0.3659241652, [0.35419208004114466, -48.70941713076708]
23, 8, 0.2049764894, [-1.8424718313477926, -53.029984006779976]
23, 9, 0, [7.431859250917981, -54.43753940079451]
24, 0, 0.9420195487, [2.798577064578524, -51.33984897580821]
24, 1, 0.9420195487, [2.798577064578524, -51.386450079085805]
24, 2, 0.934169835, [2.798577064578524, -53.90978027757078]
24, 3, 0.8800495246, [2.1954174855350623, -52.69554973113708]
24, 4, 0.4215312461, [3.6769322257413863, -54.34541538459035]
24, 5, 0.2201916518, [-0.7669210772620096, -51.41463202528886]
24, 6, 0, [5.517006821661656, -49.7535363404726]
24, 7, 0, [3.8342821424549425, -50.62890343928504]
24, 8, 0, [4.0845318616430415, -57.26449235393498]
24, 9, 0, [4.472389802677307, -54.11306517245066]
25, 0, 0.9420195487, [2.798577064578524, -51.33984897580821]
25, 1, 0.9343666513, [2.798577064578524, -53.87864697944232]
25, 2, 0.9258917791, [2.97769196828054, -53.71636485361372]
25, 3, 0.6157235275, [1.314564223931591, -53.90978027757078]
25, 4, 0.4072163128, [0.2756711824403335, -43.74655341461941]
25, 5, 0.2572053945, [-3.8218065055326416, -48.7640997727546]
25, 6, 0.2049486965, [-0.564147581608939, -52.70362587587655]
25, 7, 0.2036718264, [-4.992349415097552, -54.10661405887727]
25, 8, 0, [4.860402580883724, -51.88636002155596]
25, 9, 0, [6.379975267857253, -56.81170083286051]
26, 0, 0.9420195487, [2.798577064578524, -51.33984897580821]
26, 1, 0.9411908025, [2.8062236883777283, -51.73347231027791]
26, 2, 0.9362068395, [2.888134516429532, -52.52810691471096]
26, 3, 0.9294664825, [2.6246948371739403, -53.475118963318025]
26, 4, 0.9202419149, [2.798577064578524, -56.65840856229139]
26, 5, 0.8441090561, [2.0565706442550575, -53.89421362850655]
26, 6, 0.263705984, [0.28641800645061233, -54.32046759051646]
26, 7, 0.2102556892, [-1.6676548283240393, -52.3840715082995]
26, 8, 0, [7.997165425157581, -54.11223371400474]
26, 9, 0, [4.546467307156851, -51.78530424699089]
27, 0, 0.9420195487, [2.798577064578524, -51.33984897580821]
27, 1, 0.9411908025, [2.8062236883777283, -51.73347231027791]
27, 2, 0.9367436678, [2.756414676801736, -52.92120243669294]
27, 3, 0.8861435281, [2.1610062834748742, -51.09014812043222]
27, 4, 0.7110328773, [1.6927814084949588, -55.6629045256312]
27, 5, 0.523444595, [0.9722713889526617, -51.048382108027226]
27, 6, 0.5043251117, [1.1069692888698635, -53.63473953762753]
27, 7, 0.2098194857, [-1.810155559468131, -52.629469675453166]
27, 8, 0, [4.321494688596864, -51.73347231027791]
27, 9, 0, [9.727712237205832, -51.78094163752567]
28, 0, 0.9420195487, [2.798577064578524, -51.33984897580821]
28, 1, 0.9407046529, [2.77749587069013, -50.33577640644279]
28, 2, 0.9405726289, [2.8024003764781265, -51.93517795261396]
28, 3, 0.5995657753, [3.6091748621399846, -52.13052570625057]
28, 4, 0.2248998712, [-1.5478643543225798, -51.20443410077686]
28, 5, 0.1834640881, [-1.7161467390715979, -55.09530534108536]
28, 6, 0, [5.29314813511416, -52.13052570625057]
28, 7, 0, [6.845557621707032, -48.381437176986545]
28, 8, 0, [5.336486676173979, -51.93653412154828]
28, 9, 0, [6.0652959896233085, -50.207016013913595]
29, 0, 0.9420195487, [2.798577064578524, -51.33984897580821]
29, 1, 0.9394633019, [2.789948123584128, -49.58051784341324]
29, 2, 0.9375787405, [2.816709663359651, -52.866411724781784]
29, 3, 0.8864411454, [2.1361145381264155, -43.21596851899757]
29, 4, 0.8107069719, [1.7876725477557347, -51.33984897580821]
29, 5, 0.4217728652, [0.6253563551279722, -51.27214153829253]
29, 6, 0.4069666078, [0.5567681305544583, -50.3432986299898]
29, 7, 0.348817919, [0.530674565809266, -52.930337056529666]
29, 8, 0.2685280834, [-3.898176120311866, -47.626391417297185]
29, 9, 0.2356622395, [-5.665953585377362, -51.28459887869803]
30, 0, 0.9420195487, [2.798577064578524, -51.33984897580821]
30, 1, 0.9415125991, [2.801636964160885, -51.34252787616415]
30, 2, 0.9385004219, [2.7895943484502945, -49.24293735905587]
30, 3, 0.9328252077, [2.798577064578524, -45.81816103338312]
30, 4, 0.7811485983, [3.417624703885061, -42.013859541094654]
30, 5, 0, [9.468728272831084, -57.56553323978592]
30, 6, 0, [5.869929593333507, -52.600772467740335]
30, 7, 0, [7.73885733522272, -47.78215739238509]
30, 8, 0, [4.520307267287279, -49.029534826007236]
30, 9, 0, [4.132551402948415, -43.66703848269808]
