0, 0, 0.9501036064, [1.5767263688984465, -59.10608341685789]
0, 1, 0.9006655923, [1.0626026142919174, -53.30367785553532]
0, 2, 0.8793896395, [0.8715421771424384, -42.32202948372274]
0, 3, 0.876199718, [0.8652329118126117, -44.839341356899126]
0, 4, 0.7776031881, [2.337993794602593, -59.249677343319995]
0, 5, 0.7518980215, [2.3745955322283314, -43.6517555819035]
0, 6, 0.5862406931, [2.6776492495740434, -39.69901537731266]
0, 7, 0.4310868434, [2.933006598372393, -59.80503720965817]
0, 8, 0.3663870903, [0.1928758938935227, -54.034870479400546]
0, 9, 0, [3.222628486966959, -57.391835021117515]
1, 0, 0.9674737523, [1.401270694707231, -52.35429020282067]
1, 1, 0.9607703194, [1.3196644915951818, -55.420787798597196]
1, 2, 0.9596344281, [1.4709805013588744, -46.9917737234064]
1, 3, 0.9569045005, [1.4870065908548062, -59.10608341685789]
1, 4, 0.9501036064, [1.5767263688984465, -59.10608341685789]
1, 5, 0.9501036064, [1.5767263688984465, -59.10608341685789]
1, 6, 0.3021383171, [-2.0657605146187574, -44.13202902048637]
1, 7, 0.2308608196, [-3.9542137844892773, -52.14747631005178]
1, 8, 0, [3.4241766132555425, -44.316109174305595]
1, 9, 0, [6.608963046992745, -46.99283511622088]
2, 0, 0.9674737523, [1.401270694707231, -52.35429020282067]
2, 1, 0.9674737523, [1.401270694707231, -52.35429020282067]
2, 2, 0.9367145645, [1.2566968335467537, -41.60386843918205]
2, 3, 0.9337518161, [1.118303330586919, -51.078075736866865]
2, 4, 0.8536208885, [0.827241651365466, -47.17441454850381]
2, 5, 0.6205762096, [0.5582042666888317, -53.96044915813593]
2, 6, 0.5864041379, [0.3932945106734469, -50.533472294407034]
2, 7, 0.473305915, [0.40174561000216613, -55.79315124874769]
2, 8, 0.2503676665, [-1.5869875856795972, -49.15466656203184]
2, 9, 0.1954369584, [-0.5209387311725968, -53.887539000708934]
3, 0, 0.9674737523, [1.401270694707231, -52.35429020282067]
3, 1, 0.9674737523, [1.401270694707231, -52.35429020282067]
3, 2, 0.9495379395, [1.6729750043126665, -50.86032674859783]
3, 3, 0.9365555946, [1.118303330586919, -45.554918419505164]
3, 4, 0.9147082631, [1.3289837641269924, -40.03056527768681]
3, 5, 0.769037985, [0.6633266937545126, -46.979079321001365]
3, 6, 0.7632688472, [0.7981191724539674, -54.6140020120445]
3, 7, 0.6837537289, [0.6161016694323302, -52.35429020282067]
3, 8, 0.2243179032, [-0.7402537155520132, -51.238878729754845]
3, 9, 0.1976307946, [-0.1604646352034731, -54.108725136936854]
4, 0, 0.9674737523, [1.401270694707231, -52.35429020282067]
4, 1, 0.9672420177, [1.4540389257691393, -53.22086644381394]
4, 2, 0.965196209, [1.401270694707231, -54.62420181672627]
4, 3, 0.9624143455, [1.401270694707231, -49.29339350057043]
4, 4, 0.9614802837, [1.5009793842198293, -49.96333029685344]
4, 5, 0.9550877082, [1.1823346161637038, -51.56681789612549]
4, 6, 0.9539059581, [1.5009793842198293, -45.71275340690455]
4, 7, 0.9516242388, [1.401270694707231, -58.99909271033688]
4, 8, 0.7481753548, [0.7224802706249593, -52.35429020282067]
4, 9, 0.3418511485, [3.0729540083568425, -53.983691840483154]
5, 0, 0.9680724778, [1.4276548102381852, -51.205052392562706]
5, 1, 0.9674737523, [1.401270694707231, -52.35429020282067]
5, 2, 0.9660252387, [1.4518388814239547, -50.75916519601651]
5, 3, 0.9623925179, [1.401270694707231, -49.07531043497471]
5, 4, 0.957234106, [1.515227170523913, -56.900494562997324]
5, 5, 0.9567695833, [1.401270694707231, -46.07080479886602]
5, 6, 0.744799446, [2.4162779603615405, -53.98654950392708]
5, 7, 0.6219442982, [2.6477334888876882, -51.515467097608735]
5, 8, 0.2256498671, [-0.349740601399138, -51.15881024983706]
5, 9, 0, [3.6724443246675786, -53.4145383595823]
6, 0, 0.9682050427, [1.414462752472708, -51.77967129769169]
6, 1, 0.9680724778, [1.4276548102381852, -51.205052392562706]
6, 2, 0.9601991387, [1.4276548102381852, -55.97505960200622]
6, 3, 0.9596446904, [1.401270694707231, -47.21392931424918]
6, 4, 0.9408291639, [1.1403138912900288, -51.58797126100648]
6, 5, 0.7636675135, [0.6841211939150716, -49.07531043497471]
6, 6, 0.6316484324, [0.5864830786694234, -54.182865496087594]
6, 7, 0.2534065441, [-4.664282482432142, -50.14018141376871]
6, 8, 0.2059064408, [-4.644388233238667, -54.4781347358362]
6, 9, 0, [4.590881823932058, -51.22198493763466]
7, 0, 0.9682050427, [1.414462752472708, -51.77967129769169]
7, 1, 0.9680724778, [1.4276548102381852, -51.205052392562706]
7, 2, 0.9611812295, [1.4880338852533532, -48.943462076569666]
7, 3, 0.9439799764, [1.1433804758079802, -49.85368174648467]
7, 4, 0.8484834444, [2.1076668302104777, -49.49680030597044]
7, 5, 0.5730366178, [2.7368475022718153, -52.226252102018016]
7, 6, 0.5370353705, [2.7870941091533594, -50.87761838304065]
7, 7, 0.4182579133, [2.957025059751372, -51.63295389365522]
7, 8, 0.1301931186, [-1.1363824227501602, -60.39632997277408]
7, 9, 0, [5.030158404804584, -50.01345955460574]
8, 0, 0.9682050427, [1.414462752472708, -51.77967129769169]
8, 1, 0.9662573771, [1.278921614140344, -53.03095720546202]
8, 2, 0.9659599324, [1.4512483188630307, -50.361566687130676]
8, 3, 0.9642014671, [1.3157071805306666, -49.456124270135604]
8, 4, 0.8415113259, [2.1389590437333887, -50.81667652208818]
8, 5, 0.7604233237, [0.6326833281251383, -46.50871548122445]
8, 6, 0.4995267289, [2.8587375311603287, -54.47452840377722]
8, 7, 0.2442580609, [-0.9486651459017894, -49.39857191152717]
8, 8, 0, [3.2706401551238033, -51.438280982884876]
8, 9, 0, [4.722117803888375, -50.52936706952369]
9, 0, 0.9682050427, [1.414462752472708, -51.77967129769169]
9, 1, 0.9679405446, [1.4171246397783102, -51.607307789991516]
9, 2, 0.955980864, [1.4328555356678694, -45.76512081341885]
9, 3, 0.9146707694, [1.0459476277193036, -49.54993518976186]
9, 4, 0.8186870486, [2.2270767982161215, -49.84752838491142]
9, 5, 0.5648044359, [0.2773886207819023, -46.30842641554556]
9, 6, 0.2414712703, [-0.3120334652973764, -49.90884547863314]
9, 7, 0.2379990519, [-1.843431095668509, -50.361566687130676]
9, 8, 0.2359677786, [-4.343802321806006, -51.77967129769169]
9, 9, 0.231381424, [-2.5703217814732895, -51.421541027745135]
10, 0, 0.9682050427, [1.414462752472708, -51.77967129769169]
10, 1, 0.9682050427, [1.414462752472708, -51.77967129769169]
10, 2, 0.9679405446, [1.4171246397783102, -51.607307789991516]
10, 3, 0.9679405446, [1.4171246397783102, -51.607307789991516]
10, 4, 0.9534390292, [1.4343207453244038, -58.638078202695795]
10, 5, 0.9523484244, [1.6199698559590554, -54.44354997045911]
10, 6, 0.93873836, [1.4185898494348446, -66.72778529074535]
10, 7, 0.8528815658, [2.0905902073260907, -53.77771999580705]
10, 8, 0, [4.879006047113892, -52.747853123721]
10, 9, 0, [3.424883625528384, -50.81359984130155]
11, 0, 0.9682050427, [1.414462752472708, -51.77967129769169]
11, 1, 0.9657493154, [1.414462752472708, -50.72354134616283]
11, 2, 0.8948993752, [1.9280787334716427, -53.96159417596709]
11, 3, 0.3799111293, [0.1128008069464781, -49.677611180690775]
11, 4, 0.3773634689, [3.01043988143271, -51.77967129769169]
11, 5, 0.2654278737, [-0.7276577140123983, -47.10853441337771]
11, 6, 0.1707584693, [-0.8330354084017197, -56.46636808897138]
11, 7, 0, [3.20737266147549, -59.65610810583556]
11, 8, 0, [6.054019178477009, -49.64574761150063]
11, 9, 0, [3.243718120232299, -53.735115997408315]
12, 0, 0.9682050427, [1.414462752472708, -51.77967129769169]
12, 1, 0.9520759742, [1.6458023377524253, -51.77967129769169]
12, 2, 0.9416266797, [1.2174344487372373, -56.454153366810644]
12, 3, 0.8806828623, [1.9683750044133836, -50.97661521557588]
12, 4, 0.8604761628, [2.0489101707820625, -50.15219779865975]
12, 5, 0.5158022135, [2.8315350799296475, -50.72354134616283]
12, 6, 0.2537539721, [-0.32948867787721436, -48.615046604931095]
12, 7, 0.2516784514, [-0.9344395717769873, -48.61602118164859]
12, 8, 0, [3.6448872997420643, -51.20832775018861]
12, 9, 0, [3.453172299145267, -50.72354134616283]
13, 0, 0.9682050427, [1.414462752472708, -51.77967129769169]
13, 1, 0.9627699155, [1.414462752472708, -49.42661282581996]
13, 2, 0.9147613581, [1.847356254267244, -50.965934548175724]
13, 3, 0.9144358178, [1.847356254267244, -54.06595388222825]
13, 4, 0.9127339022, [1.847356254267244, -49.7612981551241]
13, 5, 0.2234877715, [-0.08927416700280966, -52.40580961009718]
13, 6, 0.220431824, [-1.2990244916978666, -51.77967129769169]
13, 7, 0, [4.851476756089168, -57.64312222527181]
13, 8, 0, [3.6987538849462474, -49.07751421121606]
13, 9, 0, [3.228254573494253, -51.77967129769169]
14, 0, 0.9682050427, [1.414462752472708, -51.77967129769169]
14, 1, 0.9649590388, [1.414462752472708, -54.867426044923675]
14, 2, 0.9489818218, [1.6541468022352728, -50.16521230417877]
14, 3, 0.9155949205, [1.847356254267244, -53.320993983237635]
14, 4, 0.84875263, [0.9171905029152213, -52.975616864726845]
14, 5, 0.7454973596, [2.417686829551707, -52.092740453894436]
14, 6, 0.3439569738, [3.068486777728169, -51.7462833540241]
14, 7, 0.2499191685, [-2.347194664291982, -49.34837435288439]
14, 8, 0.2469742573, [-3.8935535883940173, -50.603142061755825]
14, 9, 0, [5.734752684987322, -55.47757686909855]
15, 0, 0.9682050427, [1.414462752472708, -51.77967129769169]
15, 1, 0.9669812879, [1.4870708766084304, -51.699366460567155]
15, 2, 0.9662146127, [1.4543065558271284, -50.8527054554772]
15, 3, 0.9527156467, [1.414462752472708, -58.97073274708794]
15, 4, 0.9507492917, [1.22688437107203, -55.38052322292439]
15, 5, 0.9442295075, [1.6865453913602115, -48.86666669810623]
15, 6, 0.9330426974, [1.1990812686704482, -56.809317166483396]
15, 7, 0.724162263, [2.4579215159977066, -47.53900340006487]
15, 8, 0.3138704946, [-0.055345071150238345, -45.06560026120585]
15, 9, 0, [3.638925692137469, -57.38422891144779]
16, 0, 0.9682050427, [1.414462752472708, -51.77967129769169]
16, 1, 0.9671427711, [1.4706887162177793, -53.44387703940207]
16, 2, 0.9645373489, [1.4706887162177793, -55.356864611785696]
16, 3, 0.9610019605, [1.5505557352325838, -51.1499469502062]
16, 4, 0.9600897004, [1.414462752472708, -47.61244064100749]
16, 5, 0.2486416703, [-2.6534206467636094, -49.68445492793745]
16, 6, 0.2283440387, [-1.8579676918674104, -51.26897997560592]
16, 7, 0.2129066105, [-0.760251953500787, -52.211735685559766]
16, 8, 0.181543251, [-1.405330922055175, -55.351855642463825]
16, 9, 0, [5.2799620922124015, -49.652415006568944]
17, 0, 0.9682050427, [1.414462752472708, -51.77967129769169]
17, 1, 0.9675772209, [1.4425757343452437, -52.64125095209176]
17, 2, 0.94554992, [1.6953984742164856, -56.169600302900584]
17, 3, 0.8495036561, [0.9553501001333884, -54.43482242791963]
17, 4, 0.7839063077, [0.7425231583116068, -50.74968603731063]
17, 5, 0.7361458188, [0.720325654381243, -53.44387703940207]
17, 6, 0.4764653303, [2.890119746999093, -51.77967129769169]
17, 7, 0.2079383609, [-0.662237583686615, -52.62339481524304]
17, 8, 0.2067009073, [-2.549626895855849, -53.44387703940207]
17, 9, 0, [8.941928520588519, -57.15474161105197]
18, 0, 0.9682050427, [1.414462752472708, -51.77967129769169]
18, 1, 0.9657777225, [1.4425757343452437, -53.75347466502097]
18, 2, 0.736340174, [2.4404999874635767, -52.10136450183013]
18, 3, 0.6991763644, [2.5033357310032622, -53.427042416467394]
18, 4, 0.59593842, [2.6944980899627957, -51.82289563541621]
18, 5, 0.5748213681, [0.4355506726715457, -52.58587739708496]
18, 6, 0.5066570403, [0.3643263703200945, -53.58108307949694]
18, 7, 0.2249578076, [-0.4232552980545847, -51.22490089098205]
18, 8, 0.1873246583, [-3.762344269788242, -56.13238916584017]
18, 9, 0, [3.716445757270451, -51.499587518314094]
19, 0, 0.9682050427, [1.414462752472708, -51.77967129769169]
19, 1, 0.9675826288, [1.4121514412420921, -52.12356553878554]
19, 2, 0.9675772209, [1.4344620515300135, -52.848920996525095]
19, 3, 0.8934072895, [1.9271054478430771, -60.24348276260592]
19, 4, 0.8878468439, [1.9415378609044103, -54.21832960220608]
19, 5, 0.8370099856, [2.1530534719725174, -57.24163599417852]
19, 6, 0.6657760117, [2.567499038713186, -59.46017203409811]
19, 7, 0.6206141515, [0.6313873846204334, -55.90177383393554]
19, 8, 0.2211704225, [-0.29563443548124546, -51.53584061739754]
19, 9, 0.2194243455, [-0.25629105583358935, -51.77967129769169]
20, 0, 0.9682050427, [1.414462752472708, -51.77967129769169]
20, 1, 0.9677810138, [1.4145572667283357, -51.909191696531266]
20, 2, 0.9675826288, [1.4122459554977198, -52.21741565320957]
20, 3, 0.9657342644, [1.4121514412420921, -54.517488712559725]
20, 4, 0.8499481649, [0.9178205989726984, -52.85054056056783]
20, 5, 0.2645777589, [3.1979026797295003, -45.30780609681916]
20, 6, 0.2367867157, [-2.7083167574961333, -50.90816245403408]
20, 7, 0.1896928384, [-0.3346362174515043, -54.57853046526311]
20, 8, 0.1595452022, [-1.434277552634993, -57.68122865967952]
20, 9, 0, [6.210892616312075, -52.314296147108394]
21, 0, 0.9682050427, [1.414462752472708, -51.77967129769169]
21, 1, 0.9676327591, [1.413354353985214, -53.213340204545496]
21, 2, 0.9675826288, [1.4122459554977198, -52.21741565320957]
21, 3, 0.9675669836, [1.4145100096005219, -52.28089161840624]
21, 4, 0.7671484074, [2.3753602618458007, -52.21741565320957]
21, 5, 0.6950604701, [0.6545052637809414, -53.14858000512571]
21, 6, 0.5286808605, [0.2534081189639108, -47.57088096795537]
21, 7, 0.2356024576, [-6.496850420564902, -52.37986612854955]
21, 8, 0.2246068615, [-0.159746137718203, -51.65786943497089]
21, 9, 0, [3.2533165696463753, -52.84727368992015]
22, 0, 0.9683558133, [1.414462752472708, -51.426070189526236]
22, 1, 0.9682050427, [1.414462752472708, -51.77967129769169]
22, 2, 0.967830491, [1.413908553228961, -52.49650575111859]
22, 3, 0.9657159789, [1.4145138680175098, -54.34167951168415]
22, 4, 0.9647590734, [1.413354353985214, -54.766121273001964]
22, 5, 0.8831732193, [0.8948364598585918, -47.320150586832625]
22, 6, 0.2499912344, [-3.388372513840107, -50.024799959708915]
22, 7, 0.2337352002, [-3.987208351454194, -51.86688656451922]
22, 8, 0.2219316914, [-2.6857573307552043, -52.3046309200371]
22, 9, 0, [4.839295536962242, -52.505717184302995]
23, 0, 0.9683558133, [1.414462752472708, -51.426070189526236]
23, 1, 0.9682050427, [1.4146803425366195, -51.74305224390844]
23, 2, 0.9662356886, [1.414488310245109, -53.65470235618186]
23, 3, 0.9645903508, [1.413908553228961, -50.06257986880639]
23, 4, 0.963674152, [1.4141261432928725, -49.85137277260968]
23, 5, 0.96083919, [1.414462752472708, -48.24289783847966]
23, 6, 0.2366771922, [-1.0304764313084185, -50.11787127993753]
23, 7, 0.2223081091, [-0.3866667065623961, -51.46871330127661]
23, 8, 0.2152843775, [-3.2265605856812076, -53.12530034496441]
23, 9, 0, [6.047796054356967, -54.34167951168415]
24, 0, 0.9683558133, [1.414462752472708, -51.426070189526236]
24, 1, 0.9654547558, [1.4146803425366195, -54.2100185499873]
24, 2, 0.9564666129, [1.4146227901739934, -56.917899388992055]
24, 3, 0.8277519463, [0.8113031734292463, -50.02893375039535]
24, 4, 0.7932352583, [2.293169983628366, -55.2231274336448]
24, 5, 0.7319965735, [2.4501678303491263, -50.640341603522415]
24, 6, 0.5890593665, [2.7004175495372253, -57.27593051817236]
24, 7, 0.3259623606, [3.0882754905714904, -51.446449191708936]
24, 8, 0.2277651932, [-2.151035389367826, -51.426070189526236]
24, 9, 0, [4.13289250955584, -49.764974504709976]
25, 0, 0.9683558133, [1.414462752472708, -51.426070189526236]
25, 1, 0.9626116362, [1.4145427713233507, -55.425817142011965]
25, 2, 0.9567732711, [1.593577656174724, -52.42616747010187]
25, 3, 0.313043919, [-1.1084431296654826, -42.456356031107575]
25, 4, 0.253325159, [-5.205840798787815, -50.31126993532424]
25, 5, 0.2418161148, [-1.948261893714755, -50.03700989513482]
25, 6, 0.1860508981, [-6.376303689502083, -57.11473317029854]
25, 7, 0.1769829973, [-0.06939005047293989, -56.917899388992055]
25, 8, 0, [3.476288268777908, -50.59616263804411]
25, 9, 0, [4.996020993452722, -59.81981994428178]
26, 0, 0.9683558133, [1.414462752472708, -51.426070189526236]
26, 1, 0.965353241, [1.5040202043237159, -51.92611882981406]
26, 2, 0.9606882864, [1.2406205344934456, -53.60360535284692]
26, 3, 0.9547493039, [1.4145027618980293, -57.47510425043522]
26, 4, 0.855962598, [1.427462446028661, -36.484342073997965]
26, 5, 0.421593086, [0.15304982082893404, -48.94108658655977]
26, 6, 0.284277774, [3.162393004476356, -51.91379063651978]
26, 7, 0.2478371131, [-1.6171028169755113, -49.36734054856968]
26, 8, 0.2294022165, [-3.0517691404298555, -51.7820834234026]
26, 9, 0, [6.613091122477085, -54.92892940214857]
27, 0, 0.9683558133, [1.414462752472708, -51.426070189526236]
27, 1, 0.965353241, [1.5040202043237159, -51.92611882981406]
27, 2, 0.9606844496, [1.3275616481957373, -55.45894429931951]
27, 3, 0.7078488289, [0.6451921364539227, -51.67100794635921]
27, 4, 0.4401232851, [0.34962251041504433, -55.802338392258285]
27, 5, 0.3746123181, [3.019291204542852, -51.92611882981406]
27, 6, 0.2212981289, [-3.290576980062948, -52.72852533577769]
27, 7, 0.2202896261, [-0.5435427580682899, -51.62924193395422]
27, 8, 0.1980162587, [-0.23618960921005105, -53.77417340425462]
27, 9, 0, [8.32920164466282, -51.986422603668316]
28, 0, 0.9700909368, [1.3710122003342227, -51.64775794461509]
28, 1, 0.9683558133, [1.414462752472708, -51.426070189526236]
28, 2, 0.9677697964, [1.459241478398212, -52.07461181924105]
28, 3, 0.8264132739, [2.2026911917840772, -53.44250724442287]
28, 4, 0.2307452113, [-2.9978285838859637, -51.53797462059937]
28, 5, 0.1923925306, [-3.059305637151512, -55.234739207712444]
28, 6, 0, [3.886664464758253, -53.44250724442287]
28, 7, 0, [5.461443309601217, -48.46765839070457]
28, 8, 0, [3.9523723640681627, -52.022755335266304]
28, 9, 0, [4.658812319267401, -51.51899755208589]
29, 0, 0.9700909368, [1.3710122003342227, -51.64775794461509]
29, 1, 0.9697983846, [1.377945116455808, -53.18713646909649]
29, 2, 0.964338486, [1.4368521154354599, -50.1953816682685]
29, 3, 0.8145434111, [0.7085496738821142, -43.52387748780445]
29, 4, 0.54705031, [0.3601076835114332, -51.64775794461509]
29, 5, 0.2741280291, [-5.251272128460534, -48.241255242152455]
29, 6, 0.2455890143, [-7.104718132281205, -51.60532362301273]
29, 7, 0.2317458596, [-0.8819964163493844, -50.664023374304506]
29, 8, 0.2307115425, [-3.048139872472396, -51.6775013989175]
29, 9, 0.2198700951, [-0.8134081917758705, -51.59286628260723]
30, 0, 0.9707999657, [1.373470674341492, -51.65010192728056]
30, 1, 0.9702161433, [1.3776608760918556, -52.7775886334232]
30, 2, 0.9700909368, [1.3710122003342227, -51.64775794461509]
30, 3, 0.9588812781, [1.3710122003342227, -46.12607000218999]
30, 4, 0.8523620259, [1.9900598396407596, -42.32176850990153]
30, 5, 0.5848428795, [2.704986538704114, -43.97494745150496]
30, 6, 0.5329928638, [2.8009438223380636, -51.616274706212245]
30, 7, 0.3251885254, [3.0928119378128587, -49.265476443498194]
30, 8, 0, [8.048944337144773, -59.52279703703098]
30, 9, 0, [4.450145657647196, -54.5580362649854]
