0, 0, 0.871268269, [0.8715421771424384, -42.32202948372274]
0, 1, 0.8709476827, [0.8652329118126117, -44.839341356899126]
0, 2, 0.8372971643, [1.0626026142919174, -53.30367785553532]
0, 3, 0.7722089478, [0.1928758938935227, -54.034870479400546]
0, 4, 0.7699498964, [1.5767263688984465, -59.10608341685789]
0, 5, 0.5907950872, [2.337993794602593, -59.249677343319995]
0, 6, 0.5817453667, [2.3745955322283314, -43.6517555819035]
0, 7, 0, [2.6776492495740434, -39.69901537731266]
0, 8, 0, [3.222628486966959, -57.391835021117515]
0, 9, 0, [2.933006598372393, -59.80503720965817]
1, 0, 0.871268269, [0.8715421771424384, -42.32202948372274]
1, 1, 0.8697367137, [0.8715421771424384, -41.53793664612333]
1, 2, 0.8535355101, [1.0455239661643139, -45.220919172841285]
1, 3, 0.8435613573, [0.972882836248277, -53.30367785553532]
1, 4, 0.8372971643, [1.0626026142919174, -53.30367785553532]
1, 5, 0.788476657, [1.4709805013588744, -46.9917737234064]
1, 6, 0.3440891568, [-4.309960513032195, -45.01410528007239]
1, 7, 0.341161659, [-2.0657605146187574, -44.13202902048637]
1, 8, 0, [3.4241766132555425, -44.316109174305595]
1, 9, 0, [6.608963046992745, -46.99283511622088]
2, 0, 0.8714099951, [0.8186906528578317, -42.86672201046907]
2, 1, 0.871268269, [0.8715421771424384, -42.32202948372274]
2, 2, 0.871268269, [0.8715421771424384, -42.32202948372274]
2, 3, 0.8639189056, [0.8715421771424384, -40.427520180103876]
2, 4, 0.8619271113, [0.4988742948089362, -40.37444942511676]
2, 5, 0.6235092033, [0.02847574912403905, -43.928188439037996]
2, 6, 0.4563039009, [-0.06737744927365807, -39.6843292637853]
2, 7, 0.3505056216, [-2.0645801120592737, -43.253108927200316]
2, 8, 0.3321890301, [-1.0098641471813647, -41.929983064923036]
2, 9, 0.3236565713, [-0.0758469163775104, -49.891593613916164]
3, 0, 0.8714099951, [0.8186906528578317, -42.86672201046907]
3, 1, 0.8686256023, [0.8451164150001351, -42.5943757470959]
3, 2, 0.8431095076, [1.1168207246055706, -41.10041229287306]
3, 3, 0.8420173808, [0.24196489274687139, -44.85408755631973]
3, 4, 0.8215574986, [0.17945934462765534, -42.5943757470959]
3, 5, 0.8200209446, [0.8451164150001351, -35.64586170378135]
3, 6, 0.8061399476, [0.8715421771424384, -34.904362862742175]
3, 7, 0.6329109046, [0.03352162758293087, -42.86672201046907]
3, 8, 0.3527724511, [-1.2964079952591092, -41.478964274030076]
3, 9, 0.2860751885, [-0.7430446770528725, -44.62115694458525]
4, 0, 0.8736768945, [0.8186906528578317, -45.13663362437467]
4, 1, 0.8714099951, [0.8186906528578317, -42.86672201046907]
4, 2, 0.8708943034, [0.648140034616613, -42.11470141374671]
4, 3, 0.8701997784, [0.8765910834227109, -43.60404251485203]
4, 4, 0.8698996655, [0.578461011674972, -42.22234023053675]
4, 5, 0.8696858462, [0.648140034616613, -46.365278303695604]
4, 6, 0.8665211637, [0.8319035339289834, -49.375351386298696]
4, 7, 0.8568584312, [0.8319035339289834, -39.669652176532246]
4, 8, 0.8072449869, [0.15311310984671167, -42.730548878782486]
4, 9, 0.5351705992, [2.490373966507443, -44.49612364813155]
5, 0, 0.8736768945, [0.8186906528578317, -45.13663362437467]
5, 1, 0.8702206699, [0.8765910834227109, -43.38595944925631]
5, 2, 0.8650165576, [0.7626779633267848, -49.421171240615976]
5, 3, 0.8634427962, [0.8765910834227109, -40.38145381314762]
5, 4, 0.8624216677, [0.8173096702603373, -40.16216495204449]
5, 5, 0.857582926, [0.7334153437372224, -39.773229974400486]
5, 6, 0.7408129166, [1.7809296874502332, -43.63240507058221]
5, 7, 0.685645562, [2.012385215976381, -41.161322664263864]
5, 8, 0.3183935654, [-1.1022898085962662, -43.67948692745571]
5, 9, 0, [3.1390688048681783, -47.970142956525265]
6, 0, 0.8736768945, [0.8186906528578317, -45.13663362437467]
6, 1, 0.871162189, [0.8476408681402713, -44.26129653681549]
6, 2, 0.8695476669, [0.5313497339096754, -45.51955249281844]
6, 3, 0.8633150188, [0.8186906528578317, -49.90664083381818]
6, 4, 0.8453947685, [0.8765910834227109, -38.52007269242209]
6, 5, 0.8173790693, [0.15944158263055142, -40.38145381314762]
6, 6, 0.5778034013, [0.019661194336986654, -46.664490735211395]
6, 7, 0.3668300607, [-5.231104366764579, -42.75904371876115]
6, 8, 0.3076809417, [-5.25335239061902, -48.40971596764816]
6, 9, 0, [4.0240599395996215, -43.8408472426271]
7, 0, 0.8736768945, [0.8186906528578317, -45.13663362437467]
7, 1, 0.871162189, [0.8476408681402713, -44.26129653681549]
7, 2, 0.8704537126, [0.5633665337100662, -42.909925890737455]
7, 3, 0.8519296974, [1.0648824603949945, -43.75586855206197]
7, 4, 0.7849435976, [1.5184907594783401, -47.52163722909643]
7, 5, 0.6598433436, [2.1476714315396777, -50.251089025144005]
7, 6, 0.5948747871, [2.331890756563057, -40.07265627532861]
7, 7, 0.5135203608, [2.494009097712603, -32.892459869446675]
7, 8, 0.2915326513, [-2.167819940002617, -47.99835450503663]
7, 9, 0, [4.607006979946225, -44.82586603009804]
8, 0, 0.8746724442, [0.6910285932839489, -44.02327975755606]
8, 1, 0.8736768945, [0.8186906528578317, -45.13663362437467]
8, 2, 0.8717899829, [0.8141244970525303, -43.390449580008145]
8, 3, 0.8607514259, [0.9417865566264131, -46.66053177159216]
8, 4, 0.7380611194, [1.8018239862194576, -44.44625108821832]
8, 5, 0.616519654, [2.2708445103039336, -47.6811316392451]
8, 6, 0.4003968465, [-0.12753639745394352, -40.170428551649835]
8, 7, 0.3356789058, [-1.4502478293799257, -43.33289722139971]
8, 8, 0, [2.6827471342674083, -44.64488421835276]
8, 9, 0, [4.3928618251329254, -44.00858254443873]
9, 0, 0.8746937177, [0.6999360930390545, -44.13556459900874]
9, 1, 0.8746724442, [0.6910285932839489, -44.02327975755606]
9, 2, 0.8639819865, [0.3656686372196739, -42.18618086613278]
9, 3, 0.8441483607, [0.7525765451682396, -38.401366489789766]
9, 4, 0.7678078902, [1.5961985888551244, -43.16105962694174]
9, 5, 0.3558853068, [-5.067236480994765, -44.02327975755606]
9, 6, 0.3557683085, [-2.4805549174790094, -43.390449580008145]
9, 7, 0.344814549, [-3.20744560328379, -44.450423920622605]
9, 8, 0.3294429553, [-0.4460455384068568, -38.55203487540993]
9, 9, 0.286550315, [-0.8175556881547534, -45.02549067580016]
10, 0, 0.8746937177, [0.6999360930390545, -44.13556459900874]
10, 1, 0.8746937177, [0.6999360930390545, -44.13556459900874]
10, 2, 0.8746724442, [0.6910285932839489, -44.02327975755606]
10, 3, 0.8746724442, [0.6910285932839489, -44.02327975755606]
10, 4, 0.8686179837, [0.7020241953008608, -48.42585775585495]
10, 5, 0.8667529874, [0.3959733670215793, -45.414601005322154]
10, 6, 0.8653718565, [0.7213333230858544, -49.4992200082223]
10, 7, 0.7968793143, [1.3760635478924372, -46.13361329712409]
10, 8, 0, [4.3021512384095315, -42.72507282396745]
10, 9, 0, [2.7521811911310587, -43.64831211297524]
11, 0, 0.8746937177, [0.6999360930390545, -44.13556459900874]
11, 1, 0.8722124177, [0.6999360930390545, -43.07943464747988]
11, 2, 0.8174587978, [1.213552074037989, -46.31748747728414]
11, 3, 0.6158914563, [2.295913221999056, -44.13556459900874]
11, 4, 0.536158958, [2.4820991548469427, -49.062688843219945]
11, 5, 0.3823171846, [-1.442184373446052, -39.46442771469475]
11, 6, 0.3053262622, [-0.6075105460175293, -42.06354381513157]
11, 7, 0.2751542397, [-1.5405390244403776, -48.44106257451366]
11, 8, 0, [5.339492519043357, -42.00164091281768]
11, 9, 0, [2.5291914607986454, -46.09100929872536]
12, 0, 0.8746937177, [0.6999360930390545, -44.13556459900874]
12, 1, 0.8651145697, [0.9312756783187719, -44.13556459900874]
12, 2, 0.8648101633, [0.45835826432526316, -48.813036839530994]
12, 3, 0.7824442993, [1.4083978454371655, -39.84262304786733]
12, 4, 0.6639122456, [2.117008420495994, -43.07943464747988]
12, 5, 0.3695393553, [-1.648966231210641, -40.97191448296564]
12, 6, 0.3335000576, [-0.8807092624707678, -40.976241726374646]
12, 7, 0, [3.190560907245054, -45.825877243607394]
12, 8, 0, [2.7386456397116135, -43.07943464747988]
12, 9, 0, [8.862295218952504, -44.445179875412634]
13, 0, 0.8746937177, [0.6999360930390545, -44.13556459900874]
13, 1, 0.8720938135, [0.6999360930390545, -41.782506127137005]
13, 2, 0.7836625064, [1.524142049407383, -46.707518957296834]
13, 3, 0.779805799, [1.524142049407383, -43.60749962324431]
13, 4, 0.7761299375, [1.524142049407383, -42.402863230192686]
13, 5, 0.3389853589, [-2.0135511511315203, -44.13556459900874]
13, 6, 0.2760036947, [-0.4124883718626706, -45.047374685165764]
13, 7, 0, [4.136950096655514, -49.999015526588856]
13, 8, 0, [2.9842272255125937, -41.43340751253311]
13, 9, 0, [2.5137279140606, -44.13556459900874]
14, 0, 0.8746937177, [0.6999360930390545, -44.13556459900874]
14, 1, 0.8715667804, [0.6999360930390545, -47.22331934624072]
14, 2, 0.8693097044, [0.3983200707684641, -43.9243363858934]
14, 3, 0.8647241834, [0.9396201428016193, -42.52110560549582]
14, 4, 0.8488657895, [1.098285007770525, -44.13556459900874]
14, 5, 0.7760627228, [1.524142049407383, -42.86253972425369]
14, 6, 0.3768045912, [-2.866065096438739, -41.8471035410772]
14, 7, 0.3657721296, [-4.608080247827671, -42.95903536307287]
14, 8, 0, [4.41535086320614, -47.52040101421285]
14, 9, 0, [3.27277518519, -49.11955594879265]
15, 0, 0.8746937177, [0.6999360930390545, -44.13556459900874]
15, 1, 0.8739484183, [0.7809156900907769, -44.125057892230494]
15, 2, 0.869174571, [0.4390901328094029, -42.695588910167146]
15, 3, 0.8651595344, [0.37252513436091167, -42.332323307463604]
15, 4, 0.8636135443, [0.4845546092367945, -49.16521046780044]
15, 5, 0.8577761529, [0.6999360930390545, -51.32662604840499]
15, 6, 0.7879998127, [0.14510294960581327, -46.86014107491079]
15, 7, 0.365770891, [-0.9632224768185599, -37.18946930472052]
15, 8, 0.3502265093, [-0.7698717305838919, -37.4214935625229]
15, 9, 0, [2.9243990327038154, -49.74012221276484]
16, 0, 0.8746937177, [0.6999360930390545, -44.13556459900874]
16, 1, 0.8697450832, [0.6100029114500899, -47.49115205496234]
16, 2, 0.8691322877, [0.6100029114500899, -45.578164482578714]
16, 3, 0.8602036871, [0.6999360930390545, -39.968333942324534]
16, 4, 0.8483319413, [0.6999360930390545, -54.24443877406898]
16, 5, 0.3718116816, [-3.3637615697392627, -42.075247294427655]
16, 6, 0.3531066379, [-2.572494351301064, -43.62487327692297]
16, 7, 0.3088973171, [-1.338788956806813, -45.202161460440834]
16, 8, 0.2949282275, [-2.1198575814888287, -47.70774894378087]
16, 9, 0, [4.565435432778748, -42.00830830788599]
17, 0, 0.8746937177, [0.6999360930390545, -44.13556459900874]
17, 1, 0.869486078, [0.6549695022445722, -45.842835110530416]
17, 2, 0.8626691619, [0.8265208493416272, -50.19547981675879]
17, 3, 0.8031374161, [0.1677438680327169, -47.636406586358284]
17, 4, 0.6515374983, [2.1755930875654395, -44.13556459900874]
17, 5, 0.6251174676, [0.02799649887795319, -43.10557933862768]
17, 6, 0.3622239626, [-1.5005216191916246, -41.442840756750584]
17, 7, 0.3083400323, [-3.4103127006235385, -47.49115205496234]
17, 8, 0.3025378205, [-0.14036015038644645, -47.49115205496234]
17, 9, 0, [7.922706013921624, -52.837103773980246]
18, 0, 0.8746937177, [0.6999360930390545, -44.13556459900874]
18, 1, 0.8714171198, [0.6549695022445722, -46.95505882345962]
18, 2, 0.7625958003, [1.6750938025154969, -47.040774252615826]
18, 3, 0.7565678184, [1.6894335416964144, -44.880103231707984]
18, 4, 0.7118593912, [1.9068918578621243, -45.024479793854866]
18, 5, 0.3161410243, [-1.1743217438217473, -44.0036396208599]
18, 6, 0.2862250077, [-4.590586198276007, -49.746121001988605]
18, 7, 0.2772528582, [-0.31551577309561685, -45.36461612696281]
18, 8, 0.2615601407, [-0.386740075447068, -46.35982180937479]
18, 9, 0, [2.9653793115032885, -44.278326248191945]
19, 0, 0.8746937177, [0.6999360930390545, -44.13556459900874]
19, 1, 0.8743583629, [0.6962391608965653, -44.626802907056614]
19, 2, 0.8332991997, [1.1650316523800346, -48.288826556818265]
19, 3, 0.8295087673, [1.1381135948305325, -53.592410987998605]
19, 4, 0.8258927769, [0.18819750025442783, -44.35558181272879]
19, 5, 0.8162265304, [0.20738901773746932, -49.192256584802955]
19, 6, 0.7930458768, [1.376547263448142, -51.312132948790705]
19, 7, 0.7367895665, [1.7909928301888107, -53.53066898871029]
19, 8, 0.3116654284, [-1.0101610949148991, -43.891733918714586]
19, 9, 0.3046721521, [-0.9708177152672429, -44.13556459900874]
20, 0, 0.8748739977, [0.7000872681750226, -44.27814032919892]
20, 1, 0.8746937177, [0.6999360930390545, -44.13556459900874]
20, 2, 0.8740703217, [0.6963903360325335, -44.73370835283125]
20, 3, 0.871446801, [0.6962391608965653, -47.0207260808308]
20, 4, 0.8256021726, [0.20260112908310834, -45.280105895361885]
20, 5, 0.8067889278, [0.26899965365417877, -53.74979081101363]
20, 6, 0.3575938825, [-3.4242290378416604, -43.41139982230515]
20, 7, 0.27732772, [-1.0498556873410942, -47.00809580005716]
20, 8, 0.2728791153, [-1.6514055611080738, -48.63135297283174]
20, 9, 0, [2.705924150437684, -39.20570552762427]
21, 0, 0.8748739977, [0.7000872681750226, -44.27814032919892]
21, 1, 0.8742155224, [0.7000116806070386, -44.64331258539859]
21, 2, 0.8740703217, [0.6963903360325335, -44.73370835283125]
21, 3, 0.8718022678, [0.6980876269678099, -45.57814533991977]
21, 4, 0.762756496, [1.6595046423806146, -44.73370835283125]
21, 5, 0.3953550559, [-0.060638618540664546, -45.64943320501486]
21, 6, 0.3525721688, [-7.211770742354338, -44.707835247185315]
21, 7, 0.3251757165, [-0.4618586080534933, -39.935686103329644]
21, 8, 0.2989128692, [-0.874890020039809, -44.15872263486004]
21, 9, 0, [2.5388182406528923, -45.209694656912504]
22, 0, 0.8755137774, [0.7000494743910306, -44.460726457298755]
22, 1, 0.8748739977, [0.7000872681750226, -44.27814032919892]
22, 2, 0.874701925, [0.7000872681750226, -43.92453922103346]
22, 3, 0.870944845, [0.6982388021037781, -47.27350213856642]
22, 4, 0.8707225509, [0.6982508922774141, -47.777086682867726]
22, 5, 0.8274514544, [0.18046097556090646, -39.81861961833985]
22, 6, 0.3699690851, [-4.102588591245176, -42.661422440886184]
22, 7, 0.3531436477, [-4.70160463233411, -44.36890674626026]
22, 8, 0.341762248, [-3.4016337468026205, -44.82447476989259]
22, 9, 0, [4.1254364581243115, -44.46993789048316]
23, 0, 0.8755137774, [0.7000494743910306, -44.460726457298755]
23, 1, 0.8748069296, [0.7000872681750226, -44.1598223790084]
23, 2, 0.8711809952, [0.7000872681750226, -41.49061333872126]
23, 3, 0.8701336751, [0.6991630351394004, -46.369848185376604]
23, 4, 0.8692746484, [0.7000494743910306, -41.277554106252175]
23, 5, 0.8692746484, [0.7000872681750226, -41.19770734611729]
23, 6, 0.3657875286, [-1.744297716362357, -41.545904749852404]
23, 7, 0.3326323345, [-3.9418858607869165, -45.840446174159155]
23, 8, 0.3057546183, [-1.1010799846440735, -44.50336956904913]
23, 9, 0, [5.331520988443235, -47.27350213856642]
24, 0, 0.8755137774, [0.7000494743910306, -44.460726457298755]
24, 1, 0.8750193459, [0.7000872681750226, -44.25500604884364]
24, 2, 0.8705077718, [0.7000872681750226, -46.62678868508727]
24, 3, 0.781075706, [1.5784424293378847, -47.14109324605695]
24, 4, 0.7474006205, [0.09690879223956494, -43.02366663810043]
24, 5, 0.7470081607, [1.735754552267449, -43.674997871294934]
24, 6, 0.6935843115, [1.986004271455548, -50.31058678594488]
24, 7, 0.5829553495, [2.3738811093818093, -44.44118207941401]
24, 8, 0.3458180863, [-2.8654486674495034, -44.460726457298755]
24, 9, 0, [3.418479231474163, -42.799630772482494]
25, 0, 0.8755137774, [0.7000494743910306, -44.460726457298755]
25, 1, 0.870249519, [0.7000683712830267, -46.797589923945836]
25, 2, 0.7721046203, [1.6199406450882046, -47.499575351818926]
25, 3, 0.380459955, [-5.920315198828139, -41.68304271725811]
25, 4, 0.3714210913, [-1.082080140752002, -37.52976391282462]
25, 5, 0.3321957956, [-7.090839211501054, -46.82362246639376]
25, 6, 0.2810077278, [-1.1811226378061166, -47.149169390796416]
25, 7, 0.2688199187, [-0.7839255724719106, -46.62678868508727]
25, 8, 0, [3.502651257691389, -45.669570519761166]
25, 9, 0, [4.281485471453752, -49.528709240377]
26, 0, 0.8755137774, [0.7000494743910306, -44.460726457298755]
26, 1, 0.8666977485, [0.8965648289300239, -46.826195684672385]
26, 2, 0.8658800491, [0.7000589228370286, -49.67831877528842]
26, 3, 0.8549550017, [0.7341620081124898, -39.383516948356394]
26, 4, 0.8320769094, [1.1599950597396176, -45.98015090455884]
26, 5, 0.3490421969, [-4.380276051577002, -44.666570282611886]
26, 6, 0.3465230861, [-2.6101234137725564, -44.24031632060198]
26, 7, 0.328037895, [-3.3957942850139538, -45.83611549814738]
26, 8, 0, [5.898647283416085, -47.13214392700176]
26, 9, 0, [2.818337298912934, -45.13638096834525]
27, 0, 0.8755137774, [0.7000494743910306, -44.460726457298755]
27, 1, 0.8746836456, [0.7171104654747592, -44.45050735950085]
27, 2, 0.8666977485, [0.8965648289300239, -46.826195684672385]
27, 3, 0.5763150739, [0.017704691584875643, -46.225692791466216]
27, 4, 0.5596231826, [2.41183582914916, -46.826195684672385]
27, 5, 0.3319392624, [-4.130746602976266, -45.98814352157873]
27, 6, 0.2927936806, [-1.171030202937337, -46.183926779061224]
27, 7, 0.2619906357, [-0.8971239359477358, -47.741539965570034]
27, 8, 0.2293946663, [-0.3113118163226404, -49.7697049535737]
27, 9, 0, [7.595989924437488, -47.11146137655516]
28, 0, 0.8755137774, [0.7000494743910306, -44.460726457298755]
28, 1, 0.874750111, [0.7983071516605272, -43.84871177117778]
28, 2, 0.8733406749, [0.708579969932895, -44.8541342179707]
28, 3, 0.7685285713, [1.629986143110382, -45.643461070985566]
28, 4, 0.3356101415, [-3.6687789453613258, -45.332645177039126]
28, 5, 0.3066764013, [-3.809967145616829, -48.0142616064421]
28, 6, 0, [3.313959416084557, -45.643461070985566]
28, 7, 0, [4.747030031519539, -41.50231465847709]
28, 8, 0, [3.2379590859864855, -45.05741160303882]
28, 9, 0, [4.086107270593706, -43.71995137864859]
29, 0, 0.8755137774, [0.7000494743910306, -44.460726457298755]
29, 1, 0.870600824, [0.7534435607967112, -42.7964636584591]
29, 2, 0.8702772296, [0.706988572746531, -46.4909560036582]
29, 3, 0.6801675158, [0.037586947938922144, -36.336846000488116]
29, 4, 0.3867716863, [-5.934680683099283, -40.842337232343056]
29, 5, 0.3521363291, [-7.775674675990482, -44.90914315757444]
29, 6, 0.3511338417, [-3.7315484271111448, -44.2785833891081]
29, 7, 0.331791414, [-1.5529529600586616, -43.96784290886622]
29, 8, 0.3195752188, [-1.4843647354851477, -44.896685817168944]
29, 9, 0.3054382162, [-1.505829996978151, -46.146282871575536]
30, 0, 0.8755137774, [0.7000494743910306, -44.460726457298755]
30, 1, 0.8745391406, [0.7189834945447661, -44.463260598895005]
30, 2, 0.871236802, [0.7512544740853332, -42.42777730895699]
30, 3, 0.8524950243, [0.7000494743910306, -38.93903851487366]
30, 4, 0.7728511684, [1.3190971136975675, -35.1347370225852]
30, 5, 0.6638225509, [2.1299810963948715, -44.42924321889591]
30, 6, 0.6577370222, [2.034023812760922, -36.78791596418863]
30, 7, 0.557010783, [2.419944365522241, -42.119306442353036]
30, 8, 0, [7.4012121963436295, -50.733944888054125]
30, 9, 0, [3.8024135168460513, -45.76918411600854]
