0, 0, 0.8505313041, [2.3745955322283314, -43.6517555819035]
0, 1, 0.8444623229, [2.337993794602593, -59.249677343319995]
0, 2, 0.8252181427, [2.6776492495740434, -39.69901537731266]
0, 3, 0.8094263486, [2.933006598372393, -59.80503720965817]
0, 4, 0.80425008, [1.5767263688984465, -59.10608341685789]
0, 5, 0.7682633086, [3.222628486966959, -57.391835021117515]
0, 6, 0.688105254, [0.8715421771424384, -42.32202948372274]
0, 7, 0.6629135478, [0.8652329118126117, -44.839341356899126]
0, 8, 0.6316704587, [1.0626026142919174, -53.30367785553532]
0, 9, 0.2634151703, [0.1928758938935227, -54.034870479400546]
1, 0, 0.8555999135, [1.9756609505633889, -50.59482666178129]
1, 1, 0.8525416133, [2.5894277252003675, -45.6237559269404]
1, 2, 0.8505313041, [2.3745955322283314, -43.6517555819035]
1, 3, 0.80425008, [1.5767263688984465, -59.10608341685789]
1, 4, 0.7931421125, [1.4870065908548062, -59.10608341685789]
1, 5, 0.7844502984, [3.1394083021291896, -58.70627733026646]
1, 6, 0.2876287507, [-2.766056753996141, -45.416942034171505]
1, 7, 0, [5.066765223531249, -48.9511141777228]
1, 8, 0, [8.25155165726845, -51.62784011963809]
1, 9, 0, [4.401860664492758, -53.19287658514668]
2, 0, 0.8555999135, [1.9756609505633889, -50.59482666178129]
2, 1, 0.8555999135, [1.9756609505633889, -50.59482666178129]
2, 2, 0.8528633593, [2.1251440648298874, -42.39123436498098]
2, 3, 0.8481101785, [1.627889944692309, -44.86382449005207]
2, 4, 0.7615716016, [1.074974342784016, -38.583825789822015]
2, 5, 0.6921041512, [1.1325945225449896, -52.20098561709655]
2, 6, 0.686221928, [1.1407482533649735, -53.24341040747655]
2, 7, 0.4502655039, [0.4011380135580749, -48.109291294360844]
2, 8, 0.4161780422, [0.08853968581353511, -42.71773293207638]
2, 9, 0.2646638107, [-0.8479849423167898, -46.604925720760704]
3, 0, 0.8597906966, [2.2473652601688245, -49.10086320755845]
3, 1, 0.8555999135, [1.9756609505633889, -50.59482666178129]
3, 2, 0.8555999135, [1.9756609505633889, -50.59482666178129]
3, 3, 0.8370815958, [1.3847454373241583, -46.493030513381136]
3, 4, 0.8330952662, [2.050402507696638, -39.54451647006658]
3, 5, 0.8288946355, [1.627889944692309, -39.34066717269037]
3, 6, 0.8117506008, [1.3725094283101251, -52.85453847100512]
3, 7, 0.7479363396, [1.190491925288488, -50.59482666178129]
3, 8, 0.3563308581, [0.4139256206526847, -52.349261595897474]
3, 9, 0.2412520141, [-0.16586345969585548, -49.479415188715464]
4, 0, 0.8603853736, [2.2473652601688245, -51.370774821464046]
4, 1, 0.8597906966, [2.2473652601688245, -49.10086320755845]
4, 2, 0.8577012749, [2.0130317291300135, -49.587555849635066]
4, 3, 0.8576979849, [2.028429181625297, -48.31339090086327]
4, 4, 0.8575938049, [2.0130317291300135, -45.33697895968617]
4, 5, 0.8571024415, [2.1115131053661065, -46.786948232419626]
4, 6, 0.8457149401, [2.1115131053661065, -56.492647442186076]
4, 7, 0.8443224043, [1.7567248720198614, -52.9553663569974]
4, 8, 0.8352800351, [1.4327226812838347, -49.847844934669865]
4, 9, 0.540596648, [0.9616049938544118, -55.242736455422616]
5, 0, 0.8603853736, [2.2473652601688245, -51.370774821464046]
5, 1, 0.8592968638, [2.2462652379962322, -46.55228111226566]
5, 2, 0.8583899878, [2.028429181625297, -48.09530783526755]
5, 3, 0.8567511305, [2.1301984946494192, -46.626727790889355]
5, 4, 0.856212511, [2.028429181625297, -45.09080219915886]
5, 5, 0.8519656089, [2.1943006257098023, -54.09556120373537]
5, 6, 0.7757757019, [3.2096042947612258, -49.86654626767159]
5, 7, 0.6971062831, [3.4410598232873735, -47.39546386135324]
5, 8, 0.4133035744, [0.32933285378675103, -48.35387689057511]
5, 9, 0, [4.602722836042574, -48.54778784838108]
6, 0, 0.8603853736, [2.2473652601688245, -51.370774821464046]
6, 1, 0.8599521471, [2.2468152490825286, -48.96152796686485]
6, 2, 0.8552362648, [2.1301984946494192, -44.76534667016382]
6, 3, 0.8531548977, [1.9600243412206684, -51.75369368990782]
6, 4, 0.8497126859, [2.2473652601688245, -56.14078203090756]
6, 5, 0.8399841571, [1.41304899385726, -46.626727790889355]
6, 6, 0.8236962436, [1.4188355752792439, -51.36472216526075]
6, 7, 0.2570315737, [-3.889963357495728, -48.9987513061767]
6, 8, 0.1935222964, [-3.8246777833080277, -54.64385716473754]
6, 9, 0, [5.365200948868472, -50.08055483004265]
7, 0, 0.8603853736, [2.2473652601688245, -51.370774821464046]
7, 1, 0.8599521471, [2.2468152490825286, -48.96152796686485]
7, 2, 0.8553050965, [2.3209363929494695, -53.48974964934953]
7, 3, 0.8548339001, [1.9625409146523236, -47.61015732078681]
7, 4, 0.8338360862, [2.8034949073152546, -51.56223425568594]
7, 5, 0.7015831344, [3.432675579376592, -54.291686051733514]
7, 6, 0.2420380675, [-0.48366216041336685, -48.86921452623873]
7, 7, 0, [5.8630609125007, -54.5597471273856]
7, 8, 0, [4.558549474330235, -51.28257772447338]
7, 9, 0, [3.856921556228537, -51.926426989542726]
8, 0, 0.8603853736, [2.2473652601688245, -51.370774821464046]
8, 1, 0.8577388362, [2.104953087410574, -51.70474675449927]
8, 2, 0.85690855, [2.284150826559147, -52.430262235406786]
8, 3, 0.8568871376, [2.1417386538008967, -50.607505843676606]
8, 4, 0.8447837754, [1.4655858358212543, -48.57741102950056]
8, 5, 0.8123609486, [2.9649905170036184, -49.490466071125425]
8, 6, 0.2356537641, [-0.12263367263155933, -50.54995348506817]
8, 7, 0, [3.6847690044305583, -53.148317952814466]
8, 8, 0, [4.096671628394033, -50.11207053192212]
8, 9, 0, [5.541278242732719, -48.28584264382583]
9, 0, 0.8603853736, [2.2473652601688245, -51.370774821464046]
9, 1, 0.8601035904, [2.2500271474744267, -51.32840382173785]
9, 2, 0.8580815904, [2.2657580433639857, -46.595020349443075]
9, 3, 0.851934225, [1.8788501354154201, -50.37983472578609]
9, 4, 0.8023699784, [3.0599793059122375, -52.04621644116151]
9, 5, 0.7375871694, [1.1102911284780188, -45.899529939317915]
9, 6, 0.413408882, [0.5174335251857964, -51.518884039541696]
9, 7, 0.2371587499, [0.05436021086677201, -53.63076274681966]
9, 8, 0.2273508157, [-3.51089981410989, -51.370774821464046]
9, 9, 0.2066414877, [-1.0105285879723929, -52.430262235406786]
10, 0, 0.8603853736, [2.2473652601688245, -51.370774821464046]
10, 1, 0.8603853736, [2.2473652601688245, -51.370774821464046]
10, 2, 0.8601035904, [2.2500271474744267, -51.32840382173785]
10, 3, 0.8601035904, [2.2500271474744267, -51.32840382173785]
10, 4, 0.8555402823, [2.4528723636551715, -54.59828406627877]
10, 5, 0.8484717957, [2.26722325302052, -56.797899959485136]
10, 6, 0.8370082852, [2.251492357130961, -63.77880354325678]
10, 7, 0.8163890861, [2.923492715022207, -53.3688235195794]
10, 8, 0, [5.711908554810008, -51.79378371526277]
10, 9, 0, [4.2577861332245, -51.70849563131278]
11, 0, 0.8603853736, [2.2473652601688245, -51.370774821464046]
11, 1, 0.8600278256, [2.2473652601688245, -50.31464486993519]
11, 2, 0.8385291169, [2.7609812411677592, -53.55269769973945]
11, 3, 0.6429089564, [0.9457033146425946, -49.33371095845011]
11, 4, 0.3662351097, [0.1052447936837182, -46.69963793715006]
11, 5, 0.1830386043, [-0.07350542675657046, -55.51851811457552]
11, 6, 0, [4.15255175375529, -55.07736047125032]
11, 7, 0, [6.886921686173126, -49.236851135272985]
11, 8, 0, [4.076620627928415, -53.32621952118067]
11, 9, 0, [6.1743666488460125, -50.79980627828045]
12, 0, 0.8603853736, [2.2473652601688245, -51.370774821464046]
12, 1, 0.857254066, [2.478704845448542, -51.370774821464046]
12, 2, 0.847149901, [2.0503369564333536, -56.02620257523642]
12, 3, 0.8344027172, [2.8012775121095004, -50.59893012318042]
12, 4, 0.7959569818, [3.0989205707106002, -48.35900401131187]
12, 5, 0.6962362402, [0.9568001042254938, -44.74399707852674]
12, 6, 0.4901271848, [0.5034138298189017, -48.17236525854865]
12, 7, 0.2653674797, [-0.10153706408087082, -48.207124705420945]
12, 8, 0, [3.6644375876257635, -50.31464486993519]
12, 9, 0, [4.286074806841384, -50.31464486993519]
13, 0, 0.8603853736, [2.2473652601688245, -51.370774821464046]
13, 1, 0.8599521471, [2.2473652601688245, -49.01771634959231]
13, 2, 0.8370665699, [2.788812708079571, -49.86488941638795]
13, 3, 0.8364903391, [2.788812708079571, -52.96490875044048]
13, 4, 0.8354840884, [2.788812708079571, -48.66025302333633]
13, 5, 0.5657485147, [0.8521822868095175, -51.30476447830941]
13, 6, 0.215460453, [-0.4661219840017501, -51.370774821464046]
13, 7, 0, [5.684379263785284, -57.234225749044164]
13, 8, 0, [4.531656392642364, -48.668617734988416]
13, 9, 0, [4.06115708119037, -51.370774821464046]
14, 0, 0.8603853736, [2.2473652601688245, -51.370774821464046]
14, 1, 0.8584309982, [2.4870493099313893, -49.75631582795113]
14, 2, 0.8544018507, [2.2473652601688245, -54.45852956869603]
14, 3, 0.8474293299, [1.8043699836694431, -52.22064606071914]
14, 4, 0.8367616629, [2.788812708079571, -52.219948851449864]
14, 5, 0.7548766558, [3.304866310305929, -51.337769649886724]
14, 6, 0.2472629376, [-1.46001518353776, -48.59340354887668]
14, 7, 0.2387206313, [-3.060651080697901, -50.19424558552818]
14, 8, 0, [6.621932165741544, -54.72260606509084]
14, 9, 0, [4.678825098090979, -55.86585595659213]
15, 0, 0.8603853736, [2.2473652601688245, -51.370774821464046]
15, 1, 0.8602252321, [2.287574795179608, -51.217186750752234]
15, 2, 0.8565549833, [2.2473652601688245, -53.08670072903621]
15, 3, 0.8505669381, [2.3672072850501067, -56.21072940048785]
15, 4, 0.8487885575, [1.8439666140045512, -51.569047178372514]
15, 5, 0.8444703548, [1.7294226494950038, -52.44919012647658]
15, 6, 0.8093448028, [1.5020004647399054, -56.97700789392377]
15, 7, 0.4899220097, [0.34985622442129993, -44.52754401383987]
15, 8, 0.4144823152, [0.1721774000658416, -45.41238953623191]
15, 9, 0, [4.591670224714868, -54.6242255648477]
16, 0, 0.8603853736, [2.2473652601688245, -51.370774821464046]
16, 1, 0.856895976, [2.2473652601688245, -47.20354416477984]
16, 2, 0.8542111851, [2.267470027674216, -54.31978482127411]
16, 3, 0.8499595764, [2.267470027674216, -56.23277239365774]
16, 4, 0.8194586351, [1.470549691604806, -54.46035934220477]
16, 5, 0.2424574162, [-1.8367174336299623, -49.23891683491617]
16, 6, 0.2338058304, [-0.05023274756724061, -51.53072817296034]
16, 7, 0.2236166376, [-1.0250651841712939, -50.86008349937828]
16, 8, 0, [6.112864599908518, -49.2435185303413]
16, 9, 0, [4.182856611311367, -51.293980786108136]
17, 0, 0.8603853736, [2.2473652601688245, -51.370774821464046]
17, 1, 0.8594345991, [2.2473652601688245, -49.31663627666683]
17, 2, 0.8538280555, [2.469894090758997, -54.02228097810762]
17, 3, 0.8480010372, [1.7601396259569693, -51.110207752494695]
17, 4, 0.8448830206, [1.5754256660077233, -50.340789561082985]
17, 5, 0.8429912841, [1.497002198332288, -47.20354416477984]
17, 6, 0.2605669982, [-1.7729503519048038, -47.20354416477984]
17, 7, 0.160993566, [-0.018559107178744316, -57.707584284816235]
17, 8, 0, [9.676397467948426, -49.21262750465806]
17, 9, 0, [3.7230222546952096, -51.370774821464046]
18, 0, 0.8603853736, [2.2473652601688245, -51.370774821464046]
18, 1, 0.8599776574, [2.2473652601688245, -50.428859989596035]
18, 2, 0.7836920655, [1.2543966894313945, -50.71912182125867]
18, 3, 0.7670128, [3.259346004223426, -50.234608926003844]
18, 4, 0.7577801729, [3.2929783021863077, -50.691075416358444]
18, 5, 0.7324678382, [1.1831723870799433, -51.71432750367065]
18, 6, 0.6580511142, [3.4992876157863764, -48.49828095999128]
18, 7, 0.4197912364, [0.3955907187052641, -49.35814531515576]
18, 8, 0.2018483028, [-2.972701698605196, -53.396422165731224]
18, 9, 0, [4.5352917740303, -49.632831942487805]
19, 0, 0.8603853736, [2.2473652601688245, -51.370774821464046]
19, 1, 0.8598763606, [2.2473652601688245, -51.534883917457016]
19, 2, 0.8573618038, [2.1161330747217155, -52.06710122082026]
19, 3, 0.8477650791, [1.7508809748001095, -51.86490092420789]
19, 4, 0.8460774164, [2.273687495808851, -58.203140584283496]
19, 5, 0.84598719, [1.9623965858682166, -54.88820731618033]
19, 6, 0.8374177001, [2.734206284897274, -56.7390829420801]
19, 7, 0.7933721659, [3.021452333072027, -42.755311136279005]
19, 8, 0.6828690053, [1.16391690562725, -54.85968373258725]
19, 9, 0.4451602348, [0.5766114518625272, -51.370774821464046]
20, 0, 0.8603853736, [2.2473652601688245, -51.370774821464046]
20, 1, 0.860034935, [2.2473652601688245, -51.484365466973664]
20, 2, 0.8598763606, [2.2473652601688245, -51.61280427855109]
20, 3, 0.8543994371, [2.2473652601688245, -53.9288070912312]
20, 4, 0.8453474683, [1.751878762284123, -52.35175151178974]
20, 5, 0.354276257, [0.4994219458599203, -54.07974141648502]
20, 6, 0.3063825207, [0.18038547495801893, -51.28865053577982]
20, 7, 0.23212331, [-1.8731029385694011, -50.31948083270555]
20, 8, 0, [3.9551894451734095, -44.712447970852914]
20, 9, 0, [6.968179381755984, -51.71893802114215]
21, 0, 0.8603853736, [2.2473652601688245, -51.370774821464046]
21, 1, 0.8598763606, [2.2473652601688245, -51.61280427855109]
21, 2, 0.8597183425, [2.2473652601688245, -51.86403026551361]
21, 3, 0.8579715219, [2.2473652601688245, -52.70658627910243]
21, 4, 0.8287073063, [1.488563427092366, -52.64979095634762]
21, 5, 0.7748529801, [3.2104795665169057, -51.61280427855109]
21, 6, 0.7185702265, [1.0874190251475213, -47.064127042512304]
21, 7, 0.4919111435, [0.6743120255932216, -51.159080386192805]
21, 8, 0.2283354655, [-5.6634173421889455, -51.91805848938171]
21, 9, 0, [4.086171820214679, -52.430412337027526]
22, 0, 0.8615656643, [2.2473652601688245, -51.01717371329859]
22, 1, 0.8603853736, [2.2473652601688245, -51.370774821464046]
22, 2, 0.860034935, [2.2473652601688245, -51.49178955000757]
22, 3, 0.8544018507, [2.2473652601688245, -54.38498034104016]
22, 4, 0.8533899342, [2.2473652601688245, -54.91172051010141]
22, 5, 0.8503237087, [1.7277389675547083, -46.91125411060498]
22, 6, 0.2418941353, [-2.5554738645609785, -49.760249821202336]
22, 7, 0.2235830384, [-3.1542746967374606, -51.46905000108576]
22, 8, 0.2121073363, [-1.8506068790634824, -51.96230544513533]
22, 9, 0, [5.672752243902106, -51.50100098319197]
23, 0, 0.8615656643, [2.2473652601688245, -51.01717371329859]
23, 1, 0.8609963684, [2.2473652601688245, -51.20014325309292]
23, 2, 0.8599521471, [2.2473652601688245, -49.057863667695365]
23, 3, 0.8588387063, [2.2473652601688245, -47.83400136225201]
23, 4, 0.858683117, [2.2473652601688245, -48.71264405691078]
23, 5, 0.8560567751, [2.2473652601688245, -53.471904532746045]
23, 6, 0.3975701061, [0.4462358011337204, -51.05981682504896]
23, 7, 0.2434608823, [-0.19701972436855497, -49.11315507882651]
23, 8, 0.2048131559, [-2.393683635757492, -52.942502521528596]
23, 9, 0, [6.880647446508282, -54.38498034104016]
24, 0, 0.8615656643, [2.2473652601688245, -51.01717371329859]
24, 1, 0.8589717125, [2.2473652601688245, -52.16920587591105]
24, 2, 0.8547234344, [2.2473652601688245, -53.667109559171784]
24, 3, 0.8434582753, [1.6442056811253627, -52.43898885941473]
24, 4, 0.7911183011, [3.1257204213316867, -54.52836361823476]
24, 5, 0.760601977, [3.283070338045243, -50.23144512729477]
24, 6, 0.6250411798, [3.533320057233342, -56.86703404194472]
24, 7, 0.2203885804, [-1.3181328816717093, -51.01717371329859]
24, 8, 0, [4.965795017251956, -49.35607802848233]
24, 9, 0, [3.921177998267607, -53.85650430072831]
25, 0, 0.8615656643, [2.2473652601688245, -51.01717371329859]
25, 1, 0.8576232398, [2.42648016387084, -53.42674678649773]
25, 2, 0.8548944037, [2.2473652601688245, -53.59597398898801]
25, 3, 0.4769970232, [0.7633524195218913, -53.667109559171784]
25, 4, 0.2927539736, [-0.27554062196936613, -43.45693534750343]
25, 5, 0.2648974995, [-4.373018309942341, -48.48142678230028]
25, 6, 0.2066964505, [-5.543561219507252, -53.86394334047827]
25, 7, 0.2062429813, [-1.1153593860186386, -52.4470650041542]
25, 8, 0, [4.309190776474025, -51.59674195443997]
25, 9, 0, [5.828763463447554, -56.56903011446151]
26, 0, 0.8615656643, [2.2473652601688245, -51.01717371329859]
26, 1, 0.8591266453, [2.255011883968028, -51.44335096205365]
26, 2, 0.858194916, [2.2473652601688245, -52.3065738511433]
26, 3, 0.8554349457, [2.0734830327642406, -53.18897343453287]
26, 4, 0.8482466928, [2.3369227120198324, -56.271120834564286]
26, 5, 0.8369833107, [1.5949162916963657, -53.546928172834754]
26, 6, 0.2122103488, [-2.308424084584747, -52.16253844473184]
26, 7, 0.1906883009, [-0.17523634610807948, -53.97318213484466]
26, 8, 0, [7.535511072598888, -53.72494598627763]
26, 9, 0, [3.995255502747151, -51.499158718205734]
27, 0, 0.8615656643, [2.2473652601688245, -51.01717371329859]
27, 1, 0.8591266453, [2.255011883968028, -51.44335096205365]
27, 2, 0.854898011, [2.1604241464665326, -52.66736314051653]
27, 3, 0.8407086878, [1.5650157531396705, -50.81804395739358]
27, 4, 0.6562347728, [1.1415696040852588, -55.35650622026426]
27, 5, 0.392024799, [0.5557574844601634, -53.32834123226059]
27, 6, 0.3785896581, [0.37628085861745797, -50.776277944988585]
27, 7, 0.2112552942, [-2.3613673638778296, -52.31072027880332]
27, 8, 0, [3.7702828841871643, -51.44335096205365]
27, 9, 0, [9.176500432796134, -51.49474615516119]
28, 0, 0.8615656643, [2.2473652601688245, -51.01717371329859]
28, 1, 0.8587933596, [2.2511885720684264, -51.62877964724702]
28, 2, 0.858458923, [2.203894703317679, -50.047519127099775]
28, 3, 0.8046442523, [3.0355736947675336, -51.84226842690756]
28, 4, 0.2269410738, [-2.1214655216950313, -50.90704438800273]
28, 5, 0.1856285776, [-2.267358543481298, -54.78890703571842]
28, 6, 0, [4.719546967741708, -51.84226842690756]
28, 7, 0, [6.294345817297333, -48.058761914476925]
28, 8, 0, [4.78527487176428, -51.61385885903866]
28, 9, 0, [5.4916948222508575, -49.91875873457058]
29, 0, 0.8615656643, [2.2473652601688245, -51.01717371329859]
29, 1, 0.8603547919, [2.2275416376930526, -49.28319005105826]
29, 2, 0.8569412778, [2.254303177468575, -52.556379237139915]
29, 3, 0.8467008197, [1.584902733716716, -42.89329325648795]
29, 4, 0.7728486793, [1.236460743346035, -51.01717371329859]
29, 5, 0.2820841001, [0.0629498692368966, -50.96210905065066]
29, 6, 0.2693000132, [-4.436935671827568, -48.119693885015835]
29, 7, 0.2625883745, [-0.005638355336617287, -50.033266142347934]
29, 8, 0.2405095509, [-6.228360071268438, -50.97456639105616]
29, 9, 0.2282453485, [-2.2574503502148033, -50.76530978170726]
30, 0, 0.8615656643, [2.2473652601688245, -51.01717371329859]
30, 1, 0.8608701898, [2.226728895469066, -48.9373160060703]
30, 2, 0.8604803686, [2.2543948938369525, -51.01981401753947]
30, 3, 0.8601829533, [2.2473652601688245, -45.4954857708735]
30, 4, 0.8138715456, [2.8664128994753613, -41.691184278585034]
30, 5, 0.5692296275, [3.581339598538716, -43.34436322018846]
30, 6, 0, [8.911919127680697, -57.25553171235363]
30, 7, 0, [5.313120448183119, -52.29077094030804]
30, 8, 0, [7.180420583417411, -47.48479100391505]
30, 9, 0, [3.9686364957874263, -48.69856600286702]
