0, 0, 0.8654022771, [0.8715421771424384, -42.32202948372274]
0, 1, 0.863072764, [0.8652329118126117, -44.839341356899126]
0, 2, 0.8394443941, [1.0626026142919174, -53.30367785553532]
0, 3, 0.797970617, [1.5767263688984465, -59.10608341685789]
0, 4, 0.6632382397, [2.337993794602593, -59.249677343319995]
0, 5, 0.6508931711, [2.3745955322283314, -43.6517555819035]
0, 6, 0.542528141, [0.1928758938935227, -54.034870479400546]
0, 7, 0.534750608, [2.6776492495740434, -39.69901537731266]
0, 8, 0, [3.222628486966959, -57.391835021117515]
0, 9, 0, [2.933006598372393, -59.80503720965817]
1, 0, 0.8654022771, [0.8715421771424384, -42.32202948372274]
1, 1, 0.8644810703, [0.8715421771424384, -41.53793664612333]
1, 2, 0.8552114135, [1.0455239661643139, -45.220919172841285]
1, 3, 0.8419650688, [0.972882836248277, -53.30367785553532]
1, 4, 0.8394443941, [1.0626026142919174, -53.30367785553532]
1, 5, 0.8167989145, [1.4709805013588744, -46.9917737234064]
1, 6, 0.3165587657, [-4.309960513032195, -45.01410528007239]
1, 7, 0.3129169038, [-2.0657605146187574, -44.13202902048637]
1, 8, 0, [3.4241766132555425, -44.316109174305595]
1, 9, 0, [6.608963046992745, -46.99283511622088]
2, 0, 0.8654022771, [0.8715421771424384, -42.32202948372274]
2, 1, 0.8654022771, [0.8715421771424384, -42.32202948372274]
2, 2, 0.8628214048, [0.8186906528578317, -42.86672201046907]
2, 3, 0.8543523264, [0.4988742948089362, -40.37444942511676]
2, 4, 0.8514348554, [0.8715421771424384, -40.427520180103876]
2, 5, 0.5429009411, [0.02847574912403905, -43.928188439037996]
2, 6, 0.431340681, [-0.06737744927365807, -39.6843292637853]
2, 7, 0.3198776206, [-2.0645801120592737, -43.253108927200316]
2, 8, 0.3157092509, [-1.0098641471813647, -41.929983064923036]
2, 9, 0.2938692774, [-0.0758469163775104, -49.891593613916164]
3, 0, 0.8654022771, [0.8715421771424384, -42.32202948372274]
3, 1, 0.8654022771, [0.8715421771424384, -42.32202948372274]
3, 2, 0.8465107512, [1.143246486747874, -40.828066029499894]
3, 3, 0.8094017303, [0.8451164150001351, -35.64586170378135]
3, 4, 0.7933190918, [0.4988742948089362, -34.85129210775506]
3, 5, 0.7873908038, [0.2683906548891747, -44.58174129294657]
3, 6, 0.7270645947, [0.17945934462765534, -42.5943757470959]
3, 7, 0.6301011228, [0.08637315186753758, -42.32202948372274]
3, 8, 0.3274543904, [-1.269982233116806, -41.20661801065691]
3, 9, 0.2902971094, [-0.6901931527682658, -44.07646441783892]
4, 0, 0.8684957276, [0.652606098598911, -41.53455717702756]
4, 1, 0.8654022771, [0.8715421771424384, -42.32202948372274]
4, 2, 0.8641756995, [0.8210603907784051, -42.3575633523386]
4, 3, 0.8637271061, [0.8715421771424384, -44.591941097628336]
4, 4, 0.8614395929, [0.9243104082043466, -43.188605724716005]
4, 5, 0.8550534387, [0.8715421771424384, -48.96683199123895]
4, 6, 0.8410986689, [0.8715421771424384, -39.2611327814725]
4, 7, 0.8296633346, [0.8210603907784051, -38.106986462389706]
4, 8, 0.739727746, [0.19275175306016668, -42.32202948372274]
4, 9, 0.5951523843, [2.5432254907920497, -43.95143112138522]
5, 0, 0.8684957276, [0.652606098598911, -41.53455717702756]
5, 1, 0.8637760516, [0.8715421771424384, -44.373858032032615]
5, 2, 0.8627080509, [0.8715421771424384, -41.369352395923926]
5, 3, 0.8579569935, [0.8525603844620119, -48.103265764032045]
5, 4, 0.8406294043, [0.8715421771424384, -39.203224137833786]
5, 5, 0.8391727318, [0.8463012839604218, -39.62231468032327]
5, 6, 0.7799509431, [1.83378121173484, -43.08771254383588]
5, 7, 0.7245151468, [2.0652367402609877, -40.61663013751753]
5, 8, 0.3118198986, [-1.0124073874610393, -42.36158145087178]
5, 9, 0, [3.363851929991498, -50.157448356604235]
6, 0, 0.8686071591, [0.652606098598911, -46.30456438647107]
6, 1, 0.8684957276, [0.652606098598911, -41.53455717702756]
6, 2, 0.864852188, [0.7620741378706748, -42.95420760453008]
6, 3, 0.8619510057, [0.8525603844620119, -46.24188464330651]
6, 4, 0.8420650468, [0.3652651796507548, -41.91747604547133]
6, 5, 0.6032133426, [0.13541088366985243, -48.103265764032045]
6, 6, 0.355190443, [-0.06590553593260984, -45.357401802925985]
6, 7, 0.3185012613, [-5.419436944877941, -44.80763952030105]
6, 8, 0.3176762567, [-5.326161993374388, -44.8189114705298]
6, 9, 0, [3.929002312989812, -45.90071499439575]
7, 0, 0.8686071591, [0.652606098598911, -46.30456438647107]
7, 1, 0.8684957276, [0.652606098598911, -41.53455717702756]
7, 2, 0.861555676, [0.8261543743111066, -43.622192133330756]
7, 3, 0.8332159721, [0.368331764168706, -40.18318653094952]
7, 4, 0.8192084554, [1.4523833481509696, -46.273224514888796]
7, 5, 0.7405408157, [2.081564020212307, -49.00267631093637]
7, 6, 0.7142470329, [2.0138366146089606, -37.99618752253867]
7, 7, 0.7093376853, [2.19695962297245, -42.94691133746777]
7, 8, 0.2928042645, [-1.848732295227994, -45.52228235604768]
7, 9, 0, [4.368278893862337, -44.69218961136683]
8, 0, 0.8700535724, [0.5972430692399063, -41.960241690748575]
8, 1, 0.8686071591, [0.652606098598911, -46.30456438647107]
8, 2, 0.8637993406, [0.7393802364550088, -44.963378259900914]
8, 3, 0.8614378077, [0.5104689313838086, -45.458156142084135]
8, 4, 0.8232298181, [1.370506360976853, -43.24387545871029]
8, 5, 0.7399335864, [2.090284848403793, -46.90172734039933]
8, 6, 0.6088786349, [2.502187472367268, -43.86547991950699]
8, 7, 0.4076834177, [-0.07918475428288363, -41.11052705399469]
8, 8, 0.3283092164, [-1.6671292571925496, -41.90268933214014]
8, 9, 0, [3.9470690922491016, -40.85887185398854]
9, 0, 0.8700535724, [0.5972430692399063, -41.960241690748575]
9, 1, 0.8673273628, [0.607528438154701, -41.213331615122634]
9, 2, 0.8305472906, [0.6683116528474575, -38.1563117963324]
9, 3, 0.810665081, [1.522832197417292, -43.874793389755894]
9, 4, 0.8051363134, [0.28140374489889186, -41.94112617267542]
9, 5, 0.3495361183, [-0.5398310624508994, -36.488996808602444]
9, 6, 0.3460814006, [-5.1610220050388085, -41.960241690748575]
9, 7, 0.308400033, [-2.555299178076531, -44.963378259900914]
9, 8, 0.301586448, [-3.282189863881311, -46.02335260051537]
9, 9, 0.2845884779, [-1.0705866310748164, -45.21076720099252]
10, 0, 0.8709784023, [0.6739731328895537, -44.3223883805268]
10, 1, 0.8700535724, [0.5972430692399063, -41.960241690748575]
10, 2, 0.8700535724, [0.5972430692399063, -41.960241690748575]
10, 3, 0.8673273628, [0.607528438154701, -41.213331615122634]
10, 4, 0.8673273628, [0.607528438154701, -41.213331615122634]
10, 5, 0.863518469, [0.8771411952812451, -45.138815027027285]
10, 6, 0.8584873489, [0.6131899181967972, -49.6269283107939]
10, 7, 0.8352485811, [1.273370524093289, -43.95829038886393]
10, 8, 0.7398890176, [2.0434372572533683, -41.95068393171199]
10, 9, 0, [4.091125067632884, -40.65795102250674]
11, 0, 0.8713556231, [0.6356081010647301, -42.08518508410883]
11, 1, 0.8709784023, [0.6739731328895537, -44.3223883805268]
11, 2, 0.849035711, [1.1875891138884884, -46.504311258802204]
11, 3, 0.6882324478, [2.2708098931045004, -43.23467596149503]
11, 4, 0.6427678654, [2.3843636614101698, -41.32419945986786]
11, 5, 0.61810032, [2.464863468824321, -45.09675973535431]
11, 6, 0.365419039, [-1.5440177659902554, -36.20139238740282]
11, 7, 0.3222205053, [-0.6622421036569036, -40.75198163467388]
11, 8, 0.2875654355, [-1.6464717845301386, -45.73977642363373]
11, 9, 0, [5.313529558893856, -42.18846469433574]
12, 0, 0.8713556231, [0.6356081010647301, -42.08518508410883]
12, 1, 0.8649786086, [0.8669476863444475, -42.08518508410883]
12, 2, 0.8310553499, [0.43226518460932517, -50.06524929532438]
12, 3, 0.8250790019, [1.3539032117295953, -42.70043277597834]
12, 4, 0.7369038216, [2.0910454603464927, -44.3223883805268]
12, 5, 0.5181559061, [2.712682679562113, -44.3223883805268]
12, 6, 0.3555847697, [-1.7132942231849653, -38.92153496806573]
12, 7, 0.3126190542, [-0.9061952407519969, -42.23561193726917]
12, 8, 0, [3.0642937402502115, -39.7022438553194]
12, 9, 0, [8.837061770491513, -43.553549960645384]
13, 0, 0.8713556231, [0.6356081010647301, -42.08518508410883]
13, 1, 0.8446629267, [0.6356081010647301, -39.732126612237096]
13, 2, 0.8143818377, [1.4789965733454702, -46.30380606637034]
13, 3, 0.8127478297, [1.4789965733454702, -41.999150339266194]
13, 4, 0.8116857635, [1.4789965733454702, -43.203786732317816]
13, 5, 0.6219637398, [2.4493999220862754, -42.08518508410883]
13, 6, 0.3343965652, [-2.0778791431058448, -42.08518508410883]
13, 7, 0.2808754205, [-0.4576338479245834, -44.64366179423927]
13, 8, 0, [4.07262210468119, -47.94863601168895]
13, 9, 0, [2.9198992335382696, -39.3830279976332]
14, 0, 0.8713556231, [0.6356081010647301, -42.08518508410883]
14, 1, 0.8703253914, [0.6356081010647301, -45.17293983134081]
14, 2, 0.8517678155, [0.875292150827295, -40.47072609059591]
14, 3, 0.8361942176, [0.3435833367503457, -42.09497198645439]
14, 4, 0.8079256231, [1.4789965733454702, -41.25419044027558]
14, 5, 0.6074976757, [2.4948796115632934, -40.865638475751645]
14, 6, 0.3582999548, [-4.672408239801995, -40.90865584817296]
14, 7, 0.3542653008, [-2.9208018304568575, -41.22237553468982]
14, 8, 0, [6.614662403827875, -45.47002149931294]
14, 9, 0, [3.297596548392261, -42.08518508410883]
15, 0, 0.8713556231, [0.6356081010647301, -42.08518508410883]
15, 1, 0.8702000056, [0.7082162252004525, -42.00488024698429]
15, 2, 0.8591723443, [0.6356081010647301, -49.27624653350508]
15, 3, 0.8468605349, [0.4202266172624701, -47.11483095290053]
15, 4, 0.8390014529, [0.9076907399522337, -39.172180484523366]
15, 5, 0.8201275456, [0.3129927713646902, -40.392451350294145]
15, 6, 0.7491696033, [2.0130607096372235, -43.724298079920956]
15, 7, 0.5922048138, [0.08557058660959183, -44.920269117741334]
15, 8, 0.3745952059, [-2.1644124515258247, -36.50717864874768]
15, 9, 0.3558158047, [-0.8341997225582163, -35.37111404762299]
16, 0, 0.8713556231, [0.6356081010647301, -42.08518508410883]
16, 1, 0.8634099499, [0.6719121631325913, -47.80840447162458]
16, 2, 0.8560591507, [0.6719121631325913, -49.721392044008205]
16, 3, 0.829987625, [0.6356081010647301, -37.917954427424625]
16, 4, 0.703729111, [0.15174636502727856, -42.49473786667275]
16, 5, 0.5762174721, [2.5872987467697417, -42.04503266554656]
16, 6, 0.3675162929, [-3.432275298171587, -39.98996871435459]
16, 7, 0.3483492599, [-2.636822343275388, -41.57449376202306]
16, 8, 0.3207636761, [-1.564363355118549, -42.33625573625554]
16, 9, 0.2972820557, [-2.184185573463153, -45.65736942888096]
17, 0, 0.8713556231, [0.6356081010647301, -42.08518508410883]
17, 1, 0.87078172, [0.6537601320986607, -44.97627156141158]
17, 2, 0.7305148937, [2.111265095591115, -42.08518508410883]
17, 3, 0.6610388898, [0.1665344978868054, -46.76984303723945]
17, 4, 0.4581690315, [-0.03633149309637118, -41.05519982372777]
17, 5, 0.3501296027, [-1.63056956358974, -39.392940732399445]
17, 6, 0.3167589505, [-0.07845089870394506, -47.80840447162458]
17, 7, 0.2838262166, [-3.348403448941037, -47.80840447162458]
17, 8, 0, [4.607048725700542, -50.5082442710699]
17, 9, 0, [5.814082825454036, -53.497335273834686]
18, 0, 0.8713556231, [0.6356081010647301, -42.08518508410883]
18, 1, 0.869958307, [0.6537601320986607, -46.08849527434079]
18, 2, 0.7937052356, [1.6566648606362964, -43.421631699698615]
18, 3, 0.7754740311, [1.9056824877162128, -44.15791624473603]
18, 4, 0.6725302175, [2.316861240567285, -42.55234511173143]
18, 5, 0.3147620433, [-3.948818760224219, -45.257691861104206]
18, 6, 0.3119688096, [-1.2070904248818652, -42.54516808885053]
18, 7, 0.2872551796, [-0.3482844541557348, -43.90614459495344]
18, 8, 0.2762466493, [-0.41950875650718594, -44.901350277365424]
18, 9, 0, [2.9326106304431705, -42.819854716182576]
19, 0, 0.8713556231, [0.6356081010647301, -42.08518508410883]
19, 1, 0.8710281716, [0.6341157302668747, -42.782678736475994]
19, 2, 0.8509010937, [1.1552124963674786, -46.045973505800234]
19, 3, 0.8368896309, [1.1391087860292548, -52.932102783199056]
19, 4, 0.8275914944, [1.366728107435586, -49.069279897772674]
19, 5, 0.7613013833, [1.9867630506017906, -50.485030371189964]
19, 6, 0.7503981519, [2.025536252353618, -47.30086799045217]
19, 7, 0.3177520842, [-1.0744890868892234, -41.84135440381468]
19, 8, 0.3156569999, [-1.0351457072415673, -42.08518508410883]
19, 9, 0.276946038, [-1.1781216642370564, -46.19038014074575]
20, 0, 0.8713556231, [0.6356691271668021, -42.24603594351587]
20, 1, 0.8713556231, [0.6356081010647301, -42.08518508410883]
20, 2, 0.8703785122, [0.6341767563689468, -42.90785931146749]
20, 3, 0.8700410735, [0.6341157302668747, -45.17660191025018]
20, 4, 0.6756597807, [0.13937541778110085, -43.33285405262163]
20, 5, 0.5280597974, [2.668850576444244, -37.059089244665294]
20, 6, 0.3547675806, [-3.4863524684713507, -41.56727565172453]
20, 7, 0.2874679109, [-1.1130813986431018, -45.060843957316905]
20, 8, 0.2230023674, [-1.6590006414260439, -51.984895247593464]
20, 9, 0.2174630474, [-0.9161308426462271, -51.729326795931925]
21, 0, 0.8718661666, [0.6356386141157662, -42.60207063510711]
21, 1, 0.8713556231, [0.6356691271668021, -42.24603594351587]
21, 2, 0.8703785122, [0.6341767563689468, -42.90785931146749]
21, 3, 0.8699143749, [0.6348619156658024, -43.6308934971795]
21, 4, 0.8034737253, [1.5972910627170278, -42.90785931146749]
21, 5, 0.6166606678, [2.4744451741616196, -43.168452706621025]
21, 6, 0.3400183257, [-0.5250843193555008, -37.98843426058937]
21, 7, 0.3378133813, [-7.275547593992504, -42.70901956836523]
21, 8, 0.3295777935, [-0.12393991741065613, -43.6308934971795]
21, 9, 0.3134068969, [-0.9381913189098006, -42.14018292702468]
22, 0, 0.8718661666, [0.6356386141157662, -42.60207063510711]
22, 1, 0.8713556231, [0.6356386141157662, -42.248469526941655]
22, 2, 0.870598268, [0.6356538706412842, -42.42405328931149]
22, 3, 0.8692134698, [0.6349076852423565, -45.52254277083863]
22, 4, 0.8681773612, [0.6349253309987356, -45.78293265260002]
22, 5, 0.674572503, [0.11601232150164997, -38.142549924248044]
22, 6, 0.5834418441, [2.513455244526162, -36.362021121536074]
22, 7, 0.3612992493, [-4.167137095281103, -40.93845055926694]
22, 8, 0.3404755064, [-4.7660218825665535, -42.66299532931603]
22, 9, 0.3355322793, [-3.463815922639394, -42.96878400567641]
23, 0, 0.8722106239, [0.6352731496790613, -44.47953310038408]
23, 1, 0.8718661666, [0.6356386141157662, -42.60207063510711]
23, 2, 0.8713556231, [0.6356446041426382, -42.09011169362206]
23, 3, 0.848243148, [0.6356538706412842, -39.990127406999285]
23, 4, 0.8434465848, [0.6356386141157662, -39.41889828406053]
23, 5, 0.8425071505, [0.6356598606681563, -39.65718153126624]
23, 6, 0.3484364785, [-1.8087311138960953, -40.04541881813043]
23, 7, 0.3282209761, [-4.005775746247256, -43.95013108916663]
23, 8, 0.3110738831, [-1.165490844919338, -42.644713746857484]
23, 9, 0, [5.268189871581813, -45.52254277083863]
24, 0, 0.8722106239, [0.6352731496790613, -44.47953310038408]
24, 1, 0.8697066562, [0.6356386141157662, -45.06903694118598]
24, 2, 0.867331279, [0.6356487989495712, -46.27491624843425]
24, 3, 0.8154040904, [1.5139979700855613, -47.003753346845464]
24, 4, 0.7918901493, [1.6709782275554796, -43.69380451438026]
24, 5, 0.7705282225, [1.9212279467435787, -50.329393429030205]
24, 6, 0.6796361436, [2.309279243272391, -43.68032249353115]
24, 7, 0.5684379701, [0.03230692613014707, -42.26280705221757]
24, 8, 0.3172089837, [-2.9302249921614725, -44.47953310038408]
24, 9, 0, [3.3537029067621935, -42.81843741556782]
25, 0, 0.8722106239, [0.6352731496790613, -44.47953310038408]
25, 1, 0.8664448751, [0.6354609743143163, -46.63105702716199]
25, 2, 0.8127074355, [1.5553302531060582, -47.44030872375585]
25, 3, 0.3470397707, [-1.1466905327341483, -37.47049728476155]
25, 4, 0.3442947485, [-5.984922595796849, -41.51650982047426]
25, 5, 0.3130427363, [-7.155277680726505, -46.47175002974074]
25, 6, 0.2710962962, [-1.24556709705844, -47.01182949158493]
25, 7, 0.2669808807, [-0.8483640416973621, -46.27491624843425]
25, 8, 0, [3.4380408657092425, -45.61030389169809]
25, 9, 0, [4.2170470022283, -49.17683680372398]
26, 0, 0.8722106239, [0.6352731496790613, -44.47953310038408]
26, 1, 0.8601559061, [0.8319559344545955, -46.71329592224892]
26, 2, 0.8575466739, [0.6353670619966888, -49.604455648439156]
26, 3, 0.851877084, [1.0953017013925597, -45.95992091206996]
26, 4, 0.7524579847, [0.6444550149096331, -32.661360052776296]
26, 5, 0.6219951819, [2.426418697322843, -39.94961054808862]
26, 6, 0.3277813449, [-2.0257674170143614, -42.47703111797168]
26, 7, 0.307773455, [-0.25561477920991604, -42.05077715596177]
26, 8, 0.3055930948, [-3.4604876433610117, -45.8158855056585]
26, 9, 0, [5.8339554225757455, -47.0582808001525]
27, 0, 0.8722106239, [0.6352731496790613, -44.47953310038408]
27, 1, 0.8601559061, [0.8319559344545955, -46.71329592224892]
27, 2, 0.8584780949, [0.8653343816946242, -47.701777777933]
27, 3, 0.6590144926, [2.347226934673732, -46.71329592224892]
27, 4, 0.3619154061, [-0.04702940119127896, -46.19816454958425]
27, 5, 0.3062114118, [-4.195719784713592, -45.99106692320901]
27, 6, 0.2781169002, [-1.2357642957134916, -46.15639853717926]
27, 7, 0.2592234323, [-0.9618165455414346, -47.694493405900964]
27, 8, 0.2349662795, [-0.3760044259163392, -49.72265839390463]
27, 9, 0, [7.531184172936701, -46.98267837267665]
28, 0, 0.8722106239, [0.6352731496790613, -44.47953310038408]
28, 1, 0.8655782833, [0.7503037656868428, -44.295906139350755]
28, 2, 0.8639104236, [0.7336145420668284, -45.994931820887395]
28, 3, 0.8085311817, [1.5819827571366973, -46.09065543915854]
28, 4, 0.3019378742, [-2.5364059861728823, -45.58585006397314]
28, 5, 0.27516824, [-3.784932573482896, -49.15505920935879]
28, 6, 0, [3.265956030110873, -46.09065543915854]
28, 7, 0, [4.68225370680757, -41.52112130156242]
28, 8, 0, [3.173182761274516, -45.07621824612415]
28, 9, 0, [4.038103884620021, -44.16714574682156]
29, 0, 0.8722106239, [0.6352731496790613, -44.47953310038408]
29, 1, 0.8655389468, [0.7419591538768355, -43.590459644003936]
29, 2, 0.84296397, [1.2407868899847683, -46.62696176866787]
29, 3, 0.5164473529, [-0.027189376773047114, -36.35565264357344]
29, 4, 0.3427724854, [-5.946165090019159, -41.63633321788789]
29, 5, 0.321386591, [-7.241876358752244, -45.04514892258411]
29, 6, 0.3175830052, [-3.7430328340310206, -45.07257937465293]
29, 7, 0.2953521191, [-1.0191546428204243, -44.10384867387589]
29, 8, 0.2835357851, [-0.9505664182469105, -45.032691582178614]
29, 9, 0.2825199116, [-0.37563136714372813, -44.47953310038408]
30, 0, 0.8722106239, [0.6352731496790613, -44.47953310038408]
30, 1, 0.8714727889, [0.6731049600832048, -44.48088687577911]
30, 2, 0.8659349668, [0.7375851692317023, -42.968135366430246]
30, 3, 0.8393663882, [0.6352731496790613, -38.957845157958985]
30, 4, 0.7877640985, [1.2543207889855983, -35.153543665670526]
30, 5, 0.7423252561, [2.0652047716829025, -44.44804986198124]
30, 6, 0.7220444974, [1.9692474880489528, -36.806722607273954]
30, 7, 0.6530815083, [2.3529831428765164, -41.884475157366786]
30, 8, 0, [7.363081830527706, -51.14034620236921]
30, 9, 0, [3.764283151030129, -46.17558543032362]
