0, 0, 0.9288329581, [2.337993794602593, -59.249677343319995]
0, 1, 0.9248919258, [2.3745955322283314, -43.6517555819035]
0, 2, 0.8587303182, [2.6776492495740434, -39.69901537731266]
0, 3, 0.812673224, [1.5767263688984465, -59.10608341685789]
0, 4, 0.7911975884, [2.933006598372393, -59.80503720965817]
0, 5, 0.7427360217, [0.8715421771424384, -42.32202948372274]
0, 6, 0.7267347071, [0.8652329118126117, -44.839341356899126]
0, 7, 0.6829145562, [3.222628486966959, -57.391835021117515]
0, 8, 0.6687019374, [1.0626026142919174, -53.30367785553532]
0, 9, 0.3678094689, [0.1928758938935227, -54.034870479400546]
1, 0, 0.9395049968, [1.9756609505633889, -50.59482666178129]
1, 1, 0.9288329581, [2.337993794602593, -59.249677343319995]
1, 2, 0.8979096779, [2.5894277252003675, -45.6237559269404]
1, 3, 0.812673224, [1.5767263688984465, -59.10608341685789]
1, 4, 0.7838776856, [1.4870065908548062, -59.10608341685789]
1, 5, 0.7237718166, [3.1394083021291896, -58.70627733026646]
1, 6, 0.3114202084, [-2.766056753996141, -45.416942034171505]
1, 7, 0.1739415235, [-0.39733271384844215, -55.84653262734642]
1, 8, 0, [5.066765223531249, -48.9511141777228]
1, 9, 0, [8.25155165726845, -51.62784011963809]
2, 0, 0.9395049968, [1.9756609505633889, -50.59482666178129]
2, 1, 0.9395049968, [1.9756609505633889, -50.59482666178129]
2, 2, 0.8885308252, [1.4439470265280794, -46.992852326088766]
2, 3, 0.864694605, [1.3561902722266557, -51.0404496587208]
2, 4, 0.8385737467, [2.3197105159340445, -36.913938462307016]
2, 5, 0.7942946098, [1.2481643498509916, -54.229410579995]
2, 6, 0.7497289958, [1.1325945225449896, -52.20098561709655]
2, 7, 0.704188209, [0.708946300155373, -37.500838051963534]
2, 8, 0.3757768566, [0.2754210482591877, -54.92225200255064]
2, 9, 0.2695933677, [-0.7405688458307718, -47.59092589327915]
3, 0, 0.9411944476, [2.2473652601688245, -49.10086320755845]
3, 1, 0.9395049968, [1.9756609505633889, -50.59482666178129]
3, 2, 0.9395049968, [1.9756609505633889, -50.59482666178129]
3, 3, 0.8901517256, [1.7098039885457341, -41.84532545062047]
3, 4, 0.8755178376, [1.3561902722266557, -45.5172923413591]
3, 5, 0.8533685492, [1.3725094283101251, -52.85453847100512]
3, 6, 0.8100877334, [1.190491925288488, -50.59482666178129]
3, 7, 0.7322878994, [1.0441469181732543, -48.793839493935025]
3, 8, 0.4811986201, [0.4139256206526847, -52.349261595897474]
3, 9, 0.2687350455, [-0.16586345969585548, -49.479415188715464]
4, 0, 0.9458367622, [2.2473652601688245, -51.370774821464046]
4, 1, 0.9411944476, [2.2473652601688245, -49.10086320755845]
4, 2, 0.9399985071, [2.028429181625297, -48.31339090086327]
4, 3, 0.9398399416, [2.1115131053661065, -46.786948232419626]
4, 4, 0.9342540109, [2.1115131053661065, -56.492647442186076]
4, 5, 0.9173168272, [1.7567248720198614, -52.9553663569974]
4, 6, 0.9121237995, [1.6659256113950223, -48.32336689533243]
4, 7, 0.9095375807, [1.6659256113950223, -52.57394378528132]
4, 8, 0.8830771414, [1.4327226812838347, -49.847844934669865]
4, 9, 0.5955330214, [0.9616049938544118, -55.242736455422616]
5, 0, 0.9458367622, [2.2473652601688245, -51.370774821464046]
5, 1, 0.9391727516, [2.1115131053661065, -46.568865166823905]
5, 2, 0.9365957205, [2.137897220897061, -45.989645316503456]
5, 3, 0.9356129351, [2.243392446439687, -46.34944065750622]
5, 4, 0.9284701785, [2.1115131053661065, -43.564359530715215]
5, 5, 0.927559703, [2.2435413138278486, -59.67339544498533]
5, 6, 0.6911055272, [3.2096042947612258, -49.86654626767159]
5, 7, 0.5029146178, [3.4410598232873735, -47.39546386135324]
5, 8, 0.4338469728, [0.3785735419047973, -53.93171113182506]
5, 9, 0, [4.2450618111397835, -54.513365518199414]
6, 0, 0.9458367622, [2.2473652601688245, -51.370774821464046]
6, 1, 0.9443582294, [2.1794391827674655, -48.969819994143975]
6, 2, 0.9435894412, [1.9600243412206684, -51.75369368990782]
6, 3, 0.9403884734, [2.2473652601688245, -56.14078203090756]
6, 4, 0.9306240402, [2.243392446439687, -44.48805953678069]
6, 5, 0.8967080004, [1.5262429456475277, -46.34944065750622]
6, 6, 0.8631128844, [1.3514595089641808, -51.37301419253988]
6, 7, 0.2733898891, [-3.833366381600594, -48.86010773948513]
6, 8, 0.2124191347, [-3.8246777833080277, -54.64385716473754]
6, 9, 0, [5.421797924763606, -49.94191126335108]
7, 0, 0.9458367622, [2.2473652601688245, -51.370774821464046]
7, 1, 0.9443582294, [2.1794391827674655, -48.969819994143975]
7, 2, 0.9328240525, [1.8951648483372605, -47.61844934806594]
7, 3, 0.922650515, [2.462620445558979, -49.856932572785965]
7, 4, 0.7923230566, [2.9471653667893327, -53.7557784261858]
7, 5, 0.18264982, [-0.6977558390219083, -55.07636645858241]
7, 6, 0, [6.004744965110209, -50.92693005082204]
7, 7, 0, [4.447253882835381, -50.50967466435219]
7, 8, 0, [3.5763460388506703, -56.485230222233376]
7, 9, 0, [3.8534881709943996, -38.65674578405642]
8, 0, 0.9458367622, [2.2473652601688245, -51.370774821464046]
8, 1, 0.9435036744, [2.17889264694812, -48.795243319034384]
8, 2, 0.942979723, [2.0712650542530424, -49.494612084764995]
8, 3, 0.9426591266, [2.3549928528639015, -52.82813438049885]
8, 4, 0.8542297981, [1.25270006351515, -45.64176087885877]
8, 5, 0.6874228393, [3.215030282456946, -50.61385369712501]
8, 6, 0.323217306, [-0.08547967948433621, -48.73769096042595]
8, 7, 0, [3.6510809712730268, -53.152463966454036]
8, 8, 0, [4.062983595236502, -50.11621654556169]
8, 9, 0, [5.757629975028515, -49.41337628346497]
9, 0, 0.9458367622, [2.2473652601688245, -51.370774821464046]
9, 1, 0.9431637157, [2.2601082718617063, -51.03237319519054]
9, 2, 0.9340846387, [2.1593151572109335, -45.12719527412219]
9, 3, 0.9210877145, [1.772407249262368, -48.9120096504652]
9, 4, 0.8272620781, [2.8571746579934127, -48.81453566397241]
9, 5, 0.7926494855, [1.1102911284780188, -45.899529939317915]
9, 6, 0.5404709662, [0.5176177385642469, -51.161373232631924]
9, 7, 0.3229275313, [0.054544424245222434, -53.27325193990989]
9, 8, 0.2586192977, [-1.9503050460832778, -50.554586425379455]
9, 9, 0.2555811344, [-1.2234143602784973, -49.494612084764995]
10, 0, 0.9458367622, [2.2473652601688245, -51.370774821464046]
10, 1, 0.9458367622, [2.2473652601688245, -51.370774821464046]
10, 2, 0.9431637157, [2.2601082718617063, -51.03237319519054]
10, 3, 0.9431637157, [2.2601082718617063, -51.03237319519054]
10, 4, 0.9389033697, [2.387429475402588, -53.843980468643615]
10, 5, 0.9281722045, [2.1687032458446214, -58.15183934236618]
10, 6, 0.9035262463, [2.269496360495394, -66.3045373749114]
10, 7, 0.7976073861, [2.923492715022207, -53.3688235195794]
10, 8, 0, [5.762989677097757, -52.21127456640119]
10, 9, 0, [4.156383809265088, -50.09265524271822]
11, 0, 0.9458367622, [2.2473652601688245, -51.370774821464046]
11, 1, 0.9424558291, [2.2473652601688245, -50.31464486993519]
11, 2, 0.8721046406, [2.7609812411677592, -53.55269769973945]
11, 3, 0.7027410322, [0.9507438768362344, -49.18569564517646]
11, 4, 0.4661906787, [0.1052447936837182, -46.69963793715006]
11, 5, 0.231645717, [-0.04764098815652362, -55.40655280993922]
11, 6, 0, [4.112973304102754, -54.211091568978865]
11, 7, 0, [6.886921686173126, -49.236851135272985]
11, 8, 0, [4.076620627928415, -53.32621952118067]
11, 9, 0, [6.179407211039653, -50.651790965006796]
12, 0, 0.9458367622, [2.2473652601688245, -51.370774821464046]
12, 1, 0.9316056816, [2.051099929816957, -56.06959477528234]
12, 2, 0.9238576446, [2.478704845448542, -51.370774821464046]
12, 3, 0.8583727081, [2.803521227680322, -50.52785275375925]
12, 4, 0.7460915226, [0.9568001042254938, -44.74399707852674]
12, 5, 0.739175476, [3.0989205707106002, -48.35900401131187]
12, 6, 0.5879844816, [0.500616983196084, -48.24930320240113]
12, 7, 0.3211676903, [-0.10153706408087082, -48.207124705420945]
12, 8, 0, [3.6644375876257635, -50.31464486993519]
12, 9, 0, [4.286074806841384, -50.31464486993519]
13, 0, 0.9458367622, [2.2473652601688245, -51.370774821464046]
13, 1, 0.9411944476, [2.2473652601688245, -49.01771634959231]
13, 2, 0.8962108659, [1.5039500170212254, -49.202159533852914]
13, 3, 0.8918323374, [1.5039500170212254, -50.406795926904536]
13, 4, 0.8728223016, [1.5039500170212254, -53.50681526095706]
13, 5, 0.2227698093, [-0.43268040424882814, -51.84667098882599]
13, 6, 0.1994015479, [-0.6799244418175423, -53.7201847983732]
13, 7, 0, [5.4705768059694915, -59.583635725953314]
13, 8, 0, [4.531656392642364, -48.668617734988416]
13, 9, 0, [3.633552165558785, -56.06959477528234]
14, 0, 0.9458367622, [2.2473652601688245, -51.370774821464046]
14, 1, 0.9445359926, [2.2473652601688245, -54.45852956869603]
14, 2, 0.9190377546, [2.4870493099313893, -49.75631582795113]
14, 3, 0.8961924363, [1.5039500170212254, -49.66183602791392]
14, 4, 0.89458122, [2.6624349647767565, -51.608722905145015]
14, 5, 0.787896139, [1.1619386381402705, -50.941589648951165]
14, 6, 0.6331314105, [3.3132349129532184, -49.71225613824842]
14, 7, 0.2704650482, [-3.060651080697901, -50.19424558552818]
14, 8, 0.2562380367, [-2.102446529066933, -51.016684667687045]
14, 9, 0, [5.979500820212371, -54.99355932034913]
15, 0, 0.9458367622, [2.2473652601688245, -51.370774821464046]
15, 1, 0.9414399782, [2.319973384304547, -51.29046998433951]
15, 2, 0.930370289, [2.2473652601688245, -58.5618362708603]
15, 3, 0.927142055, [2.0319837763665647, -56.40042069025575]
15, 4, 0.92145277, [2.4085924649872217, -44.69241081451517]
15, 5, 0.9183268342, [1.6990546910521773, -48.81867823970152]
15, 6, 0.9125057274, [2.519447899056328, -48.45777022187858]
15, 7, 0.8683472208, [1.471632506297079, -53.34649600714871]
15, 8, 0.7011599332, [0.7775574365458782, -44.656703784978205]
15, 9, 0, [4.471828199833586, -56.975332435220146]
16, 0, 0.9458367622, [2.2473652601688245, -51.370774821464046]
16, 1, 0.9384539276, [2.2473652601688245, -47.20354416477984]
16, 2, 0.9317436778, [2.283669322236686, -57.093994208979794]
16, 3, 0.9286358199, [2.283669322236686, -59.00698178136342]
16, 4, 0.8770277436, [1.425003520238054, -51.04842767972535]
16, 5, 0.2889575921, [-0.06541096049116613, -51.74930839725598]
16, 6, 0.2701970371, [-1.8205181390674925, -49.27555845170981]
16, 7, 0.2377088611, [-1.0250651841712939, -50.86008349937828]
16, 8, 0.1844906643, [-0.5724284143590586, -54.94295916623618]
16, 9, 0, [6.112864599908518, -49.2435185303413]
17, 0, 0.9458367622, [2.2473652601688245, -51.370774821464046]
17, 1, 0.9421752664, [2.2473652601688245, -49.31663627666683]
17, 2, 0.9301965269, [2.3733811678735526, -59.01063932189682]
17, 3, 0.9233624576, [1.7601396259569693, -51.110207752494695]
17, 4, 0.9025076035, [1.5754256660077233, -50.340789561082985]
17, 5, 0.896021328, [1.497002198332288, -47.20354416477984]
17, 6, 0.2905301752, [-1.7729503519048038, -47.20354416477984]
17, 7, 0.177217988, [0.01749165758221638, -60.48235550274729]
17, 8, 0, [7.808578071924186, -51.69059428610745]
17, 9, 0, [3.7230222546952096, -51.370774821464046]
18, 0, 0.9458367622, [2.2473652601688245, -51.370774821464046]
18, 1, 0.9434011533, [2.2473652601688245, -50.428859989596035]
18, 2, 0.8347090348, [1.2543966894313945, -50.71912182125867]
18, 3, 0.7967720014, [1.1831723870799433, -51.71432750367065]
18, 4, 0.6700020312, [3.244721840743586, -53.185254588253045]
18, 5, 0.6625632546, [3.259346004223426, -50.234608926003844]
18, 6, 0.535580039, [0.3955907187052641, -49.35814531515576]
18, 7, 0.3970498733, [3.4992876157863764, -48.49828095999128]
18, 8, 0.1999362682, [-3.0209581600479183, -55.890601337625824]
18, 9, 0, [4.5352917740303, -49.632831942487805]
19, 0, 0.9467733292, [2.2473652601688245, -51.534883917457016]
19, 1, 0.9458367622, [2.2473652601688245, -51.370774821464046]
19, 2, 0.932255313, [1.9623965858682166, -54.88820731618033]
19, 3, 0.9281146284, [2.2495592650874903, -59.450230170230796]
19, 4, 0.9245896846, [1.7508809748001095, -51.86490092420789]
19, 5, 0.8761120585, [2.734206284897274, -56.7390829420801]
19, 6, 0.7712857654, [2.997324102350666, -44.002400722226305]
19, 7, 0.6594379808, [3.2658128405891063, -51.25186581819079]
19, 8, 0.5532050761, [0.5766114518625272, -51.370774821464046]
19, 9, 0.5474852884, [0.537268072214871, -51.12694414116989]
20, 0, 0.9474410286, [2.2473652601688245, -51.64847456296663]
20, 1, 0.946976201, [2.2473652601688245, -51.44869518255812]
20, 2, 0.9467733292, [2.2473652601688245, -51.534883917457016]
20, 3, 0.9444246492, [2.2473652601688245, -53.76469799523823]
20, 4, 0.9223118187, [1.751878762284123, -52.35175151178974]
20, 5, 0.4713497152, [0.4994219458599203, -54.07974141648502]
20, 6, 0.3881428531, [0.6394413893528452, -59.18961695354821]
20, 7, 0.2617576113, [-1.8731029385694011, -50.15537173671258]
20, 8, 0.1742789397, [-0.8297260211206834, -55.72267904461322]
20, 9, 0, [3.8783212007466603, -46.20505556652943]
21, 0, 0.9474410286, [2.2473652601688245, -51.64847456296663]
21, 1, 0.9473336606, [2.2473652601688245, -51.985044994057134]
21, 2, 0.947121098, [2.2473652601688245, -52.606696588898174]
21, 3, 0.9467733292, [2.2473652601688245, -51.534883917457016]
21, 4, 0.8800958065, [1.488563427092366, -52.70658627910243]
21, 5, 0.772226515, [1.0874190251475213, -46.96423735230805]
21, 6, 0.6907161442, [3.2104795665169057, -51.534883917457016]
21, 7, 0.5908268688, [0.6743120255932216, -51.215875708947614]
21, 8, 0.2475677675, [-5.6634173421889455, -51.900223347173934]
21, 9, 0, [4.086171820214679, -52.55142706557105]
22, 0, 0.9480880135, [2.2473652601688245, -51.81675977851188]
22, 1, 0.9474410286, [2.2473652601688245, -51.64847456296663]
22, 2, 0.9457696412, [2.2473652601688245, -51.29487345480118]
22, 3, 0.9439910453, [2.2473652601688245, -53.52862949320676]
22, 4, 0.94391963, [2.2473652601688245, -54.89516337348373]
22, 5, 0.9149827836, [1.7277389675547083, -47.188953852107566]
22, 6, 0.2722516206, [-2.5554738645609785, -49.826560907455686]
22, 7, 0.2524134517, [-3.1542746967374606, -51.83938870867335]
22, 8, 0.2283020994, [-1.8506068790634824, -52.79761073460489]
22, 9, 0, [5.672752243902106, -51.825971211696285]
23, 0, 0.9480880135, [2.2473652601688245, -51.81675977851188]
23, 1, 0.9467733292, [2.2473652601688245, -51.53015661277612]
23, 2, 0.9441172307, [2.2473652601688245, -53.18257897958063]
23, 3, 0.940733487, [2.2473652601688245, -48.6335874274653]
23, 4, 0.940733487, [2.2473652601688245, -48.568041579885005]
23, 5, 0.9406941487, [2.2473652601688245, -48.860947572488975]
23, 6, 0.5038948053, [0.4462358011337204, -51.85940289026225]
23, 7, 0.2669525296, [-0.19701972436855497, -48.91623898362012]
23, 8, 0.2401172833, [-2.393683635757492, -52.653176968363184]
23, 9, 0, [6.880647446508282, -53.52862949320676]
24, 0, 0.9480880135, [2.2473652601688245, -51.81675977851188]
24, 1, 0.9434364324, [2.2473652601688245, -53.997122918854984]
24, 2, 0.9355141305, [2.2473652601688245, -56.61646097856176]
24, 3, 0.9092970768, [1.6442056811253627, -50.53330341189284]
24, 4, 0.7282236347, [3.1257204213316867, -55.18091676868341]
24, 5, 0.6523321896, [3.283070338045243, -51.03103119250806]
24, 6, 0.3371285117, [3.533320057233342, -57.66662010715801]
24, 7, 0.2277287878, [-1.3181328816717093, -51.81675977851188]
24, 8, 0, [4.965795017251956, -50.15566409369562]
24, 9, 0, [3.921177998267607, -51.95081885320642]
25, 0, 0.9480880135, [2.2473652601688245, -51.81675977851188]
25, 1, 0.9435598603, [2.2473652601688245, -55.470442731289644]
25, 2, 0.9305963386, [2.42648016387084, -52.87369709534343]
25, 3, 0.4887135921, [0.7633524195218913, -56.61646097856176]
25, 4, 0.3135413581, [-0.27554062196936613, -42.90388565634913]
25, 5, 0.2627526979, [-4.373018309942341, -50.35589552460192]
25, 6, 0.2423897346, [-1.1153593860186386, -50.54137955663231]
25, 7, 0.1808116818, [-5.543561219507252, -56.81329475986825]
25, 8, 0, [4.309190776474025, -51.04369226328567]
25, 9, 0, [5.828763463447554, -59.51838153385149]
26, 0, 0.9480880135, [2.2473652601688245, -51.81675977851188]
26, 1, 0.9441202625, [2.255011883968028, -53.11767830417165]
26, 2, 0.9428562101, [2.3369227120198324, -52.345228436927655]
26, 3, 0.9413646541, [2.0734830327642406, -53.849682960106534]
26, 4, 0.9320892294, [2.2473652601688245, -57.692761839566884]
26, 5, 0.8392706118, [1.505358839845358, -56.043451854925706]
26, 6, 0.2434671954, [-2.218866632733739, -52.201193030516194]
26, 7, 0.1728157168, [-0.2647937979590873, -56.469705816935615]
26, 8, 0, [7.445953620747881, -55.14658699128023]
26, 9, 0, [3.995255502747151, -52.1598682437794]
27, 0, 0.9480880135, [2.2473652601688245, -51.81675977851188]
27, 1, 0.9465961098, [2.2052028723920367, -53.01704519619554]
27, 2, 0.9441202625, [2.255011883968028, -53.11767830417165]
27, 3, 0.9066992677, [1.6097944790651741, -51.2371642828924]
27, 4, 0.664425358, [1.1415696040852588, -56.5934629239299]
27, 5, 0.5090407811, [0.42105958454296166, -51.19539827048741]
27, 6, 0.4781152759, [0.5557574844601634, -54.56529793592623]
27, 7, 0.2324681652, [-2.3613673638778296, -53.21579648216215]
27, 8, 0, [3.7702828841871643, -53.11767830417165]
27, 9, 0, [9.176500432796134, -53.27456363542472]
28, 0, 0.94818134, [2.2262840662804306, -52.81541979692461]
28, 1, 0.9480880135, [2.2473652601688245, -51.81675977851188]
28, 2, 0.94348396, [2.2511885720684264, -50.67246974153398]
28, 3, 0.7488062077, [3.082867563518281, -52.467219041341764]
28, 4, 0.2510373658, [-2.0990761587322795, -51.51639758335878]
28, 5, 0.1944098129, [-2.2922630492692937, -55.975547185396]
28, 6, 0, [4.766840836492456, -52.467219041341764]
28, 7, 0, [6.294345817297333, -48.858347979690215]
28, 8, 0, [4.78527487176428, -52.41344492425195]
28, 9, 0, [5.538988691001605, -50.543709349004786]
29, 0, 0.94818134, [2.2262840662804306, -52.81541979692461]
29, 1, 0.9442446031, [2.254957262005754, -53.760178876630945]
29, 2, 0.9424660367, [2.2492769161186255, -49.68965542390779]
29, 3, 0.8913820491, [1.5638215398283222, -44.69153934011397]
29, 4, 0.8044719699, [1.2153795494576412, -52.81541979692461]
29, 5, 0.352359794, [0.06360395377407557, -52.16590869014169]
29, 6, 0.321257809, [-0.00498427079943832, -51.237065781838965]
29, 7, 0.2729423612, [-4.451299580671367, -48.80700402548706]
29, 8, 0.2610882517, [-0.022448894550234577, -54.11094966471954]
29, 9, 0.2569349481, [-2.2357150717892305, -51.171775154556784]
30, 0, 0.94818134, [2.2262840662804306, -52.81541979692461]
30, 1, 0.9465887542, [2.2364518377001046, -52.81685836376873]
30, 2, 0.9441202625, [2.2537816990181576, -53.156074645889966]
30, 3, 0.9390759646, [2.2262840662804306, -47.29373185449951]
30, 4, 0.8265290684, [2.8453317055869674, -43.48943036221105]
30, 5, 0, [8.91508634289285, -60.39314916695298]
30, 6, 0, [5.316287663395273, -55.428388394907394]
30, 7, 0, [7.210974345481659, -51.96057809209098]
30, 8, 0, [3.9471924811354224, -50.23858190074002]
30, 9, 0, [3.5602584046503223, -45.14260930381448]
