0, 0, 0.8463093685, [0.8715421771424384, -42.32202948372274]
0, 1, 0.8454027437, [0.8652329118126117, -44.839341356899126]
0, 2, 0.8304800742, [1.0626026142919174, -53.30367785553532]
0, 3, 0.7904308259, [1.5767263688984465, -59.10608341685789]
0, 4, 0.6466125483, [2.337993794602593, -59.249677343319995]
0, 5, 0.6394465431, [2.3745955322283314, -43.6517555819035]
0, 6, 0.5332192608, [2.6776492495740434, -39.69901537731266]
0, 7, 0.4779895812, [0.1928758938935227, -54.034870479400546]
0, 8, 0, [3.222628486966959, -57.391835021117515]
0, 9, 0, [2.933006598372393, -59.80503720965817]
1, 0, 0.8468594295, [1.0455239661643139, -45.220919172841285]
1, 1, 0.8463093685, [0.8715421771424384, -42.32202948372274]
1, 2, 0.8454444358, [0.8715421771424384, -41.53793664612333]
1, 3, 0.8307528364, [0.972882836248277, -53.30367785553532]
1, 4, 0.8304800742, [1.0626026142919174, -53.30367785553532]
1, 5, 0.8038214154, [1.4709805013588744, -46.9917737234064]
1, 6, 0.3225875369, [-4.309960513032195, -45.01410528007239]
1, 7, 0.3112024045, [-2.0657605146187574, -44.13202902048637]
1, 8, 0, [3.4241766132555425, -44.316109174305595]
1, 9, 0, [6.608963046992745, -46.99283511622088]
2, 0, 0.8468594295, [1.0455239661643139, -45.220919172841285]
2, 1, 0.8468594295, [1.0455239661643139, -45.220919172841285]
2, 2, 0.8446443194, [0.741039537042838, -41.036737110170634]
2, 3, 0.797529011, [0.4422466861656406, -38.216680359725494]
2, 4, 0.692748372, [0.24356059285401377, -40.278406456257514]
2, 5, 0.6025516966, [0.2024575381459145, -46.82707812815654]
2, 6, 0.4518316834, [0.028953223933223637, -42.32141972780423]
2, 7, 0.3217165421, [-2.0645801120592737, -42.86106250840061]
2, 8, 0.297071985, [-0.9228732526704271, -43.77147432828201]
2, 9, 0.2758614591, [-0.0758469163775104, -49.499547195116456]
3, 0, 0.8468594295, [1.0455239661643139, -45.220919172841285]
3, 1, 0.8468594295, [1.0455239661643139, -45.220919172841285]
3, 2, 0.821093111, [1.3172282757697493, -43.72695571861844]
3, 3, 0.8078020543, [0.8932817516035759, -36.18031409819141]
3, 4, 0.805776277, [0.44237244391105013, -47.480630982065115]
3, 5, 0.7467883976, [0.4422466861656406, -32.69352304236379]
3, 6, 0.6875205924, [0.260354940889413, -45.220919172841285]
3, 7, 0.6654160535, [0.22762468123109614, -43.12882814150596]
3, 8, 0.2959689199, [-1.0960004440949305, -44.10550769977546]
3, 9, 0.2632009688, [-0.5162113637463903, -46.97535410695747]
4, 0, 0.8492451611, [1.098292197226222, -46.08749541383455]
4, 1, 0.8468594295, [1.0455239661643139, -45.220919172841285]
4, 2, 0.8466435154, [0.8798003598403997, -45.871100744104005]
4, 3, 0.8447138974, [0.8265878876207866, -44.433446866146106]
4, 4, 0.8442993814, [1.0455239661643139, -42.160022470591045]
4, 5, 0.84174683, [1.0455239661643139, -47.49083078674688]
4, 6, 0.8349646032, [0.8798003598403997, -50.1216776340529]
4, 7, 0.8314858559, [1.0455239661643139, -51.865721680357495]
4, 8, 0.7815822472, [0.3667335420820421, -45.220919172841285]
4, 9, 0.25068612, [-0.10438414534738083, -50.61581069359403]
5, 0, 0.8492451611, [1.098292197226222, -46.08749541383455]
5, 1, 0.8464894969, [0.9626621630023569, -42.82852822076524]
5, 2, 0.8444852103, [1.0455239661643139, -42.678130749051626]
5, 3, 0.8444318867, [0.8265878876207866, -41.210858164441696]
5, 4, 0.8442071917, [0.8265878876207866, -44.215363800550385]
5, 5, 0.8397286718, [1.1360102127556508, -49.865443255373066]
5, 6, 0.7421419277, [2.0077630007567153, -45.986602232954425]
5, 7, 0.6726542451, [2.239218529282863, -43.51551982663608]
5, 8, 0.2945849767, [-0.7289575591674002, -44.1237589422128]
5, 9, 0, [3.5378337190133733, -49.25746407421146]
6, 0, 0.8492451611, [1.098292197226222, -46.08749541383455]
6, 1, 0.8449080639, [1.0304771801142896, -44.4580118172999]
6, 2, 0.8428221889, [0.8109512782780658, -46.47041428227833]
6, 3, 0.8369770282, [1.098292197226222, -50.857502623278066]
6, 4, 0.8274484006, [0.8265878876207866, -39.34947704371616]
6, 5, 0.602442428, [0.20249750631100494, -46.8612060156958]
6, 6, 0.5329956421, [0.10943838682862717, -41.210858164441696]
6, 7, 0.3299916839, [-5.116305192481345, -43.649176789138124]
6, 8, 0.2707069347, [-4.97375084625063, -49.36057775710805]
6, 9, 0, [4.138859113882855, -44.730980313004075]
7, 0, 0.8492451611, [1.098292197226222, -46.08749541383455]
7, 1, 0.8449606647, [0.7462028456840846, -43.10664117122186]
7, 2, 0.8449080639, [1.0304771801142896, -44.4580118172999]
7, 3, 0.8394850765, [1.1796816346782275, -44.64600162243895]
7, 4, 0.779099904, [1.7980923038467305, -48.472499018556306]
7, 5, 0.6210886923, [2.4272729759080676, -51.20195081460388]
7, 6, 0.5631759114, [2.4730361843651907, -33.628906909220404]
7, 7, 0.5511268251, [2.6405225833859594, -40.93056075326815]
7, 8, 0.2541352488, [-1.8468763514386684, -49.366360228014116]
7, 9, 0, [4.7218061542294585, -45.715999100475024]
8, 0, 0.8492451611, [1.098292197226222, -46.08749541383455]
8, 1, 0.8470846997, [1.1050794073962584, -44.60955907847786]
8, 2, 0.8470323579, [1.1389869159522248, -47.581029201510596]
8, 3, 0.8468061765, [1.064384688670256, -45.272753615567225]
8, 4, 0.7436245746, [1.9990243455452692, -45.36674851813675]
8, 5, 0.6953677559, [0.24581969793236347, -41.419902409661]
8, 6, 0.6452011177, [2.3599262712600355, -47.57923485117823]
8, 7, 0.2928091366, [-1.1592929190361976, -44.552006719869425]
8, 8, 0, [2.77182889522351, -44.54298743028588]
8, 9, 0, [4.399542401046449, -43.876321396830406]
9, 0, 0.8497713049, [1.101236959691815, -45.88779013892395]
9, 1, 0.8492451611, [1.098292197226222, -46.08749541383455]
9, 2, 0.8426936183, [1.1186395565892235, -41.52876412868024]
9, 3, 0.8415970653, [0.7317316486406579, -45.31357850502325]
9, 4, 0.759823176, [1.9150982704653063, -47.03964913208091]
9, 5, 0.385473825, [-0.03878193446458367, -40.61625053168842]
9, 6, 0.3076341653, [-4.659972877052493, -46.08749541383455]
9, 7, 0.2755279233, [-2.155692498579315, -47.581029201510596]
9, 8, 0.2709119272, [-2.8825831843840954, -48.641003542125056]
9, 9, 0.270294552, [-0.5938254126829847, -46.42689140853891]
10, 0, 0.8497713049, [1.101236959691815, -45.88779013892395]
10, 1, 0.8497713049, [1.101236959691815, -45.88779013892395]
10, 2, 0.8492451611, [1.098292197226222, -46.08749541383455]
10, 3, 0.8492451611, [1.098292197226222, -46.08749541383455]
10, 4, 0.8365629342, [1.120534753635403, -51.31106883777787]
10, 5, 0.8268800427, [1.3079790127336144, -49.42567976818894]
10, 6, 0.8243498706, [1.1001873942724014, -58.11732023440905]
10, 7, 0.7806051565, [1.7773644145451977, -47.8858388370393]
10, 8, 0, [4.562398740415008, -46.44652723003248]
10, 9, 0, [3.11228146526253, -46.46371963550243]
11, 0, 0.8497713049, [1.101236959691815, -45.88779013892395]
11, 1, 0.8485624337, [1.101236959691815, -44.83166018739509]
11, 2, 0.7946973408, [1.6148529406907497, -48.06971301719935]
11, 3, 0.3205395684, [-1.0408835067932913, -41.216653254609966]
11, 4, 0.2993995854, [-0.20322831072001257, -43.971764413228414]
11, 5, 0.232813969, [-1.1460397985115287, -50.361463199046156]
11, 6, 0, [2.893808072457573, -52.11607500976015]
11, 7, 0, [5.740793385696117, -43.753866452732886]
11, 8, 0, [2.930492327451406, -47.84323483864057]
11, 9, 0, [5.025435023483405, -45.43785973305875]
12, 0, 0.8497713049, [1.101236959691815, -45.88779013892395]
12, 1, 0.8276428049, [1.2810342225376283, -43.851056172925475]
12, 2, 0.8271674979, [1.3325765449715323, -45.88779013892395]
12, 3, 0.8263139188, [0.7769912034421245, -51.315423287853676]
12, 4, 0.7938138131, [1.61979991906599, -44.36647510161649]
12, 5, 0.7588748403, [0.3153346486541625, -43.50657932744981]
12, 6, 0.6012826393, [2.518309287148754, -44.83166018739509]
12, 7, 0.3100095801, [-1.2476653645578804, -42.724140022880846]
12, 8, 0.3044914241, [-0.1763709387940935, -44.05856432959375]
12, 9, 0, [3.139946506364374, -44.83166018739509]
13, 0, 0.8497713049, [1.101236959691815, -45.88779013892395]
13, 1, 0.8452986826, [1.101236959691815, -43.53473166705221]
13, 2, 0.8048827576, [1.4504170708018091, -47.2087849713235]
13, 3, 0.8041525867, [1.4504170708018091, -44.10876563727098]
13, 4, 0.8035346229, [1.4504170708018091, -42.904129244219355]
13, 5, 0.2979068907, [-1.6380214456957116, -44.86942315592471]
13, 6, 0.2761912994, [-0.48621335046824443, -45.54864069919243]
13, 7, 0, [4.512479802091322, -50.732874083504825]
13, 8, 0, [3.3855280921653543, -43.18563305244832]
13, 9, 0, [2.863486458279456, -43.851056172925475]
14, 0, 0.8497713049, [1.101236959691815, -45.88779013892395]
14, 1, 0.8417656956, [1.101236959691815, -48.97554488615593]
14, 2, 0.8312149001, [0.5621080147920575, -45.05108216286434]
14, 3, 0.8222887997, [1.3409210094543798, -44.27333114541103]
14, 4, 0.8051159952, [1.4867002938148097, -45.37860664742433]
14, 5, 0.8041469843, [1.4504170708018091, -43.36380573828036]
14, 6, 0.3279315178, [-2.702277152415146, -42.97384931804814]
14, 7, 0.3227366818, [-4.20677938117491, -44.71126090298808]
14, 8, 0, [4.803766149250425, -48.76344306262844]
14, 9, 0, [3.436563129213593, -50.24630172576359]
15, 0, 0.8497713049, [1.101236959691815, -45.88779013892395]
15, 1, 0.8387004117, [1.2143216701198702, -45.846171430732376]
15, 2, 0.8376559628, [0.6550695396990887, -43.77180896590668]
15, 3, 0.8373606435, [0.6349831902093291, -43.79122268572476]
15, 4, 0.8341476627, [1.101236959691815, -53.0788515883202]
15, 5, 0.8332257569, [0.885855475889555, -50.91743600771565]
15, 6, 0.7929862174, [0.4276473549439902, -48.29962673335387]
15, 7, 0.3354926046, [-0.6806780714803831, -38.62895496316358]
15, 8, 0.3325095536, [-0.36857086393113137, -39.173719102438106]
15, 9, 0, [3.325699899356576, -51.49234775268005]
16, 0, 0.8497713049, [1.101236959691815, -45.88779013892395]
16, 1, 0.844022847, [0.9346956049094794, -46.97683127969942]
16, 2, 0.8427384466, [1.101236959691815, -41.72055948223974]
16, 3, 0.8384042939, [0.9346956049094794, -48.889818852083046]
16, 4, 0.8203006301, [0.7782056308340689, -53.5146619756741]
16, 5, 0.3211108632, [-2.946408146398336, -43.81191683363619]
16, 6, 0.299375761, [-2.1711934846483034, -45.37709881683818]
16, 7, 0.2721152419, [-1.0451379352095385, -46.6338002426505]
16, 8, 0.2504595879, [-1.718556714836068, -49.45997448369608]
16, 9, 0, [4.966736299431508, -43.7605338478012]
17, 0, 0.8497713049, [1.101236959691815, -45.88779013892395]
17, 1, 0.8457269828, [1.0179662823006472, -46.46178749285656]
17, 2, 0.8393888383, [1.1461647508425488, -49.71023333764478]
17, 3, 0.8196760931, [0.530740648088792, -48.255358968684426]
17, 4, 0.8076713232, [0.42929736553071374, -44.857804878542886]
17, 5, 0.5768104677, [0.1843325430729431, -46.97683127969942]
17, 6, 0.5763071652, [2.5768939542182, -45.88779013892395]
17, 7, 0.2914295062, [-3.085620007164149, -46.97683127969942]
17, 8, 0.2347263126, [-1.375970972730991, -50.363189569006614]
17, 9, 0, [8.149689185541007, -50.10086698039478]
18, 0, 0.8497713049, [1.101236959691815, -45.88779013892395]
18, 1, 0.8424323337, [1.0179662823006472, -47.574011205785766]
18, 2, 0.7390097784, [2.0164141432939955, -47.10762720422189]
18, 3, 0.731525698, [2.071582365050832, -46.06569219282866]
18, 4, 0.6687531824, [2.269888637918199, -45.64343217618101]
18, 5, 0.4426394682, [0.06663305025880095, -46.55020508808348]
18, 6, 0.3427008695, [-0.004591252092650211, -47.545410770495465]
18, 7, 0.2839324818, [-0.7921729204673295, -45.18922858198057]
18, 8, 0.2616743811, [-4.249265857497509, -49.81297395359467]
18, 9, 0, [3.3475281348577064, -45.46391520931262]
19, 0, 0.8497713049, [1.101236959691815, -45.88779013892395]
19, 1, 0.8491746274, [1.0943908537643887, -46.18157913721183]
19, 2, 0.8451497209, [1.0409173829528156, -46.862821748932575]
19, 3, 0.8017617578, [1.5171902127973214, -48.63172922378436]
19, 4, 0.7973622552, [1.4979612011016703, -54.013914060564744]
19, 5, 0.7877346585, [1.7287058238654285, -51.6550356157568]
19, 6, 0.7065950278, [2.1431513906060973, -53.873571655676386]
19, 7, 0.5334160571, [0.18215088641138344, -49.7718834361093]
19, 8, 0.2759266113, [-0.6088602282621385, -45.643959458629794]
19, 9, 0.2745680471, [-0.5695168486144824, -45.88779013892395]
20, 0, 0.8497713049, [1.101236959691815, -45.88779013892395]
20, 1, 0.8491746274, [1.0946708050738911, -46.27098970710069]
20, 2, 0.8491550054, [1.1015169110013174, -46.012870993228354]
20, 3, 0.8405786372, [1.0943908537643887, -48.57550231098601]
20, 4, 0.8303231445, [0.6023274088434003, -46.9336067803971]
20, 5, 0.3149202176, [-3.026077344973837, -44.96617605246036]
20, 6, 0.2587347795, [-0.8802593059888539, -47.813502281419076]
20, 7, 0.2500163228, [-0.6501294075808024, -48.66159668509238]
20, 8, 0.1532723946, [-1.8699774378706528, -57.31407845528738]
20, 9, 0, [2.844517449050455, -39.368815893639024]
21, 0, 0.8497713049, [1.101236959691815, -45.88779013892395]
21, 1, 0.8491550054, [1.1015169110013174, -46.012870993228354]
21, 2, 0.848595577, [1.097953882382853, -46.51585004430707]
21, 3, 0.8440017649, [1.0945308294191398, -47.42324600904335]
21, 4, 0.7523920019, [0.3390120736516433, -47.23164622495498]
21, 5, 0.7320608867, [2.0646312173493984, -46.012870993228354]
21, 6, 0.3620839109, [-0.06541540560216341, -41.780786772453226]
21, 7, 0.3045716956, [-6.814540246456773, -46.60229824374889]
21, 8, 0.2739173067, [-0.4752393278475011, -45.74093565480016]
21, 9, 0, [2.9367604424287066, -47.082232115820986]
22, 0, 0.8509205381, [1.101236959691815, -45.53418903075849]
22, 1, 0.8497713049, [1.101236959691815, -45.88779013892395]
22, 2, 0.8493025994, [1.101376935346566, -45.95033056607615]
22, 3, 0.8419191597, [1.099595421037334, -48.96939788916684]
22, 4, 0.8412807851, [0.5816106670776988, -41.42826942806488]
22, 5, 0.8372221277, [1.0950783668629898, -49.66290965032859]
22, 6, 0.322315903, [-3.701054627594138, -44.31179454894849]
22, 7, 0.3098767403, [-4.3004491259658995, -46.01292347654713]
22, 8, 0.2937277605, [-3.0000643856008837, -46.640983381930255]
22, 9, 0, [4.526763919079848, -45.95954199926055]
23, 0, 0.8509205381, [1.101236959691815, -45.53418903075849]
23, 1, 0.8505294209, [1.1012919170235094, -45.70400645785673]
23, 2, 0.846390103, [1.101236959691815, -42.35101667971191]
23, 3, 0.8458555043, [1.101376935346566, -43.516404683763945]
23, 4, 0.8446807526, [1.1014318926782605, -43.15803296028327]
23, 5, 0.8443772226, [1.1004161903645744, -48.02262096553933]
23, 6, 0.3032951794, [-1.3430080491908134, -43.57169609489509]
23, 7, 0.2919093789, [-3.5406327055617424, -47.49321895432188]
23, 8, 0.2772997033, [-0.6998924993432891, -45.57683214250886]
23, 9, 0, [5.732877607376791, -48.96939788916684]
24, 0, 0.8509205381, [1.101236959691815, -45.53418903075849]
24, 1, 0.847071998, [1.101275446229677, -44.66518330813746]
24, 2, 0.8440940944, [1.1012919170235094, -48.170972763935595]
24, 3, 0.8243285922, [0.49766699598473296, -46.97285473454132]
24, 4, 0.7439933993, [1.9796855647242335, -48.23505124320844]
24, 5, 0.7098100406, [2.1369420375682333, -44.74846044475467]
24, 6, 0.636773701, [2.3871917567563323, -51.384049359404614]
24, 7, 0.3018791802, [-2.464261182148719, -45.53418903075849]
24, 8, 0, [3.819666716774947, -43.87309334594223]
24, 9, 0, [2.7746393131269773, -48.390370175854905]
25, 0, 0.8509205381, [1.101236959691815, -45.53418903075849]
25, 1, 0.8440940944, [1.1012644383576622, -48.10641325009986]
25, 2, 0.8295234567, [1.2801466710620208, -47.95218738279098]
25, 3, 0.3401529589, [-1.4218741147781857, -37.98237594379668]
25, 4, 0.3284939615, [-5.519119131753504, -42.99186604341214]
25, 5, 0.2846258268, [-6.689634562652567, -48.36780654524208]
25, 6, 0.2843192617, [-2.261898071159268, -46.98093087928079]
25, 7, 0.2518825601, [-0.3827209236234239, -48.170972763935595]
25, 8, 0, [3.162857283665205, -46.12218255073322]
25, 9, 0, [4.682690120302238, -51.07289331922532]
26, 0, 0.8509205381, [1.101236959691815, -45.53418903075849]
26, 1, 0.8423318808, [0.9272658754542498, -47.70691336323542]
26, 2, 0.8398937155, [1.190691815376918, -46.74318820677473]
26, 3, 0.8375979886, [1.1012506990247386, -50.869461725095306]
26, 4, 0.7665559816, [1.1142377105354984, -32.85131795510698]
26, 5, 0.3152453403, [-0.16030483821026176, -43.04439459694827]
26, 6, 0.3128113876, [-1.9304574760147069, -43.47064855895818]
26, 7, 0.2969305953, [-3.365097529376653, -46.59915280036327]
26, 8, 0, [6.299839059603795, -48.32328687680865]
26, 9, 0, [2.84903834543716, -46.01709864690828]
27, 0, 0.8509205381, [1.101236959691815, -45.53418903075849]
27, 1, 0.8423318808, [0.9272658754542498, -47.70691336323542]
27, 2, 0.8417231615, [1.1459712572008283, -48.725914463613464]
27, 3, 0.8211827181, [0.4636148805052126, -45.29485879393924]
27, 4, 0.6182558712, [2.442536875673386, -47.70691336323542]
27, 5, 0.2951686447, [-3.703052567352832, -47.03836186714351]
27, 6, 0.2816640686, [-0.725120014017, -45.25309278153425]
27, 7, 0.2515381865, [-0.09536755041013523, -50.74679507958509]
27, 8, 0.2485555782, [-0.6811796700352306, -48.718630091581424]
27, 9, 0, [7.653197521284363, -47.968934827223244]
28, 0, 0.8509205381, [1.101236959691815, -45.53418903075849]
28, 1, 0.8496389275, [1.1236041084463215, -45.33530244737819]
28, 2, 0.8443942542, [1.0142514175730324, -47.019068506567855]
28, 3, 0.7501958735, [1.955283099896176, -47.13005174718597]
28, 4, 0.309058151, [-3.245230108250765, -45.403959465005514]
28, 5, 0.2539014504, [-3.504295697976692, -50.17919589503925]
28, 6, 0, [3.6392563728703515, -47.13005174718597]
28, 7, 0, [5.148217516820323, -42.575777231936826]
28, 8, 0, [3.6391465712872697, -46.13087417649856]
28, 9, 0, [4.4114042273795, -45.206542054848995]
29, 0, 0.8509205381, [1.101236959691815, -45.53418903075849]
29, 1, 0.847041134, [1.1193567339522037, -47.06334443437126]
29, 2, 0.8450172463, [1.068927763009677, -44.62222614085788]
29, 3, 0.7985182354, [0.43877443323970655, -37.41030857394785]
29, 4, 0.4746758058, [0.09033244286902553, -45.53418903075849]
29, 5, 0.3297908679, [-5.619196480886317, -42.668099714741835]
29, 6, 0.3173851886, [-7.363306514784809, -45.4815315882875]
29, 7, 0.3023612241, [-3.4160642248981787, -46.10434587150688]
29, 8, 0.2923499811, [-1.140584798852989, -44.54023133957928]
29, 9, 0.2835998844, [-1.071996574279475, -45.469074247882006]
30, 0, 0.8509205381, [1.101236959691815, -45.53418903075849]
30, 1, 0.8503982689, [1.107662393557668, -45.5365174468705]
30, 2, 0.8481916268, [1.1186138472447655, -46.65045164662818]
30, 3, 0.8280392196, [1.101236959691815, -40.012501088333394]
30, 4, 0.7506728263, [1.720284598998352, -36.208199596044935]
30, 5, 0.5998797265, [2.4352112980617067, -37.86137853764836]
30, 6, 0.5976457688, [2.531168581695656, -45.50270579235565]
30, 7, 0, [7.784762525571768, -53.40411656274007]
30, 8, 0, [4.1859638460741895, -48.439355790694485]
30, 9, 0, [6.071631479874287, -45.264633499099176]
