0, 0, 0.8472334945, [0.8715421771424384, -42.32202948372274]
0, 1, 0.84242851, [1.5767263688984465, -59.10608341685789]
0, 2, 0.8376012711, [0.8652329118126117, -44.839341356899126]
0, 3, 0.8365939834, [1.0626026142919174, -53.30367785553532]
0, 4, 0.8050111135, [2.337993794602593, -59.249677343319995]
0, 5, 0.8027041933, [2.3745955322283314, -43.6517555819035]
0, 6, 0.7402890904, [2.6776492495740434, -39.69901537731266]
0, 7, 0.7130706925, [2.933006598372393, -59.80503720965817]
0, 8, 0.6063812919, [3.222628486966959, -57.391835021117515]
0, 9, 0.3508335226, [0.1928758938935227, -54.034870479400546]
1, 0, 0.8665104942, [1.4709805013588744, -46.9917737234064]
1, 1, 0.8626248818, [1.401270694707231, -52.35429020282067]
1, 2, 0.8482036871, [0.8715421771424384, -41.53793664612333]
1, 3, 0.8472334945, [0.8715421771424384, -42.32202948372274]
1, 4, 0.8427241622, [1.4870065908548062, -59.10608341685789]
1, 5, 0.84242851, [1.5767263688984465, -59.10608341685789]
1, 6, 0.5717131857, [3.2977418910718073, -44.135986569488715]
1, 7, 0.4696890674, [3.4241766132555425, -44.316109174305595]
1, 8, 0.3441660649, [-2.0657605146187574, -44.13202902048637]
1, 9, 0.2676037028, [-3.9542137844892773, -52.14747631005178]
2, 0, 0.8684727391, [1.2292635792461288, -44.76000249541979]
2, 1, 0.8665104942, [1.4709805013588744, -46.9917737234064]
2, 2, 0.8665104942, [1.4709805013588744, -46.9917737234064]
2, 3, 0.8399178061, [0.9263055035642699, -38.560322423418995]
2, 4, 0.731568015, [0.627914073340475, -48.59793267872166]
2, 5, 0.6877642319, [0.4477381231374789, -34.624021452210286]
2, 6, 0.5751873743, [0.2653803275926574, -45.94096478894183]
2, 7, 0.3996776474, [0.13688135121976974, -50.38497447039902]
2, 8, 0.3403996513, [-1.8518518444619936, -43.746489783683174]
2, 9, 0.2409593922, [-0.44528072629075055, -49.67303196311354]
3, 0, 0.8684727391, [1.2292635792461288, -44.76000249541979]
3, 1, 0.8650214869, [1.3501220403025016, -45.8758881094131]
3, 2, 0.8599904051, [1.621826349907937, -44.381924655190254]
3, 3, 0.8489859505, [1.3501220403025016, -38.927374066098544]
3, 4, 0.7869499501, [0.7469705180492379, -48.13559991863693]
3, 5, 0.7809960132, [0.6844649699300218, -45.8758881094131]
3, 6, 0.7261788818, [0.9263055035642699, -33.037165106057294]
3, 7, 0.6886511107, [0.444094553971228, -44.76000249541979]
3, 8, 0.3043568982, [-0.7914023699567427, -44.76047663634727]
3, 9, 0.2797427939, [-0.33247175066457535, -46.514437429535974]
4, 0, 0.8726652643, [1.2896928097743152, -42.25704860016621]
4, 1, 0.8705585101, [1.1843984339785876, -46.526069680675825]
4, 2, 0.8684727391, [1.2292635792461288, -44.76000249541979]
4, 3, 0.8682940533, [1.2292635792461288, -47.02991410932539]
4, 4, 0.8673422951, [1.3055039709376222, -46.15617886833011]
4, 5, 0.8655027547, [1.1843984339785876, -50.77664657062472]
4, 6, 0.8626180703, [1.2896928097743152, -51.96274780993266]
4, 7, 0.848811616, [0.9129412002758139, -43.386244706648355]
4, 8, 0.7572626503, [0.6109023856920435, -45.31794530241645]
4, 9, 0.7238730701, [2.9009468928957403, -46.38940413308227]
5, 0, 0.8740949959, [1.1843984339785876, -43.72249836109289]
5, 1, 0.8726652643, [1.2896928097743152, -42.25704860016621]
5, 2, 0.8715500898, [1.2068310066123582, -42.925554350340406]
5, 3, 0.8692436809, [1.2292635792461288, -43.80732540762098]
5, 4, 0.8680217777, [1.2292635792461288, -46.81183104372967]
5, 5, 0.8622692588, [1.3617005214163516, -49.94829804740843]
5, 6, 0.8275474256, [2.1466374685709892, -47.291752740788965]
5, 7, 0.8017010295, [2.378092997097137, -44.82067033447062]
5, 8, 0.2998986595, [-0.5032672505066995, -44.20661373424816]
5, 9, 0, [3.676708186827647, -52.28249696229602]
6, 0, 0.8740949959, [1.1843984339785876, -43.72249836109289]
6, 1, 0.8705202554, [1.1843984339785876, -48.4925055705364]
6, 2, 0.869879541, [1.2370456218764514, -42.98977348062955]
6, 3, 0.8686166105, [1.2292635792461288, -41.94594428689545]
6, 4, 0.8444448603, [0.8970575150304313, -44.10541722953666]
6, 5, 0.730545424, [0.5121140784539694, -43.80732540762098]
6, 6, 0.6623921461, [0.40906594807316676, -45.39296767902545]
6, 7, 0.3751255254, [-4.871914228292492, -43.764911884356934]
6, 8, 0.3454801665, [-4.887644609498265, -46.99558070436638]
6, 9, 0, [4.3832500780717085, -44.846715408222884]
7, 0, 0.8740949959, [1.1843984339785876, -43.72249836109289]
7, 1, 0.8720628683, [1.2804021393930034, -42.56819254715789]
7, 2, 0.8705202554, [1.1843984339785876, -48.4925055705364]
7, 3, 0.8399814982, [1.9066311132328666, -42.83422132399417]
7, 4, 0.8313141793, [0.9001240995483826, -47.14113492445836]
7, 5, 0.7799341104, [2.5358117852942037, -45.56367312004175]
7, 6, 0.7750778768, [2.545628949988637, -43.24871523717514]
7, 7, 0.7469500465, [2.7287519583521265, -43.429431842660726]
7, 8, 0.2842501718, [-1.3494846317453248, -47.81633875787112]
7, 9, 0, [4.822526658944234, -43.638190025193964]
8, 0, 0.8740949959, [1.1843984339785876, -43.72249836109289]
8, 1, 0.86872841, [1.1843984339785876, -46.10750196581465]
8, 2, 0.8612270537, [1.545514773605727, -45.49264052591737]
8, 3, 0.8602952034, [1.545514773605727, -45.720915805873716]
8, 4, 0.7978274939, [2.4055522031987717, -43.27835984254353]
8, 5, 0.7641662772, [2.6700790364906775, -46.12751201277541]
8, 6, 0.6804975448, [0.3658334432406951, -42.25465075990842]
8, 7, 0.6682081613, [3.0819816604541526, -43.09126459188307]
8, 8, 0.2919065966, [-0.7188575528267289, -45.66336344726528]
8, 9, 0, [5.030116787178228, -42.70120693557603]
9, 0, 0.8740949959, [1.1843984339785876, -43.72249836109289]
9, 1, 0.8701029571, [1.2105296341917207, -43.422527351545995]
9, 2, 0.8610209627, [0.9780486958435918, -43.086885640855805]
9, 3, 0.8508042433, [1.3649566037921574, -39.30207126451279]
9, 4, 0.8073440007, [2.3448125658663486, -44.8509947218514]
9, 5, 0.5165477957, [0.04732430228778184, -38.25125347894676]
9, 6, 0.3746284041, [-4.5738666403001265, -43.72249836109289]
9, 7, 0.3298435576, [-2.4760553267305934, -46.55261486653183]
9, 8, 0.3214364167, [-0.149996441388498, -45.60677816589555]
9, 9, 0.3190733226, [-1.7491646409258126, -45.49264052591737]
10, 0, 0.8740949959, [1.1843984339785876, -43.72249836109289]
10, 1, 0.8740949959, [1.1843984339785876, -43.72249836109289]
10, 2, 0.8701029571, [1.2105296341917207, -43.422527351545995]
10, 3, 0.8701029571, [1.2105296341917207, -43.422527351545995]
10, 4, 0.8675168656, [1.2696365581508244, -48.41230495972175]
10, 5, 0.8669958244, [1.232183411460309, -45.282851815212226]
10, 6, 0.8661899369, [0.9997024731121801, -42.69968999304517]
10, 7, 0.8423256307, [1.8605258888319702, -45.72054705920824]
10, 8, 0.5190421859, [3.3687193501064376, -44.28674654147214]
10, 9, 0, [4.776884583543349, -41.21006284710116]
11, 0, 0.8743675413, [1.1843984339785876, -42.66636840956403]
11, 1, 0.8740949959, [1.1843984339785876, -43.72249836109289]
11, 2, 0.8502590887, [1.6980144149775223, -45.90442123936829]
11, 3, 0.7433204868, [2.7803755629385893, -43.72249836109289]
11, 4, 0.6937054629, [3.016848838592734, -49.10843795729337]
11, 5, 0.6933900281, [3.0136538017381787, -45.67794306080951]
11, 6, 0.3837209999, [-0.10552885509387688, -41.55663449316861]
11, 7, 0.3431724935, [-0.9577220325065188, -39.05136147677891]
11, 8, 0.2682020817, [-1.088939362605017, -48.08729824680443]
11, 9, 0, [5.823954859982889, -41.58857467490183]
12, 0, 0.8743675413, [1.1843984339785876, -42.66636840956403]
12, 1, 0.8701853972, [1.415738019258305, -42.66636840956403]
12, 2, 0.8362955125, [0.9428206052647963, -49.14648527674011]
12, 3, 0.8349236225, [1.9128508706027678, -40.80882108958296]
12, 4, 0.7712075806, [2.601470761435527, -43.72249836109289]
12, 5, 0.6046793895, [3.2231079806511467, -43.72249836109289]
12, 6, 0.3477236477, [-1.1645038902711078, -39.50271829352093]
12, 7, 0.3097988941, [-0.39624692153123453, -41.070332059365754]
12, 8, 0, [3.745301275216914, -46.19476068578344]
12, 9, 0, [9.346757559892037, -43.72249836109289]
13, 0, 0.8743675413, [1.1843984339785876, -42.66636840956403]
13, 1, 0.8635885679, [1.1843984339785876, -40.313309937692296]
13, 2, 0.8349777728, [2.0086043903469157, -43.19443338532846]
13, 3, 0.8348619822, [2.0086043903469157, -46.294452719380985]
13, 4, 0.8342712934, [2.0086043903469157, -41.98979699227684]
13, 5, 0.6935595447, [2.9981902550001327, -42.66636840956403]
13, 6, 0.4843588256, [0.07197396907686215, -44.634308447249914]
13, 7, 0.3363895773, [-1.529088810191987, -42.66636840956403]
13, 8, 0, [4.621412437595048, -48.52981933714415]
13, 9, 0, [3.468689566452127, -39.9642113230884]
14, 0, 0.8743675413, [1.1843984339785876, -42.66636840956403]
14, 1, 0.8684723555, [1.1843984339785876, -45.75412315679601]
14, 2, 0.8604956308, [1.4240824837411523, -41.05190941605111]
14, 3, 0.8405178941, [0.8827824117079971, -44.533214839239385]
14, 4, 0.8350983453, [2.0086043903469157, -45.54949282039037]
14, 5, 0.6825740446, [3.034078686520945, -43.30388132853664]
14, 6, 0.3918664213, [-4.123617906888137, -41.48983917362816]
14, 7, 0.3742611789, [-2.3816027554992063, -40.905972327396924]
14, 8, 0, [7.163452736741733, -46.05120482476814]
14, 9, 0, [3.846386881306118, -42.66636840956403]
15, 0, 0.8743675413, [1.1843984339785876, -42.66636840956403]
15, 1, 0.8715024978, [1.25700655811431, -42.58606357243949]
15, 2, 0.8670437115, [1.1843984339785876, -49.85742985896028]
15, 3, 0.8541208522, [1.456481072866091, -39.753363809978566]
15, 4, 0.8486392092, [0.9690169501763276, -47.69601427835573]
15, 5, 0.8464078932, [0.8569874753004447, -41.90216443941424]
15, 6, 0.7764074213, [2.557055413572978, -45.234011169041054]
15, 7, 0.7593450551, [0.6295652905453463, -46.42998220686143]
15, 8, 0.4899982578, [3.4088613736433486, -48.27092602332013]
15, 9, 0.3637211556, [-1.62041774759007, -38.01689173786778]
16, 0, 0.8743675413, [1.1843984339785876, -42.66636840956403]
16, 1, 0.8664983443, [1.2207024960464488, -48.38958779707978]
16, 2, 0.8633090379, [1.2207024960464488, -50.302575369463405]
16, 3, 0.8500227638, [1.1843984339785876, -38.499137752879825]
16, 4, 0.8020220596, [0.6933441650726766, -43.866729016042996]
16, 5, 0.6423133754, [3.1360890796835994, -42.62621599100176]
16, 6, 0.3850243669, [-2.88348496525773, -40.57115203980979]
16, 7, 0.3565370014, [-2.088032010361531, -42.15567708747826]
16, 8, 0.3247162155, [-1.0179699260950479, -42.77971712196088]
16, 9, 0.3112840707, [-1.6353952405492955, -46.23855275433616]
17, 0, 0.8743675413, [1.1843984339785876, -42.66636840956403]
17, 1, 0.8689870023, [1.2025504650125183, -45.55745488686678]
17, 2, 0.7794427671, [0.715324830800663, -47.35102636269465]
17, 3, 0.7565565724, [2.6600554285049727, -42.66636840956403]
17, 4, 0.7438042389, [0.5124588398174863, -41.63638314918297]
17, 5, 0.6489381383, [0.4703394342099124, -48.38958779707978]
17, 6, 0.3396295446, [-1.0817792306758824, -39.974124057854645]
17, 7, 0.3116312536, [-2.7996131160271798, -48.38958779707978]
17, 8, 0, [5.155839058614401, -51.0894275965251]
17, 9, 0, [6.3628731583678935, -54.078518599289886]
18, 0, 0.8751278932, [1.1728711776102776, -42.144998943843326]
18, 1, 0.8743675413, [1.1843984339785876, -42.66636840956403]
18, 2, 0.8729982312, [1.1016468752588264, -43.14020462625531]
18, 3, 0.8709820878, [1.2025504650125183, -46.669678599795986]
18, 4, 0.8413545813, [1.8932862746289878, -45.47585741375193]
18, 5, 0.7953611882, [2.4544728206300706, -44.73909957019123]
18, 6, 0.6600608525, [0.3140652068841472, -40.78402243774042]
18, 7, 0.6266857535, [3.177820492402309, -41.6604860485885]
18, 8, 0.3281998514, [-4.3723937261625165, -48.18120416312471]
18, 9, 0, [4.453766262209183, -41.05870906507246]
19, 0, 0.8751278932, [1.1719234632332307, -42.235836744462816]
19, 1, 0.8751278932, [1.1728711776102776, -42.144998943843326]
19, 2, 0.8725474833, [1.143022654618707, -44.19419653669021]
19, 3, 0.866878154, [1.3545382656868141, -47.21750292866265]
19, 4, 0.8588145952, [1.4974665749439071, -51.806072985478565]
19, 5, 0.8556536907, [1.67029174432999, -48.903320066674624]
19, 6, 0.7796870251, [2.245231412207083, -36.358243537474074]
19, 7, 0.7571445078, [2.702630711412212, -44.99310228011459]
19, 8, 0.3145641372, [-0.4978826306960198, -42.144998943843326]
19, 9, 0.3139486962, [-0.5372260103436759, -41.901168263549174]
20, 0, 0.8751278932, [1.1719234632332307, -42.235836744462816]
20, 1, 0.8749341919, [1.1728711776102776, -42.20837851839521]
20, 2, 0.8749341919, [1.1728711776102776, -42.24404880281075]
20, 3, 0.8725041192, [1.1728711776102776, -44.53892211761751]
20, 4, 0.8000176275, [0.6769108225370526, -43.08933998648229]
20, 5, 0.6725800735, [2.9313871938426317, -36.16310768997753]
20, 6, 0.381254955, [-2.9475970211279483, -40.92959585909186]
20, 7, 0.2956933181, [-0.5755459938871501, -44.817329891177565]
20, 8, 0.2880320721, [-0.8397774169625385, -46.198412850700635]
20, 9, 0.2014952636, [-1.6673382278915934, -54.905374244604474]
21, 0, 0.8751278932, [1.1719234632332307, -42.235836744462816]
21, 1, 0.8749341919, [1.1728711776102776, -42.24404880281075]
21, 2, 0.8749180928, [1.1723973204217542, -42.65856775272377]
21, 3, 0.8732355245, [1.1728711776102776, -43.373650318006355]
21, 4, 0.8212010491, [2.1359854839583585, -42.24404880281075]
21, 5, 0.6922869681, [0.4135954873452956, -43.38737943104016]
21, 6, 0.6889191221, [3.011203880467608, -43.22494982423768]
21, 7, 0.5047344683, [0.012924942588974364, -37.73119108141623]
21, 8, 0.3938339231, [-6.738148353341754, -42.64885925243875]
21, 9, 0.3056577823, [-0.4006559141538488, -41.89666886088534]
22, 0, 0.8751278932, [1.1719234632332307, -42.235836744462816]
22, 1, 0.8749341919, [1.1723973204217542, -42.239942773636784]
22, 2, 0.8731554951, [1.1719234632332307, -41.88223563629736]
22, 3, 0.8712024662, [1.1721603918274925, -45.214780046144625]
22, 4, 0.8699089314, [1.1729485559322619, -45.54453991330149]
22, 5, 0.7765650089, [0.6522971706191145, -37.77631603360375]
22, 6, 0.641795408, [3.050707951111298, -36.054258396842066]
22, 7, 0.39063042, [-4.229723151585253, -42.32006078348699]
22, 8, 0.3875568906, [-3.630838283174588, -40.59106710849726]
22, 9, 0.3706578223, [-2.925581476722751, -42.74279179174794]
23, 0, 0.8751278932, [1.172583366536214, -42.12254835664196]
23, 1, 0.8751278932, [1.1719234632332307, -42.235836744462816]
23, 2, 0.8722574053, [1.1722788561246233, -44.32138836138464]
23, 3, 0.8605051897, [1.1719234632332307, -39.44830975398516]
23, 4, 0.858692206, [1.1721095093476905, -39.156327294576876]
23, 5, 0.8585549323, [1.1719234632332307, -39.05266439341624]
23, 6, 0.3697856401, [-3.4687700398016936, -43.79198635016719]
23, 7, 0.3461561449, [-1.2724615213041488, -39.5036011651163]
23, 8, 0.3182216498, [-0.6292059958018734, -42.27847985621319]
23, 9, 0, [5.80544257816695, -45.214780046144625]
24, 0, 0.8751278932, [1.172583366536214, -42.12254835664196]
24, 1, 0.8738817867, [1.1725277372392766, -47.47008232514914]
24, 2, 0.8713376379, [1.1719234632332307, -44.70280305054168]
24, 3, 0.827626777, [2.050527505510746, -45.60140886515348]
24, 4, 0.8137980852, [2.207958492761141, -41.393463964548566]
24, 5, 0.80288642, [2.4582082119492394, -48.02905287919852]
24, 6, 0.7661284142, [0.568763884189769, -40.83870030533193]
24, 7, 0.7213635381, [2.845736201332013, -42.256215746645516]
24, 8, 0.3672200658, [-2.3932447269558113, -42.179192550552386]
24, 9, 0, [3.8906831719678543, -40.518096865736126]
25, 0, 0.8751278932, [1.172583366536214, -42.12254835664196]
25, 1, 0.8713376379, [1.1722534148847223, -44.66650805634464]
25, 2, 0.8235652479, [2.0922501292472266, -45.5606441110388]
25, 3, 0.4090508399, [-5.448130155226443, -39.551960849656915]
25, 4, 0.37008587, [-6.6190030164428455, -44.89963683184817]
25, 5, 0.3359325606, [-0.6097706565929797, -35.5908326720445]
25, 6, 0.2947875468, [-0.3120893774137026, -44.70280305054168]
25, 7, 0.2920385386, [-0.7090375616332554, -45.60948500989295]
25, 8, 0, [3.974960741850411, -43.73063927898104]
25, 9, 0, [4.75332166651196, -47.60472360583141]
26, 0, 0.8751278932, [1.172583366536214, -42.12254835664196]
26, 1, 0.8736730344, [1.1724183907104682, -47.443688791159424]
26, 2, 0.8675892152, [1.3688120928103826, -44.79118913048172]
26, 3, 0.8604766422, [1.6324167478917202, -43.84159623384038]
26, 4, 0.8321532264, [1.2066976977580062, -37.375263687582084]
26, 5, 0.573864876, [3.290584562793293, -43.10137441415458]
26, 6, 0.3821986132, [-3.9080910079753055, -42.53548841501069]
26, 7, 0.3623469419, [-2.923372596861851, -43.697560827428916]
26, 8, 0.3582969311, [-2.1379383701708603, -42.10923445300078]
26, 9, 0, [6.371006751289524, -44.89751394287277]
27, 0, 0.8751278932, [1.172583366536214, -42.12254835664196]
27, 1, 0.8736730344, [1.1724183907104682, -47.443688791159424]
27, 2, 0.8659124953, [1.5006144203510514, -44.235982179839496]
27, 3, 0.7696593998, [0.5883482226441444, -42.613038918734475]
27, 4, 0.7654411474, [2.6876893909296045, -47.443688791159424]
27, 5, 0.3889910637, [0.06288191064017346, -48.90936245648883]
27, 6, 0.3691199685, [-3.4273526685832643, -44.00640700220601]
27, 7, 0.3150914929, [-0.6003866718780682, -42.57127290632948]
27, 8, 0.2734986221, [-0.5229302089849219, -46.88119746848516]
27, 9, 0, [8.10270352846575, -48.08539606432628]
28, 0, 0.8751278932, [1.172583366536214, -42.12254835664196]
28, 1, 0.8713781851, [1.172500878623341, -45.18163588347159]
28, 2, 0.868908681, [1.3365988934436328, -41.38451596843294]
28, 3, 0.8206265816, [2.168277884893487, -43.17926526824073]
28, 4, 0.3731254911, [-3.1471902337590993, -42.35722919034486]
28, 5, 0.3178511791, [-3.3460462369263833, -48.34176327194299]
28, 6, 0, [3.852251157867663, -43.17926526824073]
28, 7, 0, [5.219563923664722, -39.16413655782029]
28, 8, 0, [3.7104929781316685, -42.719233502382025]
28, 9, 0, [4.624399012376811, -41.25575557590375]
29, 0, 0.8751278932, [1.172583366536214, -42.12254835664196]
29, 1, 0.8716168409, [1.2040498746202362, -43.83415895998266]
29, 2, 0.8705224136, [1.254549886033487, -41.72811658983713]
29, 3, 0.688975147, [0.5101208400841055, -33.99866789983132]
29, 4, 0.5569887743, [0.1616788497134245, -42.12254835664196]
29, 5, 0.4002172861, [-5.515623365272653, -41.672550121240405]
29, 6, 0.3984202752, [-7.278613374116777, -42.2523461138989]
29, 7, 0.3673710471, [-3.230442101874369, -43.210236320486125]
29, 8, 0.3338400955, [-1.0558916581849567, -41.31104586519068]
29, 9, 0.3304743098, [-0.9873034336114427, -42.239888773493405]
30, 0, 0.8751693857, [1.1837416714785225, -42.125154593847725]
30, 1, 0.8751278932, [1.172583366536214, -42.12254835664196]
30, 2, 0.8716144148, [1.202759789531471, -43.4809645662836]
30, 3, 0.8263663582, [1.172583366536214, -36.60086041421687]
30, 4, 0.7649935062, [2.6025149885400554, -42.091065118239115]
30, 5, 0.7313003924, [1.791631005842751, -32.7965589219284]
30, 6, 0.7284870001, [2.5065577049061054, -34.44973786353183]
30, 7, 0.7016764316, [2.893377259290037, -39.796620297499295]
30, 8, 0, [7.862782299327984, -50.08370348848751]
30, 9, 0, [4.263983619830405, -45.11894271644192]
