0, 0, 0.9331842441, [2.3745955322283314, -43.6517555819035]
0, 1, 0.8886554839, [2.6776492495740434, -39.69901537731266]
0, 2, 0.6804062174, [0.8715421771424384, -42.32202948372274]
0, 3, 0.6124433713, [0.8652329118126117, -44.839341356899126]
0, 4, 0.508943573, [2.337993794602593, -59.249677343319995]
0, 5, 0.4975405953, [3.222628486966959, -57.391835021117515]
0, 6, 0.4821367257, [1.5767263688984465, -59.10608341685789]
0, 7, 0.464100786, [2.933006598372393, -59.80503720965817]
0, 8, 0.4524860719, [1.0626026142919174, -53.30367785553532]
0, 9, 0.2566974006, [0.1928758938935227, -54.034870479400546]
1, 0, 0.9331842441, [2.3745955322283314, -43.6517555819035]
1, 1, 0.9213291522, [1.6230688546853849, -42.202799695213706]
1, 2, 0.8866801295, [1.8530472838053769, -38.41858793372996]
1, 3, 0.7817815496, [2.108676091514212, -49.96477346729874]
1, 4, 0.5030259223, [3.1329087089233187, -57.391835021117515]
1, 5, 0.4975405953, [3.222628486966959, -57.391835021117515]
1, 6, 0.3442669409, [-3.5024371953911313, -38.21177404096107]
1, 7, 0.2717152719, [-1.4280649244634198, -47.1050287643787]
1, 8, 0, [5.2365929510169735, -39.17578319471913]
1, 9, 0, [8.421379384754177, -41.85250913663442]
2, 0, 0.9331842441, [2.3745955322283314, -43.6517555819035]
2, 1, 0.9331842441, [2.3745955322283314, -43.6517555819035]
2, 2, 0.8958945698, [1.5315291042099322, -45.25791453721876]
2, 3, 0.8489345086, [1.5952096103971785, -35.999684089882635]
2, 4, 0.6555859906, [1.0794414199859677, -47.15529104345088]
2, 5, 0.6065716147, [0.6531448681675722, -40.28448563140057]
2, 6, 0.3802792494, [0.1475553283330845, -40.762609879593676]
2, 7, 0.3561043004, [0.11742586913305497, -42.92727763855861]
2, 8, 0.3203634471, [-0.23130346687635983, -40.15081758549041]
2, 9, 0.3168342455, [-0.9092917756957957, -40.51680635673503]
3, 0, 0.9331842441, [2.3745955322283314, -43.6517555819035]
3, 1, 0.9331842441, [2.3745955322283314, -43.6517555819035]
3, 2, 0.9202514947, [2.646299841833767, -42.15779212768066]
3, 3, 0.9156667932, [1.5894265069534306, -43.6517555819035]
3, 4, 0.9126658303, [1.7714440099750677, -45.91146739112733]
3, 5, 0.879051271, [1.9530623182191318, -37.50632101624658]
3, 6, 0.8586957678, [1.287405247846652, -44.454835059561134]
3, 7, 0.7303104557, [1.5952096103971785, -30.47652677252093]
3, 8, 0.5774295, [0.8128602023176272, -45.406190516019684]
3, 9, 0.3863988103, [0.23307112196908708, -42.536344108837675]
4, 0, 0.9334539808, [2.4273637632902396, -44.51833182289677]
4, 1, 0.9331842441, [2.3745955322283314, -43.6517555819035]
4, 2, 0.9320448647, [2.155659453684804, -42.86428327520832]
4, 3, 0.9312802415, [2.2088719259044174, -44.30193715316623]
4, 4, 0.9263614838, [2.3745955322283314, -45.9216671958091]
4, 5, 0.9248916284, [1.6958051081460597, -43.6517555819035]
4, 6, 0.9212956888, [2.3745955322283314, -40.59085887965326]
4, 7, 0.8445055591, [2.2088719259044174, -48.552514043115124]
4, 8, 0.7673706179, [2.3745955322283314, -50.29655808941971]
4, 9, 0.6859420549, [1.2246874207166367, -49.04664710265625]
5, 0, 0.9334539808, [2.4273637632902396, -44.51833182289677]
5, 1, 0.9316275291, [2.2088719259044174, -44.08385408757051]
5, 2, 0.9308382009, [2.3690992298831963, -41.407833468857476]
5, 3, 0.9269262023, [2.2088719259044174, -41.07934845146182]
5, 4, 0.9206593994, [2.2651274929565677, -40.54053769084851]
5, 5, 0.7987559751, [3.336834566820733, -44.41743864201664]
5, 6, 0.74595838, [3.568290095346881, -41.946356235698296]
5, 7, 0.7288973501, [2.465081778819669, -50.961683822513194]
5, 8, 0.4807947927, [0.6001140068966175, -45.21999950935293]
5, 9, 0, [4.182618558649985, -45.717255180111714]
6, 0, 0.9334539808, [2.4273637632902396, -44.51833182289677]
6, 1, 0.9323357695, [2.3181178445973285, -44.30109295523364]
6, 2, 0.9308338251, [2.1400228443420835, -44.90125069134054]
6, 3, 0.9084895156, [1.491722425112258, -41.07934845146182]
6, 4, 0.8976722957, [2.2088719259044174, -39.217967330736286]
6, 5, 0.8601548825, [1.4901381707940438, -46.704287153629544]
6, 6, 0.8177985097, [2.4273637632902396, -49.28833903234028]
6, 7, 0.3167922371, [-3.7606273903075214, -42.7988401371793]
6, 8, 0.2741212713, [-3.6446792801866126, -47.79141416617026]
6, 9, 0, [5.4945369160566795, -43.88064366104525]
7, 0, 0.9334539808, [2.4273637632902396, -44.51833182289677]
7, 1, 0.9328270512, [2.0338435101671233, -42.949722309155604]
7, 2, 0.9323357695, [2.3181178445973285, -44.30109295523364]
7, 3, 0.9188621044, [2.6593432008217572, -42.7988401371793]
7, 4, 0.9044457568, [2.067538767763061, -39.691169680040886]
7, 5, 0.808831253, [3.2885238728830943, -45.528291933226875]
7, 6, 0.2707818812, [-0.5001038185930917, -47.01603632634138]
7, 7, 0, [5.609663287314292, -40.76116715807696]
7, 8, 0, [4.603586061972646, -44.6330604917681]
7, 9, 0, [3.8480950352220527, -34.59770394904158]
8, 0, 0.9340213832, [2.372740803943784, -44.409712389065206]
8, 1, 0.9334539808, [2.4273637632902396, -44.51833182289677]
8, 2, 0.9296371063, [2.4887305227095426, -43.6075189048149]
8, 3, 0.9242304457, [2.5433534820559984, -45.87286666341188]
8, 4, 0.9048865642, [1.5541758132058914, -40.55686118315898]
8, 5, 0.7798423056, [3.403390911649043, -43.65858598003803]
8, 6, 0.7469556702, [3.668282386533564, -46.71619362467621]
8, 7, 0.3754857554, [0.22435819627708664, -43.54996654620647]
8, 8, 0, [4.080185010497038, -43.679946203783864]
8, 9, 0, [5.783193516359733, -42.87428122316745]
9, 0, 0.9366514013, [2.0438277553780977, -42.487931844290735]
9, 1, 0.9340213832, [2.372740803943784, -44.409712389065206]
9, 2, 0.9335997981, [2.3811340839788624, -44.46060597208238]
9, 3, 0.8871404676, [2.4307356633266632, -38.70311746794772]
9, 4, 0.8631570317, [1.235666672252978, -38.938467506919075]
9, 5, 0.8066441315, [3.27029039479211, -43.316737693312994]
9, 6, 0.5971038295, [0.8205307873885455, -44.74019278411339]
9, 7, 0.3754900175, [0.357457473069521, -46.85207149139136]
9, 8, 0.3030327413, [-3.3855242703349306, -44.409712389065206]
9, 9, 0.2939854296, [-1.5328395776267776, -44.66749324542936]
10, 0, 0.9366514013, [2.0438277553780977, -42.487931844290735]
10, 1, 0.9366514013, [2.0438277553780977, -42.487931844290735]
10, 2, 0.9340213832, [2.372740803943784, -44.409712389065206]
10, 3, 0.9340213832, [2.372740803943784, -44.409712389065206]
10, 4, 0.9334946473, [2.3819158522293, -43.38771656027736]
10, 5, 0.9287789806, [2.3735225721942212, -45.58434308873706]
10, 6, 0.9169044633, [2.7199552102314803, -44.48598054240609]
10, 7, 0.8222586998, [2.5647116726986248, -49.612638307388075]
10, 8, 0.7906402947, [3.2438610639995074, -40.713199675604905]
10, 9, 0, [5.831085479707942, -42.023860901060125]
11, 0, 0.9366514013, [2.0438277553780977, -42.487931844290735]
11, 1, 0.9325777234, [2.0438277553780977, -41.431801892761875]
11, 2, 0.9287028873, [2.5574437363770324, -44.669854722566136]
11, 3, 0.7468861688, [3.6398048843380995, -42.487931844290735]
11, 4, 0.7203916229, [0.9052913904819095, -41.43294375352714]
11, 5, 0.3477915011, [-0.09829271110700866, -37.81679495997675]
11, 6, 0.2753586671, [-0.32944179495295, -46.29015857510989]
11, 7, 0, [4.029196378923766, -43.521276402956595]
11, 8, 0, [6.683384181382399, -40.354008158099674]
11, 9, 0, [3.8730831231376888, -44.44337654400736]
12, 0, 0.9366514013, [2.0438277553780977, -42.487931844290735]
12, 1, 0.9354694122, [2.275167340657815, -42.487931844290735]
12, 2, 0.9272991798, [2.4964291393530726, -41.43118417069137]
12, 3, 0.8958847994, [1.3578927744568845, -41.43232603145663]
12, 4, 0.883580282, [1.8022499266643064, -47.16540408481299]
12, 5, 0.7585410135, [3.460900082835037, -41.431801892761875]
12, 6, 0.5204977387, [0.4631823998682756, -39.32860897165664]
12, 7, 0.3230346926, [-0.3050745688715977, -39.324281728247634]
12, 8, 0, [4.082537302050657, -41.431801892761875]
12, 9, 0, [10.206186881291547, -42.79754712069463]
13, 0, 0.9366514013, [2.0438277553780977, -42.487931844290735]
13, 1, 0.9315122818, [2.0387086336610607, -43.62203157150024]
13, 2, 0.9304927472, [2.0387086336610607, -44.82666796455186]
13, 3, 0.9120054648, [2.0438277553780977, -40.134873372419]
13, 4, 0.8686719053, [2.0387086336610607, -47.926687298604385]
13, 5, 0.3238952559, [0.10207821239100712, -46.266543026473315]
13, 6, 0.3009013541, [-0.6696594887924769, -42.487931844290735]
13, 7, 0, [5.480841758994558, -48.35138277187085]
13, 8, 0, [4.3281188878516375, -39.785774757815105]
13, 9, 0, [3.857619576399643, -42.487931844290735]
14, 0, 0.9366514013, [2.0438277553780977, -42.487931844290735]
14, 1, 0.9255504414, [2.2835118051406624, -40.873472850777816]
14, 2, 0.9033710827, [2.8280455207013104, -44.37723743538203]
14, 3, 0.9013062167, [2.0438277553780977, -39.389913473428386]
14, 4, 0.8875008615, [2.041268194519579, -47.319265691063336]
14, 5, 0.8812586183, [1.3275491940648245, -43.107785982662364]
14, 6, 0.759163877, [3.4788454688777724, -41.87845247195962]
14, 7, 0.314627269, [-3.266748146347146, -43.054981707895486]
14, 8, 0.2983434019, [-1.9368359731423785, -43.78519919792405]
14, 9, 0, [6.145111376136925, -47.76207385058614]
15, 0, 0.9366514013, [2.0438277553780977, -42.487931844290735]
15, 1, 0.9339956671, [2.1900416289685807, -42.393955857052475]
15, 2, 0.9257938686, [2.139491665615574, -40.9931777661742]
15, 3, 0.9233444991, [1.6404291092138243, -42.6862042011992]
15, 4, 0.9228148227, [1.9120694808604757, -45.52099553362139]
15, 5, 0.8876469196, [2.1636697802593803, -47.32788642331454]
15, 6, 0.8729621742, [2.93404985928101, -43.06502067919576]
15, 7, 0.8213028414, [2.761336612127935, -35.639547704128006]
15, 8, 0.4255520306, [0.14631871963057308, -35.64470103666656]
15, 9, 0, [4.388132719924141, -45.74138258767439]
16, 0, 0.9366514013, [2.0438277553780977, -42.487931844290735]
16, 1, 0.9318967936, [2.164766647292077, -43.86140789299323]
16, 2, 0.9228383431, [2.164766647292077, -45.774395465376855]
16, 3, 0.8865507266, [2.0438277553780977, -38.32070118760653]
16, 4, 0.7849739222, [2.1037715235389927, -49.89697688781065]
16, 5, 0.3315874561, [-1.9872527691308393, -40.38587989947963]
16, 6, 0.3160001115, [-0.054795551188157265, -43.205806444554945]
16, 7, 0.3106145181, [-1.2286026889620207, -41.977240522204966]
16, 8, 0.2783000339, [-0.7759659191497854, -46.06011618906287]
16, 9, 0, [5.909327095117791, -40.36067555316799]
17, 0, 0.9366514013, [2.0438277553780977, -42.487931844290735]
17, 1, 0.9333326053, [2.104297201335087, -43.204146652186864]
17, 2, 0.9155999049, [2.3909971363875075, -46.5907979966408]
17, 3, 0.9131024182, [1.6170715671232319, -44.99771812801473]
17, 4, 0.8989063622, [1.3718881612169964, -41.457946583909674]
17, 5, 0.8940688884, [1.4144035854555406, -43.86140789299323]
17, 6, 0.7584438881, [3.519484749904483, -42.487931844290735]
17, 7, 0.3316302005, [-0.11863392362246339, -39.79480658673077]
17, 8, 0.2992138266, [-1.8555489647815513, -43.86140789299323]
17, 9, 0, [9.665437236201068, -47.292045186841165]
18, 0, 0.9366514013, [2.0438277553780977, -42.487931844290735]
18, 1, 0.9316402296, [2.104297201335087, -44.31637036511607]
18, 2, 0.8411388872, [3.0860432224111936, -42.73694262517721]
18, 3, 0.8265805902, [3.1819957955836946, -43.919089113385056]
18, 4, 0.7831603912, [3.356219556952639, -42.385791335511314]
18, 5, 0.7524722512, [1.0810939076191621, -43.22145552043203]
18, 6, 0.7022780807, [1.009869605267711, -44.216661202844016]
18, 7, 0.3930518365, [0.22228793689303172, -41.86047901432912]
18, 8, 0.2837309866, [-3.0836842052078097, -46.624435862757835]
18, 9, 0, [4.361988992218068, -42.13516564166117]
19, 0, 0.9366514013, [2.0438277553780977, -42.487931844290735]
19, 1, 0.9333685951, [2.087159335285093, -43.50955692228466]
19, 2, 0.9332317822, [2.0388562546606286, -42.806499280092005]
19, 3, 0.9270255171, [2.5951702118731403, -44.817566513927176]
19, 4, 0.8604652443, [2.8066858229412475, -47.840872905899616]
19, 5, 0.8190019569, [1.3002629004177395, -46.48972733644314]
19, 6, 0.7672157471, [2.586166725346067, -50.78105165740844]
19, 7, 0.708294256, [3.2211313896819163, -50.0594089458192]
19, 8, 0.4323074176, [0.3730739470718003, -42.487931844290735]
19, 9, 0.4242697436, [0.3337305674241442, -42.24410116399658]
20, 0, 0.9366514013, [2.0438277553780977, -42.487931844290735]
20, 1, 0.9359032479, [2.0455996725331005, -42.6775021713369]
20, 2, 0.9320421018, [2.0889312524400956, -43.66345696491528]
20, 3, 0.9216943492, [2.087159335285093, -45.90348009605884]
20, 4, 0.912342158, [1.5700070474468935, -43.89766652561691]
20, 5, 0.4749501675, [0.5134857405710069, -43.40230971163808]
20, 6, 0.3784222078, [0.31755023102269075, -45.62565643031219]
20, 7, 0.3131509371, [-2.033308863453133, -42.294153837533194]
20, 8, 0.2369028946, [-0.2454877685470338, -50.544007440698444]
20, 9, 0, [3.8147822827475024, -35.64072551190213]
21, 0, 0.9366514013, [2.0438277553780977, -42.487931844290735]
21, 1, 0.9344232657, [2.0447137139555993, -43.01917712910857]
21, 2, 0.9320421018, [2.0889312524400956, -43.66345696491528]
21, 3, 0.9315759803, [2.0663795039090966, -44.29049113369787]
21, 4, 0.8661864587, [1.3066917122551365, -44.195705970174785]
21, 5, 0.8519620394, [3.0520455587881767, -43.66345696491528]
21, 6, 0.7562257137, [0.9064332688877934, -38.64803189710774]
21, 7, 0.477786098, [0.49244031075599204, -42.70499540001997]
21, 8, 0.3170317903, [-5.855235993425422, -43.287584348476905]
21, 9, 0, [3.883520274001453, -43.585559200622484]
22, 0, 0.9366514013, [2.0438277553780977, -42.487931844290735]
22, 1, 0.935163993, [2.0442707346668483, -42.753554486699656]
22, 2, 0.9350430943, [2.0438277553780977, -42.13433073612528]
22, 3, 0.9223634876, [2.0663795039090966, -45.84327220215434]
22, 4, 0.9110483396, [2.0682207933327934, -46.57635152769374]
22, 5, 0.8766921857, [1.5242014627639815, -38.02841113343167]
22, 6, 0.3308650051, [-2.7571700799280086, -40.958133007025914]
22, 7, 0.3178498247, [-3.358445926478526, -42.72214100259373]
22, 8, 0.2998761305, [-2.00967461174255, -43.89766612321827]
22, 9, 0, [5.469657718400129, -42.76276591988406]
23, 0, 0.9366514013, [2.0438277553780977, -42.487931844290735]
23, 1, 0.9359032479, [2.044444657480418, -42.694980712060996]
23, 2, 0.9314575603, [2.0553251192879722, -44.892440295920935]
23, 3, 0.9044457568, [2.0438277553780977, -39.700404853813076]
23, 4, 0.9025206833, [2.0440016781916674, -39.46724303676096]
23, 5, 0.9019004691, [2.0438277553780977, -39.304759493244156]
23, 6, 0.3894942249, [0.24269829634299356, -42.53057495604111]
23, 7, 0.3207602027, [-0.4005572291592818, -39.75569626494422]
23, 8, 0.30050182, [-2.5857237766383445, -44.363038284703485]
23, 9, 0, [6.699661690248554, -45.84327220215434]
24, 0, 0.9366514013, [2.0438277553780977, -42.487931844290735]
24, 1, 0.9290389507, [2.044444657480418, -45.16194701813986]
24, 2, 0.9030611904, [1.4406681763346358, -41.09079540515985]
24, 3, 0.8777139806, [2.9304193899070565, -45.986868561353404]
24, 4, 0.866261363, [2.0629446905517486, -47.96744998828718]
24, 5, 0.8325397044, [3.079532833254516, -41.702203258286914]
24, 6, 0.7566377439, [3.329782552442615, -48.33779217293686]
24, 7, 0.7437922028, [3.71764049347688, -42.508310846473435]
24, 8, 0.3092304222, [-1.5216703864624361, -42.487931844290735]
24, 9, 0, [4.76225751246123, -40.826836159474475]
25, 0, 0.9366514013, [2.0438277553780977, -42.487931844290735]
25, 1, 0.9264977917, [1.7422479658563668, -43.04319597747812]
25, 2, 0.8740535607, [2.967818265866324, -45.93606570296315]
25, 3, 0.4730307391, [0.2657974800261176, -35.96625426396885]
25, 4, 0.3477019824, [-4.878135604254799, -37.928648770790396]
25, 5, 0.3391282474, [0.17085432276305523, -45.99494470609287]
25, 6, 0.3368440215, [-0.04334466431229744, -41.09079540515985]
25, 7, 0.3298853726, [-6.350258303341441, -41.28762918646634]
25, 8, 0, [4.850528878469508, -44.10606087090539]
25, 9, 0, [5.022066379613365, -43.99271596044958]
26, 0, 0.9366514013, [2.0438277553780977, -42.487931844290735]
26, 1, 0.9320369146, [2.0915934366057534, -44.167243887010635]
26, 2, 0.9307282412, [2.505823010622211, -44.211998773626945]
26, 3, 0.8977199053, [1.8930378606172322, -46.81472449555055]
26, 4, 0.7876356333, [1.0040227229412422, -39.504725120723485]
26, 5, 0.7601443203, [2.0529893530724173, -31.446168803637573]
26, 6, 0.321640813, [-0.766129914863203, -39.930979082733394]
26, 7, 0.2975742914, [-2.0499663341313603, -44.067963367215484]
26, 8, 0, [7.091626221196289, -44.268549647263896]
26, 9, 0, [4.013365906588664, -42.47742917068349]
27, 0, 0.9366514013, [2.0438277553780977, -42.487931844290735]
27, 1, 0.9320369146, [2.0915934366057534, -44.167243887010635]
27, 2, 0.9292583151, [2.1994304356197216, -45.43295113226719]
27, 3, 0.9212186339, [1.592475875971, -42.50613548413148]
27, 4, 0.757084808, [3.60686443682489, -44.167243887010635]
27, 5, 0.5920374041, [0.9580916280087579, -47.45383174823882]
27, 6, 0.4452898829, [0.40374098144878756, -42.464369471726485]
27, 7, 0.3960141058, [0.3722795083836625, -45.42566676023515]
27, 8, 0.3029530535, [-2.612075072024269, -43.932601222929534]
27, 9, 0, [8.965911782078146, -44.36976189325224]
28, 0, 0.9366514013, [2.0438277553780977, -42.487931844290735]
28, 1, 0.9338904991, [2.1216290954989097, -42.165692188471176]
28, 2, 0.9317280462, [2.0677105959919255, -43.72610517522158]
28, 3, 0.872493555, [2.9533080869487645, -43.96044148827896]
28, 4, 0.3129048136, [-2.20950421267473, -42.48646921686775]
28, 5, 0.2768561735, [-2.450836519557799, -46.88623256369298]
28, 6, 0, [4.637281359922939, -43.96044148827896]
28, 7, 0, [6.090808312506606, -39.52952004546907]
28, 8, 0, [4.581737366973552, -43.0846169900308]
28, 9, 0, [5.409429214432088, -42.03693179594198]
29, 0, 0.9366514013, [2.0438277553780977, -42.487931844290735]
29, 1, 0.9323812664, [2.0946698457454174, -41.39093934573124]
29, 2, 0.9314627282, [2.1085150795833627, -44.0814707170685]
29, 3, 0.8174988056, [1.3813652289259892, -34.364051387480096]
29, 4, 0.7508106187, [1.0329232385553082, -42.487931844290735]
29, 5, 0.3379394556, [-4.593454398150577, -39.43681291961519]
29, 6, 0.3198779495, [-0.15142645322183013, -41.55835762227652]
29, 7, 0.3192501222, [-0.08283822864831625, -42.487200530579244]
29, 8, 0.3191496905, [-6.37414816915365, -42.49965787098474]
29, 9, 0.310941982, [-2.3903221421624385, -42.87305907638024]
30, 0, 0.9366514013, [2.0438277553780977, -42.487931844290735]
30, 1, 0.9354243786, [2.0618568149327237, -42.4896022140925]
30, 2, 0.9280093089, [2.0925853874861984, -40.836645099243476]
30, 3, 0.8710388506, [2.0438277553780977, -36.96624390186564]
30, 4, 0.7784884957, [2.662875394684635, -33.16194240957718]
30, 5, 0.7651405327, [3.473759377381939, -42.45644860588789]
30, 6, 0.615829874, [3.377802093747989, -34.81512135118061]
30, 7, 0, [8.743714479311516, -49.04478542518619]
30, 8, 0, [5.144915799813938, -44.080024653140605]
30, 9, 0, [7.0585482173562735, -39.591570364148915]
