0, 0, 0.9727379859, [1.0626026142919174, -53.30367785553532]
0, 1, 0.9388042572, [0.8652329118126117, -44.839341356899126]
0, 2, 0.9280856231, [0.8715421771424384, -42.32202948372274]
0, 3, 0.8762427805, [1.5767263688984465, -59.10608341685789]
0, 4, 0.6048550417, [0.1928758938935227, -54.034870479400546]
0, 5, 0.5296717134, [2.337993794602593, -59.249677343319995]
0, 6, 0.5094433622, [2.3745955322283314, -43.6517555819035]
0, 7, 0.3198096082, [2.6776492495740434, -39.69901537731266]
0, 8, 0, [3.222628486966959, -57.391835021117515]
0, 9, 0, [2.933006598372393, -59.80503720965817]
1, 0, 0.9727379859, [1.0626026142919174, -53.30367785553532]
1, 1, 0.9727379859, [1.0626026142919174, -53.30367785553532]
1, 2, 0.9724726774, [1.0626026142919174, -52.51958501793591]
1, 3, 0.9700343357, [0.972882836248277, -53.30367785553532]
1, 4, 0.9469387312, [1.0455239661643139, -45.220919172841285]
1, 5, 0.9019509202, [1.4678258686939611, -48.250429659994595]
1, 6, 0.3570090573, [-4.309960513032195, -45.01410528007239]
1, 7, 0.3287822156, [-2.068915147283671, -45.390684957074555]
1, 8, 0, [3.4241766132555425, -44.316109174305595]
1, 9, 0, [6.608963046992745, -46.99283511622088]
2, 0, 0.9727379859, [1.0626026142919174, -53.30367785553532]
2, 1, 0.9727379859, [1.0626026142919174, -53.30367785553532]
2, 2, 0.9727379859, [1.0626026142919174, -53.30367785553532]
2, 3, 0.9642895774, [0.9320999741923168, -52.018385481983216]
2, 4, 0.9360590845, [0.6899347319584151, -52.46651426294879]
2, 5, 0.6451425785, [0.2200136610827026, -53.303068099616816]
2, 6, 0.6103959837, [0.219536186273518, -54.90983681085058]
2, 7, 0.3125950279, [0.02822262626103078, -59.03175072236977]
2, 8, 0.2472419078, [-1.9605105694207325, -52.39326603565392]
2, 9, 0.2056390967, [-0.8188037100318859, -53.30367785553532]
3, 0, 0.9727379859, [1.0626026142919174, -53.30367785553532]
3, 1, 0.9727379859, [1.0626026142919174, -53.30367785553532]
3, 2, 0.9494341494, [1.0626026142919174, -46.355163812220766]
3, 3, 0.9468757954, [0.9320999741923168, -46.495228164621516]
3, 4, 0.9221856183, [1.3343069238973528, -51.809714401312476]
3, 5, 0.8231028075, [0.45945109203865364, -55.56338966475915]
3, 6, 0.8165736247, [0.3969455439194376, -53.30367785553532]
3, 7, 0.7109200036, [0.27743358901701654, -53.30367785553532]
3, 8, 0.2279761104, [-1.078921795967327, -52.18826638246949]
3, 9, 0.1783181814, [-0.4991327156187868, -55.0581127896515]
4, 0, 0.9727379859, [1.0626026142919174, -53.30367785553532]
4, 1, 0.9718338311, [1.0626026142919174, -55.57358946944092]
4, 2, 0.9718338311, [1.0626026142919174, -55.382022422480865]
4, 3, 0.9717638578, [1.0626026142919174, -51.5815203810776]
4, 4, 0.966064659, [1.0626026142919174, -50.24278115328508]
4, 5, 0.9651064413, [1.0626026142919174, -59.94848036305153]
4, 6, 0.9561984745, [1.198454769094635, -53.60032339047775]
4, 7, 0.9483128089, [1.198454769094635, -49.34974650052885]
4, 8, 0.8055345446, [0.38381219020964563, -53.30367785553532]
4, 9, 0.2986854643, [2.734285927941529, -54.9330794931978]
5, 0, 0.9727379859, [1.0626026142919174, -53.30367785553532]
5, 1, 0.9724726774, [1.0626026142919174, -52.66454068477346]
5, 2, 0.9722583895, [1.0626026142919174, -52.7536504342956]
5, 3, 0.9700624437, [1.0626026142919174, -51.36343731548188]
5, 4, 0.9662159013, [1.1267047453523003, -57.51491381757046]
5, 5, 0.9592327222, [1.0626026142919174, -48.35893167937319]
5, 6, 0.6956397256, [2.024841648884319, -56.243489006074036]
5, 7, 0.5870296383, [2.2562971774104668, -53.77240659975569]
5, 8, 0.2221793447, [-0.7382630265707508, -51.773229504410196]
5, 9, 0, [3.554912367140977, -61.43796303916045]
6, 0, 0.9727379859, [1.0626026142919174, -53.30367785553532]
6, 1, 0.9722583895, [1.0626026142919174, -52.98410927015439]
6, 2, 0.9660690807, [1.0626026142919174, -58.07368506497883]
6, 3, 0.9621433134, [1.0626026142919174, -49.50205619475635]
6, 4, 0.9496093755, [0.7752616953437611, -53.68659672397909]
6, 5, 0.8040024056, [0.34545311349975794, -51.36343731548188]
6, 6, 0.6129893923, [0.23462294048863275, -55.38730346855029]
6, 7, 0.2827623329, [-5.016142620612932, -52.3335575855086]
6, 8, 0.1982223939, [-5.009440429184934, -56.57676019880881]
6, 9, 0, [4.239021685751268, -53.41536110937455]
7, 0, 0.9727379859, [1.0626026142919174, -53.30367785553532]
7, 1, 0.9722583895, [1.0626026142919174, -52.98410927015439]
7, 2, 0.9608821576, [1.1361737470725626, -51.13683824830956]
7, 3, 0.9528065423, [0.7783282798617124, -51.63273862407635]
7, 4, 0.8223052204, [1.7624027209124256, -51.40286702514584]
7, 5, 0.5027012326, [2.391583392973763, -54.132318821193415]
7, 6, 0.4822769258, [2.4238331303019667, -52.82989473161757]
7, 7, 0.3621016793, [2.6069561386654563, -53.01061133710316]
7, 8, 0.1093158052, [-1.501434618696428, -62.67171962565928]
7, 9, 0, [4.678298266623793, -52.20683572634563]
8, 0, 0.9727379859, [1.0626026142919174, -53.30367785553532]
8, 1, 0.9700671938, [1.09938818068224, -52.22025805192244]
8, 2, 0.9671436301, [0.9572510134671375, -51.44234079480139]
8, 3, 0.9633453762, [0.9204654470768149, -54.682488923179676]
8, 4, 0.8121615279, [1.7805028766698594, -52.46820823980583]
8, 5, 0.7872639028, [0.28082318994434763, -48.367406846016216]
8, 6, 0.4254789366, [2.500281364096799, -56.126060121494874]
8, 7, 0.2466758978, [-1.3071213129653185, -51.384788436192956]
8, 8, 0, [2.9121839880602742, -53.08981270060253]
8, 9, 0, [4.357065607942108, -52.30842394711537]
9, 0, 0.9727379859, [1.0626026142919174, -53.30367785553532]
9, 1, 0.972212733, [1.0702260959011098, -52.97065027941693]
9, 2, 0.9519923806, [1.0099268138795274, -47.06751114617602]
9, 3, 0.9283070128, [0.6230189059309618, -50.85232552251903]
9, 4, 0.833231534, [1.7380410871238186, -50.76763842416392]
9, 5, 0.372326129, [-0.07447151739888835, -47.83243297338919]
9, 6, 0.2726258738, [-4.6956624599867975, -53.30367785553532]
9, 7, 0.2710616442, [-3.0643190868691828, -52.50231513541585]
9, 8, 0.2662994251, [-2.337428401064402, -51.44234079480139]
9, 9, 0.2065941749, [-0.756652984722249, -53.062414858990536]
10, 0, 0.9727379859, [1.0626026142919174, -53.30367785553532]
10, 1, 0.9727379859, [1.0626026142919174, -53.30367785553532]
10, 2, 0.972212733, [1.0702260959011098, -52.97065027941693]
10, 3, 0.972212733, [1.0702260959011098, -52.97065027941693]
10, 4, 0.960385346, [1.0155432193862701, -60.08724566818066]
10, 5, 0.9510187926, [1.0758425014078525, -68.23790491289844]
10, 6, 0.9506559889, [1.2185231007176927, -55.78305489523332]
10, 7, 0.831642413, [1.7387300691453, -55.301726553650674]
10, 8, 0, [4.55358946978367, -54.148310205163455]
10, 9, 0, [3.0044357008918374, -52.035658139849616]
11, 0, 0.9727379859, [1.0626026142919174, -53.30367785553532]
11, 1, 0.9718447205, [1.0626026142919174, -52.24754790400646]
11, 2, 0.8787700971, [1.576218595290852, -55.48560073381072]
11, 3, 0.3329428192, [2.658579743251919, -53.30367785553532]
11, 4, 0.2753929569, [-1.079517852193189, -48.63254097122133]
11, 5, 0.2271793293, [-0.2365785340825175, -51.12128570432529]
11, 6, 0.1608816651, [-1.195646126394089, -57.979265881324665]
11, 7, 0, [2.777844555725778, -61.09416680583008]
11, 8, 0, [5.70215904029622, -51.16975416934426]
11, 9, 0, [2.8918579820515085, -55.25912255525194]
12, 0, 0.9727379859, [1.0626026142919174, -53.30367785553532]
12, 1, 0.9353183131, [0.8210247855781261, -57.981150096057576]
12, 2, 0.9304128781, [1.2939421995716347, -53.30367785553532]
12, 3, 0.7530515057, [1.914157924833693, -50.29190704538314]
12, 4, 0.4369266383, [2.479674941748857, -52.24754790400646]
12, 5, 0.2820923931, [-0.2279625416514134, -46.67690011259801]
12, 6, 0.2617521432, [-1.286299709957778, -50.14002773949222]
12, 7, 0.235764538, [-0.5180427412179047, -50.14435498290123]
12, 8, 0, [3.1013121609644765, -52.24754790400646]
12, 9, 0, [9.224961740205368, -53.613293131939216]
13, 0, 0.9727379859, [1.0626026142919174, -53.30367785553532]
13, 1, 0.9684745254, [1.0626026142919174, -50.950619383663586]
13, 2, 0.8608128412, [1.6503498636634915, -53.9097126069804]
13, 3, 0.8601981245, [1.6503498636634915, -55.11434900003202]
13, 4, 0.8583722342, [1.6503498636634915, -58.21436833408455]
13, 5, 0.4923102575, [2.403477021319954, -57.981150096057576]
13, 6, 0.2007887663, [-1.8873433368754116, -55.642413975796444]
13, 7, 0.1642554031, [-0.2862805576065621, -56.55422406195348]
13, 8, 0, [4.263157910911623, -61.50586490337656]
13, 9, 0, [3.3468937467654567, -50.60152076905969]
14, 0, 0.9727379859, [1.0626026142919174, -53.30367785553532]
14, 1, 0.9696225087, [1.0626026142919174, -56.3914326027673]
14, 2, 0.9278997219, [1.3022866640544821, -51.6892188620224]
14, 3, 0.9215648886, [0.64275723852295, -54.261817702550545]
14, 4, 0.8608128412, [1.6503498636634915, -54.369389101041406]
14, 5, 0.2838981349, [-4.245413726574808, -52.12714861959945]
14, 6, 0.2366293298, [-2.621627928684253, -54.336912721286424]
14, 7, 0, [6.805198210058308, -59.02725039100056]
14, 8, 0, [3.4881323546226937, -55.642413975796444]
14, 9, 0, [3.517212352944486, -61.60936512900187]
15, 0, 0.9727379859, [1.0626026142919174, -53.30367785553532]
15, 1, 0.966447407, [1.1352107384276398, -53.22337301841078]
15, 2, 0.9631164283, [1.0626026142919174, -60.49473930493157]
15, 3, 0.9417356009, [0.8472211304896574, -58.33332372432702]
15, 4, 0.9371946996, [0.676076978864586, -52.08512059405547]
15, 5, 0.9198438572, [1.3346852531794209, -50.39067325594986]
15, 6, 0.7947895936, [0.4486547941094875, -56.61293836150266]
15, 7, 0.2728385636, [-0.407205209331029, -46.58960681904948]
15, 8, 0.2632898856, [-0.9894353450806517, -49.304729943352484]
15, 9, 0, [3.2870655539566784, -58.90823546929142]
16, 0, 0.9727379859, [1.0626026142919174, -53.30367785553532]
16, 1, 0.965530938, [1.0989066763597786, -59.02689724305107]
16, 2, 0.9629442534, [1.0989066763597786, -60.939884815434695]
16, 3, 0.9620828906, [1.0626026142919174, -49.136447198851116]
16, 4, 0.955639692, [1.1986955970517932, -52.673953508049834]
16, 5, 0.2851730817, [-3.0052807849444, -51.208461485781086]
16, 6, 0.2458596109, [-2.209827830048201, -52.79298653344955]
16, 7, 0.2071499996, [-1.1121120916815777, -53.735742243403394]
16, 8, 0.1827469541, [-1.7571910602359657, -56.87586220030745]
16, 9, 0, [4.928101954031611, -51.17642156441257]
17, 0, 0.9727379859, [1.0626026142919174, -53.30367785553532]
17, 1, 0.9707144407, [1.080754645325848, -56.194764332838076]
17, 2, 0.9175859311, [1.3225309525463524, -61.700193375232345]
17, 3, 0.8705313612, [0.5935290111139928, -57.988335808665944]
17, 4, 0.8203438827, [0.3906630201308161, -52.27369259515426]
17, 5, 0.6688324324, [0.34854361452324223, -59.02689724305107]
17, 6, 0.4033442066, [2.5382596088183025, -53.30367785553532]
17, 7, 0.2536168155, [-1.2035750503625526, -50.611433503825936]
17, 8, 0.1652377668, [-2.92140893571385, -59.02689724305107]
17, 9, 0, [8.549139097241174, -66.7443483291891]
18, 0, 0.9727379859, [1.0626026142919174, -53.30367785553532]
18, 1, 0.9677399456, [1.080754645325848, -57.306988045767284]
18, 2, 0.6686212603, [2.0836593738634837, -54.640124471125105]
18, 3, 0.6442400381, [2.1359914256584975, -57.96909564300643]
18, 4, 0.5354172454, [2.3326770009434004, -55.376409016162526]
18, 5, 0.4542655339, [0.07871005907145256, -55.12463736637993]
18, 6, 0.3474235954, [0.007485756720001402, -56.119843048791914]
18, 7, 0.1986471355, [-0.7800959116546778, -53.76366086027702]
18, 8, 0.1410586846, [-4.129688575133007, -60.67444239237921]
18, 9, 0, [3.359605143670358, -54.038347487609066]
19, 0, 0.9728351722, [1.061110243494062, -54.001171507902484]
19, 1, 0.9727379859, [1.0626026142919174, -53.30367785553532]
19, 2, 0.9721399606, [1.0754190610483763, -55.21143750279597]
19, 3, 0.8767977535, [1.566103299256442, -64.15059555462555]
19, 4, 0.8754805953, [1.5822070095946659, -57.26446627722673]
19, 5, 0.8048484766, [1.793722620662773, -60.28777266919917]
19, 6, 0.6056688644, [2.208168187403442, -62.506308709118755]
19, 7, 0.5714303335, [0.26736391871949383, -59.27904375165776]
19, 8, 0.2039903148, [-0.6474945736620361, -53.05984717524117]
19, 9, 0.2007640299, [-0.60815119401438, -53.30367785553532]
20, 0, 0.9737875661, [1.0626636403939893, -53.428858430526816]
20, 1, 0.9728351722, [1.061171269596134, -54.162022367309525]
20, 2, 0.9728351722, [1.061110243494062, -54.001171507902484]
20, 3, 0.9716341928, [1.0626026142919174, -55.6976010293095]
20, 4, 0.8955916897, [0.5663699310082881, -54.55134682404811]
20, 5, 0.2751108649, [-3.0578655844463083, -52.088274770783855]
20, 6, 0.1690988865, [-0.6860868854159146, -56.27933672874339]
20, 7, 0.1344798781, [-1.7908638691424181, -60.94527755974977]
20, 8, 0.0973730212, [-0.836478459294494, -63.71301550006067]
20, 9, 0, [2.8417049299993584, -47.59981445505999]
21, 0, 0.9737875661, [1.0626636403939893, -53.428858430526816]
21, 1, 0.9736500682, [1.0619174549950616, -54.23190052021293]
21, 2, 0.9730276969, [1.0618869419440258, -54.929811698309514]
21, 3, 0.9728351722, [1.061110243494062, -54.001171507902484]
21, 4, 0.7145579877, [0.3038312942664949, -54.56322972991816]
21, 5, 0.69833209, [2.024224549842143, -54.001171507902484]
21, 6, 0.3220321649, [-0.09805929307727745, -49.28735246171939]
21, 7, 0.2604889405, [-6.849268753113208, -54.356684595678814]
21, 8, 0.2008794819, [-0.5104201072326495, -53.072519159763345]
21, 9, 0, [2.9007240150409155, -54.798282591726846]
22, 0, 0.9737875661, [1.0626636403939893, -53.428858430526816]
22, 1, 0.9732335645, [1.0622905476945255, -53.830379475369874]
22, 2, 0.9723079926, [1.0626636403939893, -53.07525732236136]
22, 3, 0.9704202641, [1.0612370741599284, -56.074255217189595]
22, 4, 0.967859562, [1.0622752911690077, -56.9469128619695]
22, 5, 0.9066999686, [0.5430373477798731, -48.96933771966775]
22, 6, 0.2853987826, [-3.7400486536699473, -51.68628290855324]
22, 7, 0.2650043359, [-4.338987229483988, -53.727905209988876]
22, 8, 0.2279541515, [-3.036096110259973, -55.228858477771574]
22, 9, 0, [4.487677531427806, -53.83959090855428]
23, 0, 0.9737875661, [1.0626636403939893, -53.428858430526816]
23, 1, 0.9734358938, [1.0624370315904117, -53.80237213866215]
23, 2, 0.9718338311, [1.061763810927227, -55.54634429777367]
23, 3, 0.9675280738, [1.0626636403939893, -50.64133144004916]
23, 4, 0.9667636484, [1.0628101242898755, -50.43873606092798]
23, 5, 0.966064659, [1.0626636403939893, -50.24568607948024]
23, 6, 0.2580874483, [-1.3817213441433902, -50.6966228511803]
23, 7, 0.2399808408, [-3.57928508499909, -55.01694228655622]
23, 8, 0.1997560002, [-0.7384658186411148, -53.47150154227719]
23, 9, 0, [5.694519260499385, -56.074255217189595]
24, 0, 0.9737875661, [1.0626636403939893, -53.428858430526816]
24, 1, 0.9702261984, [1.0624370315904117, -56.26933844474102]
24, 2, 0.965489583, [1.0622352663590011, -58.91994658720977]
24, 3, 0.8629509932, [0.45950406135052757, -52.03172199139593]
24, 4, 0.7423881537, [1.941263648185048, -57.392852585024414]
24, 5, 0.6646226309, [2.0983687182704074, -52.643129844522996]
24, 6, 0.5235884602, [2.348618437458507, -59.278718759172946]
24, 7, 0.2989960233, [2.736476378492772, -53.449237432709516]
24, 8, 0.2448403545, [-2.5028345014465447, -53.428858430526816]
24, 9, 0, [3.7810933974771217, -51.767762745710556]
25, 0, 0.9737875661, [1.0626636403939893, -53.428858430526816]
25, 1, 0.9670515727, [1.0624494533764952, -57.42823486162112]
25, 2, 0.9439335847, [1.2417785440960052, -54.42895571110245]
25, 3, 0.3282271852, [-1.4602422417442014, -44.45914427210815]
25, 4, 0.2846475279, [-5.55793411673467, -52.313687654933396]
25, 5, 0.2561844886, [-2.3000610057934736, -52.0397981361354]
25, 6, 0.1576174046, [-6.7286912133170755, -59.11678036851626]
25, 7, 0.1448022534, [-0.42177757428793217, -58.91994658720977]
25, 8, 0, [3.1244891566991893, -52.598950879044686]
25, 9, 0, [4.64363346963773, -61.8218671424995]
26, 0, 0.9737875661, [1.0626636403939893, -53.428858430526816]
26, 1, 0.9670841261, [1.1522210922449974, -53.92890707081463]
26, 2, 0.9652958065, [1.0625565468852423, -59.477707230740094]
26, 3, 0.956339159, [0.8886743194806583, -55.606208333151784]
26, 4, 0.9017630702, [1.0756633339499422, -38.48713031499853]
26, 5, 0.2639757673, [-1.9690490319882983, -51.36994352887454]
26, 6, 0.2583330143, [-3.403568252508574, -53.78487166440317]
26, 7, 0.2374668035, [-0.19889639418385308, -50.943689566864634]
26, 8, 0, [6.261144907464299, -56.93153238245344]
26, 9, 0, [2.810446789463569, -53.91639361682465]
27, 0, 0.9737875661, [1.0626636403939893, -53.428858430526816]
27, 1, 0.9670841261, [1.1522210922449974, -53.92890707081463]
27, 2, 0.96219463, [0.9756154331829503, -57.461547279624384]
27, 3, 0.7627726619, [0.3802605866104619, -55.60945300580609]
27, 4, 0.3297024806, [2.6674920924641334, -53.92890707081463]
27, 5, 0.257186101, [-0.0021766016636743934, -57.80512663325886]
27, 6, 0.2462236486, [-3.642376092141667, -54.73131357677827]
27, 7, 0.1791531417, [-0.8084743079117507, -55.5676869934011]
27, 8, 0.1717979026, [-0.5879887212887698, -55.77696164525519]
27, 9, 0, [7.977402532584101, -53.98921084466889]
28, 0, 0.9737875661, [1.0626636403939893, -53.428858430526816]
28, 1, 0.9701859413, [1.0191395367884697, -53.650453555267816]
28, 2, 0.970132397, [1.1074423663194932, -54.07740006024162]
28, 3, 0.7801529568, [1.8508185282383243, -55.4452028550756]
28, 4, 0.2461540584, [-3.306193914847053, -54.508591270823096]
28, 5, 0.1860354227, [-3.411104749230231, -57.23752744871302]
28, 6, 0, [3.5347918012124997, -55.4452028550756]
28, 7, 0, [5.109644197522497, -50.47044663170515]
28, 8, 0, [3.6005732519894442, -54.025543576266884]
28, 9, 0, [4.306939655721648, -53.52169316273862]
29, 0, 0.9737875661, [1.0626636403939893, -53.428858430526816]
29, 1, 0.9720484157, [1.0632909515539815, -52.30896747163958]
29, 2, 0.9719824492, [1.069588171005147, -55.562995037164214]
29, 3, 0.8690547798, [0.40020111394188085, -45.30497797371618]
29, 4, 0.4617822018, [0.05175912357119983, -53.428858430526816]
29, 5, 0.3084873156, [-5.624833292342013, -50.35484104552353]
29, 6, 0.2659275259, [-7.413075077731866, -53.98118219108046]
29, 7, 0.2578386495, [-3.4217010363538742, -53.79108720228858]
29, 8, 0.2174286886, [-1.1903533618000457, -53.03988194237223]
29, 9, 0.2055738533, [-1.1217651372265318, -53.96872485067496]
30, 0, 0.9737875661, [1.0628860905367956, -53.430563667382536]
30, 1, 0.9737875661, [1.0626636403939893, -53.428858430526816]
30, 2, 0.9719682412, [1.063265232628597, -51.7621654824823]
30, 3, 0.9575247299, [1.0626636403939893, -47.90717048810173]
30, 4, 0.8429943775, [1.6817112797005263, -44.10286899581326]
30, 5, 0.4982621136, [2.3966379787638807, -45.75604793741669]
30, 6, 0.4283189873, [2.4925952623978302, -53.397375192123974]
30, 7, 0, [7.737442974723743, -59.9742627812584]
30, 8, 0, [4.138644295226166, -55.00950200921282]
30, 9, 0, [6.009362713753019, -50.50963335711121]
