0, 0, 0.8495195126, [0.8652329118126117, -44.839341356899126]
0, 1, 0.8479457071, [0.8715421771424384, -42.32202948372274]
0, 2, 0.8360119683, [1.0626026142919174, -53.30367785553532]
0, 3, 0.7823715519, [0.1928758938935227, -54.034870479400546]
0, 4, 0.7384667803, [1.5767263688984465, -59.10608341685789]
0, 5, 0, [2.337993794602593, -59.249677343319995]
0, 6, 0, [2.6776492495740434, -39.69901537731266]
0, 7, 0, [3.222628486966959, -57.391835021117515]
0, 8, 0, [2.3745955322283314, -43.6517555819035]
0, 9, 0, [2.933006598372393, -59.80503720965817]
1, 0, 0.8495195126, [0.8652329118126117, -44.839341356899126]
1, 1, 0.8461659151, [0.8715421771424384, -41.53793664612333]
1, 2, 0.8417019826, [1.0455239661643139, -45.220919172841285]
1, 3, 0.8375624457, [0.972882836248277, -53.30367785553532]
1, 4, 0.8360119683, [1.0626026142919174, -53.30367785553532]
1, 5, 0.7725727439, [1.4678258686939611, -48.250429659994595]
1, 6, 0.3683277096, [-4.309960513032195, -45.01410528007239]
1, 7, 0.3473408498, [-2.068915147283671, -45.390684957074555]
1, 8, 0, [3.4241766132555425, -44.316109174305595]
1, 9, 0, [6.608963046992745, -46.99283511622088]
2, 0, 0.8505686697, [0.8186906528578317, -42.86672201046907]
2, 1, 0.8495195126, [0.8652329118126117, -44.839341356899126]
2, 2, 0.8495195126, [0.8652329118126117, -44.839341356899126]
2, 3, 0.8425741407, [0.4769970831285275, -39.32679498302956]
2, 4, 0.8214744316, [0.8559742307918564, -36.86255386484029]
2, 5, 0.6269360583, [0.022166483794212377, -46.445500312214385]
2, 6, 0.4939321094, [-0.06737744927365807, -39.6843292637853]
2, 7, 0.3580273988, [-2.067734744724187, -44.511764863788514]
2, 8, 0.337435189, [-1.0130187798462782, -43.18863900151123]
2, 9, 0.3115955061, [-0.07900154904242385, -51.15024955050436]
3, 0, 0.8527061385, [0.8419617823352217, -43.853031683684094]
3, 1, 0.8505686697, [0.8186906528578317, -42.86672201046907]
3, 2, 0.835548512, [0.23881026008195794, -46.112743492907924]
3, 3, 0.8318927649, [1.1136660919406571, -42.35906822946125]
3, 4, 0.8298139429, [0.1763047119627419, -43.853031683684094]
3, 5, 0.8207453991, [0.8419617823352217, -36.90451764036954]
3, 6, 0.731440496, [0.4769970831285275, -33.80363766566786]
3, 7, 0.6873261575, [0.03352162758293087, -42.86672201046907]
3, 8, 0.3511725739, [-1.2995626279240227, -42.73762021061827]
3, 9, 0.3136280751, [-0.7430446770528725, -44.62115694458525]
4, 0, 0.8661363604, [0.35594950950284815, -43.46788300033437]
4, 1, 0.8527061385, [0.8419617823352217, -43.853031683684094]
4, 2, 0.8486236157, [0.8419617823352217, -46.12294329758969]
4, 3, 0.8454167542, [0.8303262175965267, -40.29898014482634]
4, 4, 0.8413249604, [0.8303262175965267, -50.00467935459279]
4, 5, 0.8356751801, [0.2075574860223499, -45.25019498205824]
4, 6, 0.815803482, [0.2075574860223499, -49.500771872007135]
4, 7, 0.813614261, [0.15153579351425495, -43.35987684707658]
4, 8, 0.2531843132, [-0.2472020127504156, -48.87560681146949]
4, 9, 0.2527223707, [-0.319581893915168, -48.75476836782933]
5, 0, 0.8661363604, [0.35594950950284815, -43.46788300033437]
5, 1, 0.8512485119, [0.8368248833780766, -41.42515305095093]
5, 2, 0.8487541171, [0.8419617823352217, -42.270505752929495]
5, 3, 0.8485053735, [0.6572399946100704, -52.477965490623845]
5, 4, 0.8444941613, [0.8303262175965267, -40.08089707923062]
5, 5, 0.8237670045, [0.8303262175965267, -37.07639144312193]
5, 6, 0.694234237, [1.8042008169276231, -44.618714743797234]
5, 7, 0.6191444796, [2.035656345453771, -42.14763233747889]
5, 8, 0.3088764965, [-1.2077277773129809, -46.73628117746358]
5, 9, 0, [2.6947303399142646, -47.131738060579316]
6, 0, 0.8661363604, [0.35594950950284815, -43.46788300033437]
6, 1, 0.8608019572, [0.5963871964404623, -42.446518025642646]
6, 2, 0.8546575506, [0.35594950950284815, -48.23789020977788]
6, 3, 0.8500691354, [0.6572399946100704, -50.61658436989831]
6, 4, 0.7406479993, [0.06860859055469187, -43.85080186877814]
6, 5, 0.3551259023, [-5.716093533974004, -46.74096534360786]
6, 6, 0.3425738561, [-5.57215048284839, -47.972924245479106]
6, 7, 0.3092166924, [-0.05990950618208901, -52.477965490623845]
6, 8, 0.3045319548, [-0.2315924773628223, -44.84971222403855]
6, 9, 0, [3.68301382351581, -49.05472776934506]
7, 0, 0.8661363604, [0.35594950950284815, -43.46788300033437]
7, 1, 0.8622641671, [0.5801658848371043, -46.776204908280064]
7, 2, 0.8608019572, [0.5963871964404623, -42.446518025642646]
7, 3, 0.8475413076, [0.3121128620102573, -41.09514737956461]
7, 4, 0.803040749, [1.2063948586769677, -47.042233685116344]
7, 5, 0.7086517178, [1.7171800255128975, -42.99409987641662]
7, 6, 0.6872334332, [1.835575530738305, -49.77168548116392]
7, 7, 0.6620162335, [1.900303033876387, -43.174816481902205]
7, 8, 0.2397462675, [-2.310812485610191, -53.224112082713155]
7, 9, 0, [4.122290404388335, -47.846202386316136]
8, 0, 0.8661363604, [0.35594950950284815, -43.46788300033437]
8, 1, 0.8659808984, [0.4761683529716553, -42.95720051298851]
8, 2, 0.8615265744, [0.3340311857565527, -44.49579587332333]
8, 3, 0.8608791214, [0.45425002922535984, -41.82838506121206]
8, 4, 0.8023148436, [1.1940686153495972, -42.28151518994949]
8, 5, 0.6683651277, [1.9057364469748581, -48.10421051295724]
8, 6, 0.5161716662, [2.317639070938333, -45.06796309206489]
8, 7, 0.3692641973, [-1.810122297207096, -41.77083270260363]
8, 8, 0.3309786847, [-0.3423966377662372, -39.10434930708228]
8, 9, 0, [3.882739534288974, -43.935676143922336]
9, 0, 0.8674088529, [0.35753556929383434, -43.43695722355178]
9, 1, 0.8661363604, [0.35594950950284815, -43.46788300033437]
9, 2, 0.8364624862, [0.34499034762970043, -38.67634125783651]
9, 3, 0.8353041986, [1.1087838375950274, -44.123195302021664]
9, 4, 0.4932674938, [-0.04191756031886523, -42.461155634179526]
9, 5, 0.3878761827, [-5.402315564775867, -43.46788300033437]
9, 6, 0.3665666093, [-2.960648228774987, -44.49579587332333]
9, 7, 0.3598815403, [-3.6875389145797675, -45.55577021393779]
9, 8, 0.3506849096, [-0.7811246221879575, -37.99663811818824]
9, 9, 0.3499384947, [-1.301370607503269, -43.162090467267696]
10, 0, 0.8674088529, [0.35753556929383434, -43.43695722355178]
10, 1, 0.8674088529, [0.35753556929383434, -43.43695722355178]
10, 2, 0.8661363604, [0.35594950950284815, -43.46788300033437]
10, 3, 0.8661363604, [0.35594950950284815, -43.46788300033437]
10, 4, 0.8603214956, [0.5298046916505325, -46.715018331458786]
10, 5, 0.8491287577, [0.34601110766249155, -49.01927012308823]
10, 6, 0.8421928877, [1.0336630241472171, -45.435005921667134]
10, 7, 0.8174560104, [0.35697026953563926, -56.058331977062956]
10, 8, 0.6994791494, [1.7619228546714538, -42.94905642886565]
10, 9, 0, [3.8155309405680757, -43.96867625064586]
11, 0, 0.8674088529, [0.35753556929383434, -43.43695722355178]
11, 1, 0.8629289983, [0.35753556929383434, -42.38082727202292]
11, 2, 0.8508109831, [0.871151550292769, -45.61888010182718]
11, 3, 0.6495929435, [1.953512698253836, -43.43695722355178]
11, 4, 0.5675060574, [2.1867909370534253, -45.3924019232684]
11, 5, 0.5510327102, [2.2426204475968423, -47.201598418991054]
11, 6, 0.381450022, [-1.7845848971912721, -38.76582033923779]
11, 7, 0.3463080978, [-0.9462503497806898, -41.43654174879224]
11, 8, 0.3199263671, [-1.95019875178537, -47.59220419922397]
11, 9, 0, [4.9970919952981365, -41.30303353736072]
12, 0, 0.8691016855, [0.5888751545735518, -43.43695722355178]
12, 1, 0.8674088529, [0.35753556929383434, -43.43695722355178]
12, 2, 0.8360690814, [1.0847178856594013, -40.75163027564747]
12, 3, 0.7625581283, [0.11595774058004304, -48.114429464074036]
12, 4, 0.6979700298, [1.7746078967507737, -42.38082727202292]
12, 5, 0.3817127818, [-1.9913667549558611, -40.27330710750868]
12, 6, 0.3579829182, [-1.2231097862159879, -40.27763435091769]
12, 7, 0, [2.9139732534189924, -43.76320492689295]
12, 8, 0, [2.3962451159663933, -42.38082727202292]
12, 9, 0, [8.519894695207284, -43.746572499955676]
13, 0, 0.8691016855, [0.5888751545735518, -43.43695722355178]
13, 1, 0.8557399057, [0.5888751545735518, -41.083898751680046]
13, 2, 0.84015625, [1.066071733022304, -46.008911581839875]
13, 3, 0.8383937593, [1.066071733022304, -41.70425585473573]
13, 4, 0.8382403098, [1.066071733022304, -42.90889224778735]
13, 5, 0.6569384351, [1.939987805035662, -43.43695722355178]
13, 6, 0.3759531941, [-2.3559516748767404, -43.43695722355178]
13, 7, 0.3260761945, [-0.8705586882477496, -44.348767309708805]
13, 8, 0, [3.794549572910294, -49.3004081511319]
13, 9, 0, [2.8731662870470913, -40.73480013707615]
14, 0, 0.8691016855, [0.5888751545735518, -43.43695722355178]
14, 1, 0.8599340083, [0.5888751545735518, -46.52471197078376]
14, 2, 0.8504941427, [0.8285592043361166, -41.82249823003886]
14, 3, 0.8380617716, [1.066071733022304, -40.95929595574511]
14, 4, 0.7867716199, [0.1137544433431733, -42.62341081391063]
14, 5, 0.5340469119, [2.265050718156121, -41.39407730320789]
14, 6, 0.4039115062, [-4.719141186293173, -42.26042798761591]
14, 7, 0.3935084918, [-3.1506307238640296, -41.75081436214606]
14, 8, 0, [6.3365898720569795, -46.82179363875589]
14, 9, 0, [3.019524016621365, -43.43695722355178]
15, 0, 0.8691016855, [0.5888751545735518, -43.43695722355178]
15, 1, 0.8681652079, [0.42344831149998174, -45.028317172108174]
15, 2, 0.8643141635, [0.6614832787092741, -43.35665238642724]
15, 3, 0.8569328107, [0.3734936707712918, -48.46660309234348]
15, 4, 0.85372098, [0.6508704962550802, -40.500499404660985]
15, 5, 0.8530428969, [0.5888751545735518, -50.62801867294803]
15, 6, 0.8444249854, [0.8609577934610554, -40.523952623966316]
15, 7, 0.3847584659, [-1.8265347266354346, -36.615226703114516]
15, 8, 0.3506042718, [-0.8809326690493946, -36.72288618706594]
15, 9, 0, [2.813338094238313, -49.04151483730788]
16, 0, 0.8691016855, [0.5888751545735518, -43.43695722355178]
16, 1, 0.8583861415, [0.5424657951046279, -46.3603258606476]
16, 2, 0.8559913395, [0.5424657951046279, -48.27331343303123]
16, 3, 0.8484767646, [0.5888751545735518, -53.54583139861202]
16, 4, 0.8453116687, [0.5888751545735518, -39.269726566867575]
16, 5, 0.3973985169, [-3.5980257282674115, -42.177573246638005]
16, 6, 0.3803684836, [-2.6835552897665664, -42.92626590146601]
16, 7, 0.3424142836, [-1.4498498952723156, -44.503554084983875]
16, 8, 0.3331405606, [-2.230918519954331, -47.00914156832391]
16, 9, 0, [4.454374494313245, -41.30970093242903]
17, 0, 0.8691016855, [0.5888751545735518, -43.43695722355178]
17, 1, 0.8623968182, [0.5656704748390898, -44.92811832564457]
17, 2, 0.8477914542, [0.7680681655374082, -49.08058129235637]
17, 3, 0.7272122721, [0.07844484062723456, -46.721689801472436]
17, 4, 0.6106485334, [2.0645321490999367, -43.43695722355178]
17, 5, 0.4388704917, [-0.0830644395875495, -42.40697196317072]
17, 6, 0.3488977453, [-3.4778498169690004, -46.3603258606476]
17, 7, 0.3008969201, [-0.20789726673190845, -46.3603258606476]
17, 8, 0.2027342284, [-1.6649189455108386, -55.02026990081886]
17, 9, 0, [8.03098037230009, -50.48905310305274]
18, 0, 0.8691016855, [0.5888751545735518, -43.43695722355178]
18, 1, 0.8597248785, [0.5656704748390898, -46.040342038573776]
18, 2, 0.7357654787, [1.6012179469106462, -46.025966597971696]
18, 3, 0.7353352617, [1.5892535587609218, -44.07344115153658]
18, 4, 0.6911685262, [1.817592830456642, -44.10976300896902]
18, 5, 0.3478388303, [-1.2745017267572398, -43.19697754068849]
18, 6, 0.3296062023, [-4.664462053880857, -48.731313347344475]
18, 7, 0.2995508151, [-0.41569575603110936, -44.5579540467914]
18, 8, 0.2904449181, [-0.4869200583825605, -45.55315972920339]
18, 9, 0, [2.865199328567796, -43.47166416802054]
19, 0, 0.8696085265, [0.5869673798267718, -43.890542955573636]
19, 1, 0.8691016855, [0.5888751545735518, -43.43695722355178]
19, 2, 0.8440921514, [1.083444210874868, -47.32406433705327]
19, 3, 0.8361712908, [1.0506037248207591, -52.64004162708673]
19, 4, 0.7932654115, [1.2949598219429754, -50.34737072902571]
19, 5, 0.768852178, [0.09282909912406367, -43.51166707477123]
19, 6, 0.7663294849, [0.12290157213711517, -48.24028714213095]
19, 7, 0.7172307784, [1.7094053886836442, -52.5659067689453]
19, 8, 0.3414850512, [-1.1212220333804017, -43.19312654325763]
19, 9, 0.3390979509, [-1.0818786537327456, -43.43695722355178]
20, 0, 0.8696085265, [0.5869673798267718, -43.890542955573636]
20, 1, 0.867998551, [0.5889531673948926, -43.540526485750206]
20, 2, 0.8676555854, [0.5870453926481126, -44.02978250218761]
20, 3, 0.8632501038, [0.5888751545735518, -45.83088039732596]
20, 4, 0.7644032192, [0.09243476931546024, -44.56267223189192]
20, 5, 0.394773842, [-3.5315930441646737, -42.221554138800315]
20, 6, 0.3121873646, [-1.1600220471087423, -46.2906621365872]
20, 7, 0.241921917, [-0.9771514676230564, -51.039861685775605]
20, 8, 0.2324368163, [-1.703284490686988, -52.86558212480251]
20, 9, 0, [2.6086460730789596, -38.60081359602422]
21, 0, 0.8696085265, [0.5869673798267718, -43.890542955573636]
21, 1, 0.8676555854, [0.5870453926481126, -44.02978250218761]
21, 2, 0.8667421163, [0.5879602736108323, -44.15199484195668]
21, 3, 0.8653491556, [0.5889141609842221, -44.68570344153808]
21, 4, 0.7461509141, [1.5501596989961937, -44.02978250218761]
21, 5, 0.3904509652, [-7.322345385060243, -44.051599358821065]
21, 6, 0.33762954, [-0.5710320740370811, -39.04324420494795]
21, 7, 0.3340428028, [-0.9851319673754412, -43.37000110629498]
21, 8, 0.3305636408, [-0.17088056587629674, -44.860711676449796]
21, 9, 0, [2.4267668336566857, -44.71837691347059]
22, 0, 0.8696085265, [0.5869673798267718, -43.890542955573636]
22, 1, 0.8685490958, [0.5870063862374422, -43.96016272888062]
22, 2, 0.867998551, [0.5869673798267718, -43.53694184740818]
22, 3, 0.8618617088, [0.587463826718802, -46.78884669631649]
22, 4, 0.8617240332, [0.5890731104133778, -46.79732962495089]
22, 5, 0.7418263171, [0.06734108721265564, -39.43102224471457]
22, 6, 0.4001678133, [-4.215712795473875, -42.18650990772576]
22, 7, 0.3816609562, [-4.81468652769543, -43.9426340807841]
22, 8, 0.37188249, [-3.510025816237391, -44.204085967167146]
22, 9, 0, [4.012393369970724, -43.96937416206502]
23, 0, 0.8696085265, [0.5870217009595146, -43.85750374481066]
23, 1, 0.8696085265, [0.5869673798267718, -43.890542955573636]
23, 2, 0.8622197302, [0.587235106478122, -45.96853166409249]
23, 3, 0.8555640236, [0.5869673798267718, -41.10301596509598]
23, 4, 0.8548705484, [0.5869673798267718, -40.70737060452706]
23, 5, 0.854826713, [0.5869826945488442, -40.82576893861256]
23, 6, 0.375733312, [-1.8574176047106077, -41.15830737622712]
23, 7, 0.3619995041, [-4.053813789448195, -45.43912965287504]
23, 8, 0.3409542778, [-1.2141620792083323, -43.93318606732401]
23, 9, 0, [5.2207460130582595, -46.78884669631649]
24, 0, 0.8696085265, [0.5870217009595146, -43.85750374481066]
24, 1, 0.8603132498, [0.5869673798267718, -46.3575092616525]
24, 2, 0.8555497877, [0.5874225950549175, -49.122205321533606]
24, 3, 0.7727882391, [1.4655100295664294, -47.26109476994092]
24, 4, 0.727590154, [1.6226996182695614, -43.088294764188326]
24, 5, 0.6821072096, [1.8729493374576605, -49.72388367883828]
24, 6, 0.5369099212, [2.26078777528659, -43.970121124799086]
24, 7, 0.5310956421, [-0.016184541855653767, -42.5526056834855]
24, 8, 0.3732939304, [-2.9785036014473905, -43.87402335019215]
24, 9, 0, [3.305424297476275, -42.21292766537589]
25, 0, 0.8696085265, [0.5870217009595146, -43.85750374481066]
25, 1, 0.8599726467, [0.587222148007216, -47.74368688592496]
25, 2, 0.7610029791, [1.5069605584867187, -47.25796475751686]
25, 3, 0.4007495684, [-6.03316142210395, -42.629139679237234]
25, 4, 0.3567583825, [-1.1950602273534878, -37.28815331852256]
25, 5, 0.3314841448, [-7.203503884621159, -49.319039102840094]
25, 6, 0.3084339075, [-1.294055037577572, -47.26917091468039]
25, 7, 0.266655587, [-0.8965902455920158, -49.122205321533606]
25, 8, 0, [3.389671171089903, -45.4279599254591]
25, 9, 0, [4.1688207983336465, -52.024125876823334]
26, 0, 0.8696085265, [0.5870217009595146, -43.85750374481066]
26, 1, 0.8575977769, [0.6211332992135006, -41.24851414495831]
26, 2, 0.8534640356, [0.5871219244833652, -49.849755900033934]
26, 3, 0.8515226657, [0.7836516739913755, -47.17843886851091]
26, 4, 0.8417132688, [1.0469911297231167, -45.55773425116376]
26, 5, 0.3630921568, [-4.493122274852812, -45.61266724459101]
26, 6, 0.3595305954, [-3.5087982150304544, -45.4136988447523]
26, 7, 0.3594908058, [-2.722969637048367, -45.1864132825811]
26, 8, 0, [5.785710285062422, -47.30358105174728]
26, 9, 0, [2.7054241439742857, -45.488624152183775]
27, 0, 0.8696085265, [0.5870217009595146, -43.85750374481066]
27, 1, 0.8575977769, [0.6211332992135006, -41.24851414495831]
27, 2, 0.8531968853, [0.6853867992373703, -48.43368688195086]
27, 3, 0.5866863614, [2.1364042994326367, -41.24851414495831]
27, 4, 0.3794225378, [-0.09527769430771416, -46.009799997594925]
27, 5, 0.3620743173, [-4.052827262972794, -45.414288347141344]
27, 6, 0.3280508266, [-1.0913535875217555, -44.65108783946895]
27, 7, 0.3230738221, [-1.2840125888299267, -45.96803398518993]
27, 8, 0.2781709222, [-0.5055414678966601, -46.67925282747262]
27, 9, 0, [7.511505508155951, -41.5631473748918]
28, 0, 0.8696085265, [0.5870217009595146, -43.85750374481066]
28, 1, 0.8640989193, [0.6362042500984424, -44.350846013572976]
28, 2, 0.8624954327, [0.6040775000865075, -42.95152625445538]
28, 3, 0.7654346617, [1.467883241548297, -46.14559531338076]
28, 4, 0.3868053093, [-2.6659430281532033, -42.542444497541126]
28, 5, 0.3534159256, [-3.914469615463217, -46.111653642926775]
28, 6, 0, [3.151856514522472, -46.14559531338076]
28, 7, 0, [4.634002258088023, -40.89909194598899]
28, 8, 0, [3.124931312554969, -44.454188890550725]
28, 9, 0, [3.9240043690316213, -44.22208562104378]
29, 0, 0.8696085265, [0.5870217009595146, -43.85750374481066]
29, 1, 0.8622509398, [0.620140875092475, -42.09622679789904]
29, 2, 0.8186474503, [1.1518926446348343, -44.794244307665146]
29, 3, 0.4972536343, [-0.0754408254925939, -35.73362328800002]
29, 4, 0.4162378941, [-6.067983368803519, -40.14210037178299]
29, 5, 0.3979364291, [-7.330770604102178, -43.21243146158139]
29, 6, 0.3798858334, [-3.864851112815381, -43.57834652854804]
29, 7, 0.3486181378, [-1.1080488881703583, -42.271131212873165]
29, 8, 0.3384044021, [-1.0394606635968444, -43.19997412117589]
29, 9, 0.3363279459, [-1.639132682682387, -45.44604601101547]
30, 0, 0.8696085265, [0.5870217009595146, -43.85750374481066]
30, 1, 0.8675980684, [0.5987660560505276, -43.86018560802169]
30, 2, 0.8595979584, [0.6187830328880888, -41.75928297394886]
30, 3, 0.838866335, [0.5870217009595146, -38.33581580238557]
30, 4, 0.7667805565, [1.2060693402660516, -34.5315143100971]
30, 5, 0.6317697299, [1.920996039329406, -36.18469325170053]
30, 6, 0.627605486, [2.0169533229633556, -43.826020506407815]
30, 7, 0.5207219443, [2.3077478365977164, -41.547826255416865]
30, 8, 0, [7.278046966775753, -50.08221510153005]
30, 9, 0, [3.6792482872781753, -45.11745432948447]
