0, 0, 0.853588587, [1.5767263688984465, -59.10608341685789]
0, 1, 0.848137622, [1.0626026142919174, -53.30367785553532]
0, 2, 0.8385434072, [0.8652329118126117, -44.839341356899126]
0, 3, 0.8306336404, [0.8715421771424384, -42.32202948372274]
0, 4, 0.6790831428, [2.337993794602593, -59.249677343319995]
0, 5, 0.6488176612, [2.3745955322283314, -43.6517555819035]
0, 6, 0.4604347097, [2.6776492495740434, -39.69901537731266]
0, 7, 0.4596395298, [0.1928758938935227, -54.034870479400546]
0, 8, 0, [3.222628486966959, -57.391835021117515]
0, 9, 0, [2.933006598372393, -59.80503720965817]
1, 0, 0.8673436721, [1.3196644915951818, -55.420787798597196]
1, 1, 0.8662887623, [1.401270694707231, -52.35429020282067]
1, 2, 0.863492953, [1.4678258686939611, -48.250429659994595]
1, 3, 0.8595493697, [1.4870065908548062, -59.10608341685789]
1, 4, 0.853588587, [1.5767263688984465, -59.10608341685789]
1, 5, 0.853588587, [1.5767263688984465, -59.10608341685789]
1, 6, 0.3014080508, [-2.068915147283671, -45.390684957074555]
1, 7, 0.2456599701, [-3.9542137844892773, -52.14747631005178]
1, 8, 0, [3.4241766132555425, -44.316109174305595]
1, 9, 0, [6.608963046992745, -46.99283511622088]
2, 0, 0.8673436721, [1.3196644915951818, -55.420787798597196]
2, 1, 0.8673436721, [1.3196644915951818, -55.420787798597196]
2, 2, 0.8652181432, [1.3004727929735571, -45.62720330075851]
2, 3, 0.8649311584, [1.1999095336989682, -48.01157814109034]
2, 4, 0.8096951488, [0.7456354482534168, -50.24091214428034]
2, 5, 0.7478405324, [0.5218313058772128, -50.231653623618776]
2, 6, 0.6743755075, [0.47659806357678247, -57.026946753912455]
2, 7, 0.575630886, [0.3593651921136849, -57.95572801493005]
2, 8, 0.2437731905, [-1.6293680035680784, -51.317243328214204]
2, 9, 0.1962476101, [-0.5209387311725968, -53.887539000708934]
3, 0, 0.8673436721, [1.3196644915951818, -55.420787798597196]
3, 1, 0.8673436721, [1.3196644915951818, -55.420787798597196]
3, 2, 0.8640094842, [1.1999095336989682, -42.48842082372864]
3, 3, 0.862703794, [1.3100686422843695, -43.575481506363296]
3, 4, 0.8561288051, [1.5913688012006173, -53.92682434437435]
3, 5, 0.7896577234, [0.6444115719118897, -50.52399554967785]
3, 6, 0.7662986136, [0.7165129693419181, -57.68049960782103]
3, 7, 0.7141438636, [0.534495466320281, -55.420787798597196]
3, 8, 0.2037682362, [-0.8218599186640625, -54.30537632553137]
3, 9, 0.1587154296, [-0.24207083831552234, -57.17522273271338]
4, 0, 0.8673436721, [1.3196644915951818, -55.420787798597196]
4, 1, 0.8668480295, [1.3196644915951818, -52.359891096346956]
4, 2, 0.866160393, [1.3956391674497928, -52.72550686776262]
4, 3, 0.8649579005, [1.3196644915951818, -57.690699412502795]
4, 4, 0.8648024587, [1.3956391674497928, -48.47492997781372]
4, 5, 0.8620961719, [1.3196644915951818, -62.06559030611341]
4, 6, 0.8580346459, [1.223167380798461, -60.64304430118904]
4, 7, 0.8574712111, [1.1034124229022475, -50.858689328231776]
4, 8, 0.7556173699, [0.6408740675129101, -55.420787798597196]
4, 9, 0.3737025798, [0.16975638008348715, -60.81567931934994]
5, 0, 0.8681960015, [1.3196644915951818, -54.468110710798385]
5, 1, 0.8673436721, [1.3196644915951818, -55.420787798597196]
5, 2, 0.8657640068, [1.3576518295224873, -49.825217244347385]
5, 3, 0.8651048777, [1.3196644915951818, -57.472616346907074]
5, 4, 0.8647638039, [1.3196644915951818, -48.83807494626423]
5, 5, 0.8624906937, [1.4217539605828702, -57.68954320136572]
5, 6, 0.700794798, [2.281903526187583, -53.1255741564601]
5, 7, 0.5878209853, [2.513359054713731, -50.65449175014175]
5, 8, 0.222748801, [-0.4432138113401809, -51.94785888820546]
5, 9, 0, [3.8119742444442415, -62.85319586728492]
6, 0, 0.8681960015, [1.3196644915951818, -54.468110710798385]
6, 1, 0.8680475446, [1.3196644915951818, -54.94444925469779]
6, 2, 0.8673436721, [1.3196644915951818, -55.61123522618154]
6, 3, 0.8644333884, [1.3196644915951818, -59.2381179202419]
6, 4, 0.8416866349, [1.0323235726470257, -54.85102957924216]
6, 5, 0.7294526107, [0.6025149908030224, -57.472616346907074]
6, 6, 0.6809294666, [0.4916848177918972, -57.34764345309369]
6, 7, 0.203850732, [-4.759080743309668, -55.97036352885273]
6, 8, 0.1775770744, [-4.75237855188167, -57.74119305407188]
6, 9, 0, [4.496083563054532, -57.05216705271868]
7, 0, 0.8681960015, [1.3196644915951818, -54.468110710798385]
7, 1, 0.8680475446, [1.3196644915951818, -54.94444925469779]
7, 2, 0.864678666, [1.393235624375827, -56.587085538683866]
7, 3, 0.8451796698, [1.0353901571649768, -53.59307860861975]
7, 4, 0.7852444293, [2.01946459821569, -56.853114315520145]
7, 5, 0.5020731661, [2.6486452702770276, -59.58256611156772]
7, 6, 0.473058026, [2.6808950076052316, -53.99432758688064]
7, 7, 0.3126099396, [2.864018015968721, -54.17504419236622]
7, 8, 0.1596930543, [-1.2443727413931636, -57.76287519102101]
7, 9, 0, [4.935360143927058, -57.65708301671994]
8, 0, 0.8681960015, [1.3196644915951818, -54.468110710798385]
8, 1, 0.8672952861, [1.3564500579855046, -55.527598124741125]
8, 2, 0.8640429251, [1.1775273243800792, -56.24487534308291]
8, 3, 0.8635834628, [1.214312890770402, -55.14763443226024]
8, 4, 0.7794735619, [2.0375647539731236, -54.03059465970907]
8, 5, 0.7439409999, [0.5378850672476121, -51.6747469188349]
8, 6, 0.4139895282, [2.757343241400064, -57.68844654139811]
8, 7, 0.1973824467, [-1.050059435662054, -55.09008207365181]
8, 8, 0, [3.1692458653635387, -54.65219912050576]
8, 9, 0, [4.614127485245373, -54.26876393165877]
9, 0, 0.8681960015, [1.3196644915951818, -54.468110710798385]
9, 1, 0.8664575956, [1.3299498605099764, -54.16573917176706]
9, 2, 0.8652168463, [1.2485959079876305, -50.05099484794831]
9, 3, 0.8202283271, [0.8616880000390649, -53.835809224291324]
9, 4, 0.8000049638, [1.9609792853423624, -55.600829009532504]
9, 5, 0.5044269629, [0.1825903599043761, -48.996865828652254]
9, 6, 0.2226757389, [-4.438600582683533, -54.468110710798385]
9, 7, 0.1889005986, [-2.1171520901514604, -56.24487534308291]
9, 8, 0.1755636791, [-0.4995911074189845, -55.69625488767157]
9, 9, 0.1745226023, [-2.844042775956241, -57.30484968369737]
10, 0, 0.8681960015, [1.3196644915951818, -54.468110710798385]
10, 1, 0.8681960015, [1.3196644915951818, -54.468110710798385]
10, 2, 0.8664575956, [1.3299498605099764, -54.16573917176706]
10, 3, 0.8664575956, [1.3299498605099764, -54.16573917176706]
10, 4, 0.8630745598, [1.2561733910292734, -58.76414734463103]
10, 5, 0.8603223231, [1.4673405481005868, -57.67756082582744]
10, 6, 0.8565624329, [1.3375273435516193, -65.12641177992664]
10, 7, 0.7887756254, [1.9957919464485645, -56.46615940891374]
10, 8, 0, [4.823461587667328, -54.25442132633541]
10, 9, 0, [3.2444357386527414, -55.034469860165444]
11, 0, 0.8681960015, [1.3196644915951818, -54.468110710798385]
11, 1, 0.8673211776, [1.3196644915951818, -53.411980759269525]
11, 2, 0.8240112046, [1.8332804725941165, -56.650033589073786]
11, 3, 0.3248509996, [0.021814286873548028, -52.30104657813189]
11, 4, 0.2757302578, [2.9156416205551836, -54.468110710798385]
11, 5, 0.2571284054, [-0.8224559748899245, -49.796973826484404]
11, 6, 0.1417401423, [-0.9450784129868852, -58.774461221214274]
11, 7, 0, [3.0119805634727204, -59.40183096690699]
11, 8, 0, [5.959220917599484, -52.334187024607324]
11, 9, 0, [3.148919859354773, -56.42355541051501]
12, 0, 0.8681960015, [1.3196644915951818, -54.468110710798385]
12, 1, 0.8578550101, [1.5510040768748992, -54.468110710798385]
12, 2, 0.8481704386, [1.1232131585759482, -59.16164937067923]
12, 3, 0.820072935, [1.8752734713742725, -53.63383951767051]
12, 4, 0.8021849623, [1.9541119099045363, -52.84063721176644]
12, 5, 0.4333029296, [2.736736819052121, -53.411980759269525]
12, 6, 0.2420219123, [-1.0292378326545135, -51.304460594755284]
12, 7, 0.2307909245, [-0.4264019517209219, -51.3372749226913]
12, 8, 0, [3.550089038864538, -53.8967671632953]
12, 9, 0, [3.358374038267741, -53.411980759269525]
13, 0, 0.8681960015, [1.3196644915951818, -54.468110710798385]
13, 1, 0.8665880527, [1.3196644915951818, -52.11505223892665]
13, 2, 0.840342028, [1.7525579933897177, -52.449737568230795]
13, 3, 0.8391357976, [1.7525579933897177, -53.65437396128242]
13, 4, 0.8368235366, [1.7525579933897177, -56.75439329533494]
13, 5, 0.206717028, [-1.3938227525753928, -54.468110710798385]
13, 6, 0.199796648, [-0.18407242788033584, -55.09424902320387]
13, 7, 0, [4.756678495211641, -60.3315616383785]
13, 8, 0, [3.603955624068721, -51.765953624322755]
13, 9, 0, [3.133456312616727, -54.468110710798385]
14, 0, 0.8681960015, [1.3196644915951818, -54.468110710798385]
14, 1, 0.8649579005, [1.3196644915951818, -57.55586545803037]
14, 2, 0.857093593, [1.5593485413577466, -52.853651717285466]
14, 3, 0.8448602357, [1.7180134063266526, -54.468110710798385]
14, 4, 0.8397893898, [1.7525579933897177, -52.9094140622918]
14, 5, 0.8083072728, [0.8223922420376951, -54.11404661080728]
14, 6, 0.233498563, [-3.9883518492715435, -53.29158147486252]
14, 7, 0.2179073966, [-2.441992925169508, -54.18914162954316]
14, 8, 0, [5.0350792617622675, -57.8529471260025]
14, 9, 0, [3.696847356459231, -61.46159403725861]
15, 0, 0.8681960015, [1.3196644915951818, -54.468110710798385]
15, 1, 0.8666005244, [1.3922726157309042, -54.38780587367385]
15, 2, 0.8660970302, [1.3422360014180696, -52.77048352581092]
15, 3, 0.8623855794, [1.3196644915951818, -61.659172160194636]
15, 4, 0.8569720352, [1.5917471304826853, -51.55510611121292]
15, 5, 0.8491166747, [1.1148138166629713, -57.298301293258106]
15, 6, 0.8463178688, [1.104283007792922, -59.49775657959009]
15, 7, 0.3001232308, [-0.15014333202776453, -47.754039674312544]
15, 8, 0.2725529141, [-1.1351692214724456, -48.88521082426445]
15, 9, 0, [3.544127431259943, -60.072668324554485]
16, 0, 0.8681960015, [1.3196644915951818, -54.468110710798385]
16, 1, 0.8663752187, [1.3672543085744868, -55.74698578112228]
16, 2, 0.8657560009, [1.3196644915951818, -50.30088005411418]
16, 3, 0.8645962422, [1.3672543085744868, -57.659973353505904]
16, 4, 0.8298586424, [1.0124273764422784, -59.56929835582196]
16, 5, 0.2374967546, [-2.748218907641135, -52.372894341044145]
16, 6, 0.2153062166, [-1.9527659527449366, -53.957419388712616]
16, 7, 0.1968461171, [-0.8214469984713784, -54.88789190913033]
16, 8, 0.156473097, [-1.5001291829327013, -58.04029505557052]
16, 9, 0, [5.185163831334876, -52.34085441967564]
17, 0, 0.8681960015, [1.3196644915951818, -54.468110710798385]
17, 1, 0.8666093439, [1.3434594000848343, -55.13702502950521]
17, 2, 0.8531737576, [1.5914935100774805, -58.47768606206201]
17, 3, 0.8046444573, [0.8562337658729791, -56.93059650533308]
17, 4, 0.7701836079, [0.6477248974340806, -53.438125450417324]
17, 5, 0.7450752625, [0.6168912467379505, -55.74698578112228]
17, 6, 0.3792361595, [2.795321486121567, -54.468110710798385]
17, 7, 0.2009849034, [-2.6530613034991415, -55.74698578112228]
17, 8, 0.1376011279, [-0.9434122690659836, -59.13334407042947]
17, 9, 0, [8.829387409683747, -59.07749669882691]
18, 0, 0.8681960015, [1.3196644915951818, -54.468110710798385]
18, 1, 0.8656466564, [1.3434594000848343, -56.24924874243442]
18, 2, 0.6786781182, [2.3435426898946092, -54.69347124709021]
18, 3, 0.6461402166, [2.4018250818035547, -55.82897233475483]
18, 4, 0.5857011706, [0.3385933751025778, -55.17798414234503]
18, 5, 0.5322896374, [2.5953817557023866, -54.31866971282966]
18, 6, 0.5154110188, [0.26736907275112665, -56.17318982475702]
18, 7, 0.1972082117, [-0.5202125956235526, -53.817007636242124]
18, 8, 0.1649638778, [-3.8638549189879496, -58.53431908412761]
18, 9, 0, [3.619488459701483, -54.09169426357417]
19, 0, 0.8681960015, [1.3196644915951818, -54.468110710798385]
19, 1, 0.8678995834, [1.317708191140361, -54.778437018784004]
19, 2, 0.8600678392, [1.3410680324985935, -62.43376966019256]
19, 3, 0.822162359, [1.8435010449897218, -56.762270013542846]
19, 4, 0.8214500134, [1.8283441243584628, -62.705688906911135]
19, 5, 0.7747304046, [2.055016656057829, -59.785576405515286]
19, 6, 0.7644270216, [2.0888328697617693, -46.98594021218807]
19, 7, 0.1976715492, [-0.39043269635877165, -54.22428003050423]
19, 8, 0.1947859155, [-0.35108931671111554, -54.468110710798385]
19, 9, 0.1417705093, [-1.725472060882005, -59.29007373983494]
20, 0, 0.8681960015, [1.3196644915951818, -54.468110710798385]
20, 1, 0.8680475446, [1.3197444887322278, -54.59465684336078]
20, 2, 0.8678995834, [1.317788188277407, -54.869312866930855]
20, 3, 0.8652955111, [1.317708191140361, -57.17236019255819]
20, 4, 0.8021779247, [0.8231998434830698, -55.52219600712041]
20, 5, 0.2245539213, [-2.8027600075978647, -53.56303393403254]
20, 6, 0.1709480652, [-0.56063549219765, -56.08609086975178]
20, 7, 0.1536952933, [-0.42925697294113285, -57.250185911815684]
20, 8, 0.0865470732, [-1.5462815330150568, -66.14790110020799]
20, 9, 0, [3.103806539775027, -51.44445013520623]
21, 0, 0.8681960015, [1.3196644915951818, -54.468110710798385]
21, 1, 0.8680475446, [1.319704490163705, -54.96784389837434]
21, 2, 0.8678995834, [1.317788188277407, -54.869312866930855]
21, 3, 0.8667217815, [1.3187263399362945, -55.883508517959484]
21, 4, 0.7238583539, [0.5598845082913129, -55.820235451678286]
21, 5, 0.7008314965, [2.280902494625488, -54.869312866930855]
21, 6, 0.4661778068, [0.15878010491499128, -50.24104928136936]
21, 7, 0.2186544513, [-6.591567187307771, -55.0584264252406]
21, 8, 0.2000398288, [-0.25436689320783157, -54.32952488152347]
21, 9, 0, [3.1585110502095586, -55.534225969888254]
22, 0, 0.8681960015, [1.3196644915951818, -54.468110710798385]
22, 1, 0.8680475446, [1.3196844908794434, -54.71797730458636]
22, 2, 0.8677107514, [1.3196644915951818, -54.11450960263293]
22, 3, 0.8651048777, [1.3187263399362945, -57.43628958641595]
22, 4, 0.8647679491, [1.318802937488141, -58.102407570531504]
22, 5, 0.8202063634, [0.8000381989810657, -50.00858999993932]
22, 6, 0.2368228108, [-3.483098035582775, -52.871350532109716]
22, 7, 0.2214930821, [-4.082001828238688, -54.548045386500775]
22, 8, 0.2103378779, [-2.7802103138824847, -54.949247542633245]
22, 9, 0, [4.7450714746127245, -54.72718873777077]
23, 0, 0.8681960015, [1.3196644915951818, -54.468110710798385]
23, 1, 0.8680475446, [1.319692343011307, -54.65585965986842]
23, 2, 0.8670381548, [1.3196644915951818, -51.680583720320726]
23, 3, 0.8661182113, [1.319205415407869, -56.6711603969951]
23, 4, 0.8661044767, [1.3196723437270454, -51.44387803318933]
23, 5, 0.865843431, [1.3196644915951818, -51.284938359751806]
23, 6, 0.2362381363, [-1.1247204929421977, -51.73587513145187]
23, 7, 0.1969537008, [-3.3218434805184476, -56.14175838577765]
23, 8, 0.1907681985, [-0.4814649674399223, -54.51075382254876]
23, 9, 0, [5.952008526275751, -57.43628958641595]
24, 0, 0.8681960015, [1.3196644915951818, -54.468110710798385]
24, 1, 0.8677107514, [1.3196839959005795, -54.24345086360291]
24, 2, 0.8654429791, [1.319692343011307, -57.122825965947285]
24, 3, 0.7910954556, [0.7165049125517201, -53.0709742716675]
24, 4, 0.7299080023, [2.198067008479567, -57.435604960076766]
24, 5, 0.6705093125, [2.3553695694716, -53.682382124794565]
24, 6, 0.5285726861, [2.605619288659699, -60.317971039444515]
24, 7, 0.214290633, [-2.245833650245352, -54.468110710798385]
24, 8, 0, [4.0380942486783145, -52.807015025982125]
24, 9, 0, [2.9934772296939642, -54.488489712981085]
25, 0, 0.8681960015, [1.3196644915951818, -54.468110710798385]
25, 1, 0.8654429791, [1.3196784173032445, -57.04930069112566]
25, 2, 0.8611608836, [1.4987793952971977, -55.468207991374015]
25, 3, 0.3059850381, [-1.2032413905430088, -45.49839655237972]
25, 4, 0.2500442721, [-5.300705152807922, -51.934753484437934]
25, 5, 0.2257843713, [-2.0430601545922813, -53.07905041640697]
25, 6, 0.1847471792, [-6.471234136664769, -57.31965974725377]
25, 7, 0.1696524699, [-0.16432049763562628, -57.122825965947285]
25, 8, 0, [3.381490007900382, -53.638203159316255]
25, 9, 0, [4.901090546290036, -60.02474652123701]
26, 0, 0.8681960015, [1.3196644915951818, -54.468110710798385]
26, 1, 0.8657054606, [1.4092219434461897, -54.9681593510862]
26, 2, 0.8639953767, [1.3196714544492132, -59.80786628562815]
26, 3, 0.8627729212, [1.3326641851511347, -39.5263825952701]
26, 4, 0.860591036, [1.1457892270446295, -55.93636738803984]
26, 5, 0.3649462784, [0.05821851338011785, -51.27384862175269]
26, 6, 0.2379461355, [-1.7119341244243274, -51.7001025837626]
26, 7, 0.214152596, [-3.1465674013073817, -54.82412394467474]
26, 8, 0, [6.518259815028269, -57.2616914373415]
26, 9, 0, [3.06756169702754, -54.246552671712706]
27, 0, 0.8681960015, [1.3196644915951818, -54.468110710798385]
27, 1, 0.8660420954, [1.3261678198001738, -49.58671393812757]
27, 2, 0.8657054606, [1.4092219434461897, -54.9681593510862]
27, 3, 0.7494716213, [0.6373184659930434, -56.2941586733859]
27, 4, 0.4760380063, [0.25482424953751814, -58.84437891353043]
27, 5, 0.2649503114, [2.924492943665326, -54.9681593510862]
27, 6, 0.2030336907, [-3.385375240940474, -55.77056585704984]
27, 7, 0.168336285, [-0.5514164285291692, -56.25239266098091]
27, 8, 0.1624038489, [-0.33098787008757724, -56.81621392552676]
27, 9, 0, [8.234403383785294, -55.02846312494046]
28, 0, 0.8681960015, [1.3196644915951818, -54.468110710798385]
28, 1, 0.8671049403, [1.3644432175206858, -52.92338573113451]
28, 2, 0.8668817425, [1.3229161556976778, -52.42592963403388]
28, 3, 0.7335030119, [2.1961222089705403, -54.71813503094229]
28, 4, 0.205907008, [-3.049164549555166, -55.37057024474879]
28, 5, 0.2055741352, [-3.1956309598520463, -55.58605702250527]
28, 6, 0, [3.880095481944716, -54.71813503094229]
28, 7, 0, [5.36664504872369, -51.50969891197672]
28, 8, 0, [3.8575741031906365, -55.06479585653845]
28, 9, 0, [4.652243336453864, -52.794625338605314]
29, 0, 0.8681960015, [1.3196644915951818, -54.468110710798385]
29, 1, 0.8668240177, [1.3436796866091818, -51.11969834646906]
29, 2, 0.8665721716, [1.3266032792516866, -56.51361066426284]
29, 3, 0.8097177251, [0.6572019651430734, -46.344230253987746]
29, 4, 0.5675827466, [0.30875997477239236, -54.468110710798385]
29, 5, 0.2807353162, [-5.3444445572868124, -49.165571920353]
29, 6, 0.2370027889, [-3.141312301298674, -52.601818077118054]
29, 7, 0.2206109112, [-7.156059969485327, -54.931797818179085]
29, 8, 0.2089509002, [-0.933338253553506, -53.99049756947086]
29, 9, 0.2023927562, [-0.9155938711656803, -54.46951755958548]
30, 0, 0.8681960015, [1.3196644915951818, -54.468110710798385]
30, 1, 0.8672132615, [1.3281804943400586, -54.47320927519565]
30, 2, 0.8655408961, [1.3426950954715628, -51.30205699069474]
30, 3, 0.8654968158, [1.3196644915951818, -48.946422768373296]
30, 4, 0.801953967, [1.9387121309017188, -45.14212127608483]
30, 5, 0.4921461945, [2.6536388299650735, -46.79530021768826]
30, 6, 0.4191363868, [2.749596113599023, -54.43662747239554]
30, 7, 0, [8.00613776785194, -59.89925435880892]
30, 8, 0, [4.407339088354362, -54.93449358676333]
30, 9, 0, [6.298045001410289, -49.32375755948223]
