0, 0, 0.8602035488, [0.8715421771424384, -42.32202948372274]
0, 1, 0.8571560366, [0.8652329118126117, -44.839341356899126]
0, 2, 0.8343403124, [1.0626026142919174, -53.30367785553532]
0, 3, 0.7776162788, [1.5767263688984465, -59.10608341685789]
0, 4, 0.710853382, [0.1928758938935227, -54.034870479400546]
0, 5, 0.6193673415, [2.337993794602593, -59.249677343319995]
0, 6, 0.6116453988, [2.3745955322283314, -43.6517555819035]
0, 7, 0, [2.6776492495740434, -39.69901537731266]
0, 8, 0, [3.222628486966959, -57.391835021117515]
0, 9, 0, [2.933006598372393, -59.80503720965817]
1, 0, 0.8602035488, [0.8715421771424384, -42.32202948372274]
1, 1, 0.8590572197, [0.8715421771424384, -41.53793664612333]
1, 2, 0.849887115, [1.0455239661643139, -45.220919172841285]
1, 3, 0.8343652964, [0.972882836248277, -53.30367785553532]
1, 4, 0.8343403124, [1.0626026142919174, -53.30367785553532]
1, 5, 0.799268995, [1.4709805013588744, -46.9917737234064]
1, 6, 0.3331418977, [-4.309960513032195, -45.01410528007239]
1, 7, 0.3248669656, [-2.0657605146187574, -44.13202902048637]
1, 8, 0, [3.4241766132555425, -44.316109174305595]
1, 9, 0, [6.608963046992745, -46.99283511622088]
2, 0, 0.8628404672, [0.8186906528578317, -42.86672201046907]
2, 1, 0.8602035488, [0.8715421771424384, -42.32202948372274]
2, 2, 0.8602035488, [0.8715421771424384, -42.32202948372274]
2, 3, 0.8499007076, [0.4988742948089362, -40.37444942511676]
2, 4, 0.8472508519, [0.8715421771424384, -40.427520180103876]
2, 5, 0.5584343701, [0.02847574912403905, -43.928188439037996]
2, 6, 0.4017475377, [-0.06737744927365807, -39.6843292637853]
2, 7, 0.3334497526, [-2.0645801120592737, -43.253108927200316]
2, 8, 0.318889033, [-1.0098641471813647, -41.929983064923036]
2, 9, 0.2925175157, [-0.0758469163775104, -49.891593613916164]
3, 0, 0.8628404672, [0.8186906528578317, -42.86672201046907]
3, 1, 0.8619420106, [0.8451164150001351, -42.5943757470959]
3, 2, 0.8449735781, [1.1168207246055706, -41.10041229287306]
3, 3, 0.8106840136, [0.8451164150001351, -35.64586170378135]
3, 4, 0.8090154615, [0.24196489274687139, -44.85408755631973]
3, 5, 0.7933343294, [0.4988742948089362, -34.85129210775506]
3, 6, 0.7807551188, [0.17945934462765534, -42.5943757470959]
3, 7, 0.5759017448, [0.03352162758293087, -42.86672201046907]
3, 8, 0.3329195762, [-1.2964079952591092, -41.478964274030076]
3, 9, 0.2832183709, [-0.7430446770528725, -44.62115694458525]
4, 0, 0.8675370606, [0.578461011674972, -42.22234023053675]
4, 1, 0.8638295066, [0.679392808676221, -43.24455731835862]
4, 2, 0.8628404672, [0.8186906528578317, -42.86672201046907]
4, 3, 0.8612527426, [0.8186906528578317, -45.13663362437467]
4, 4, 0.8599360212, [0.679392808676221, -47.49513420830752]
4, 5, 0.8574910352, [0.8765910834227109, -43.60404251485203]
4, 6, 0.8528170599, [0.8319035339289834, -49.375351386298696]
4, 7, 0.8381959381, [0.8319035339289834, -39.669652176532246]
4, 8, 0.7518255163, [0.15311310984671167, -42.730548878782486]
4, 9, 0.5747460731, [2.490373966507443, -44.49612364813155]
5, 0, 0.8675370606, [0.578461011674972, -42.22234023053675]
5, 1, 0.8653272416, [0.8186906528578317, -41.91404492267026]
5, 2, 0.8605717764, [0.6777960546539303, -40.953303840608896]
5, 3, 0.8604820189, [0.8186906528578317, -44.918550558778946]
5, 4, 0.8508044287, [0.7490417307670263, -40.338157926706444]
5, 5, 0.848728206, [0.6930290412359795, -50.6004215325824]
5, 6, 0.7815187524, [1.6416318432686223, -44.010240378471764]
5, 7, 0.7233376784, [1.87308737179477, -41.53915797215342]
5, 8, 0.2908661993, [-1.1719387306870717, -44.85873721942214]
5, 9, 0, [3.36730408224948, -45.622210748356544]
6, 0, 0.8675370606, [0.578461011674972, -42.22234023053675]
6, 1, 0.866579075, [0.6985758322664019, -42.06819257660351]
6, 2, 0.8630286027, [0.8186906528578317, -43.057169438053414]
6, 3, 0.8606730249, [0.578461011674972, -46.992347439980264]
6, 4, 0.832177989, [0.2911200927268157, -42.605259098980525]
6, 5, 0.6744022814, [0.10154115206567227, -44.918550558778946]
6, 6, 0.3453227241, [-5.380169402638448, -43.57044539465785]
6, 7, 0.3335311388, [-5.49358203180188, -45.495422573810245]
6, 8, 0.3315625333, [-0.12940384153688278, -44.47138677499941]
6, 9, 0, [3.8749949037257525, -44.6522489185238]
7, 0, 0.8675370606, [0.578461011674972, -42.22234023053675]
7, 1, 0.866579075, [0.6985758322664019, -42.06819257660351]
7, 2, 0.8632516891, [0.6520321444556171, -44.34131505842223]
7, 3, 0.8512881314, [0.4143014978361968, -40.71682193052547]
7, 4, 0.8135831642, [1.2782611182954802, -44.607343835258504]
7, 5, 0.7295093405, [1.9074417903568177, -47.33679563130608]
7, 6, 0.7152659291, [1.9396915276850213, -41.748557106619]
7, 7, 0.6901499956, [2.1228145360485113, -41.92927371210459]
7, 8, 0.3060882846, [-1.7966645183874492, -45.38702407813762]
7, 9, 0, [4.194156664006847, -45.411312536458304]
8, 0, 0.8675370606, [0.578461011674972, -42.22234023053675]
8, 1, 0.8666650631, [0.6152465780652945, -43.28182764447949]
8, 2, 0.8653960184, [0.533166821145907, -42.58662085308228]
8, 3, 0.8627713082, [0.49638125475558437, -43.68386176390496]
8, 4, 0.8012642977, [1.356418684348629, -41.469581080531114]
8, 5, 0.7076140537, [2.076197171775569, -45.127432962220155]
8, 6, 0.5777660444, [2.4880997957390436, -42.09118554132781]
8, 7, 0.336871128, [-1.7312055052865492, -42.52906849447385]
8, 8, 0.3367559602, [-0.20331841267259798, -39.428976438573265]
8, 9, 0, [3.9930388259165923, -41.39250725356449]
9, 0, 0.8675370606, [0.578461011674972, -42.22234023053675]
9, 1, 0.8656952931, [0.5817386023883384, -42.43196962350355]
9, 2, 0.8249251438, [0.5558139164104394, -37.09898236281718]
9, 3, 0.8093199113, [1.3096110039067619, -42.45457545153]
9, 4, 0.7730028522, [0.16890600846187376, -40.883796739160196]
9, 5, 0.3509747163, [-5.1798040626037425, -42.22234023053675]
9, 6, 0.3439752405, [-2.761512593385633, -42.58662085308228]
9, 7, 0.3433912057, [-0.5586131200158337, -36.75109534839062]
9, 8, 0.3409638154, [-3.4884032791904134, -43.64659519369674]
9, 9, 0.3106668474, [-1.1807371770434794, -43.13524130849362]
10, 0, 0.8675370606, [0.578461011674972, -42.22234023053675]
10, 1, 0.8675370606, [0.578461011674972, -42.22234023053675]
10, 2, 0.8656952931, [0.5817386023883384, -42.43196962350355]
10, 3, 0.8656952931, [0.5817386023883384, -42.43196962350355]
10, 4, 0.8617194229, [0.7478416445377531, -45.46735293057448]
10, 5, 0.8533777652, [0.5582285977168393, -48.7457505839185]
10, 6, 0.8232076289, [0.5841532836947383, -56.32625795608173]
10, 7, 0.816936784, [1.2545884665283547, -44.220388928652106]
10, 8, 0.7097234039, [1.9777973602523922, -41.553068484848474]
10, 9, 0, [4.048533417560048, -43.262456367950065]
11, 0, 0.8675370606, [0.578461011674972, -42.22234023053675]
11, 1, 0.8601892496, [0.578461011674972, -41.16621027900789]
11, 2, 0.84728866, [1.0920769926739067, -44.40426310881215]
11, 3, 0.6729404754, [2.1744381406349738, -42.22234023053675]
11, 4, 0.5947034179, [2.407716379434563, -44.177784930253374]
11, 5, 0.5820203014, [2.4617989937290607, -45.949027466726065]
11, 6, 0.3636992446, [-1.5636594548101344, -37.55120334622276]
11, 7, 0.3217429273, [-0.7228930821473758, -40.31127656386931]
11, 8, 0.2915870072, [-1.7281317161592344, -46.37268165482826]
11, 9, 0, [5.218017437679274, -40.08841654434569]
12, 0, 0.8675370606, [0.578461011674972, -42.22234023053675]
12, 1, 0.8668644251, [0.8098005969546894, -42.22234023053675]
12, 2, 0.8367213361, [0.3368831829611807, -46.89981247105901]
12, 3, 0.7928110944, [1.305643328040539, -39.537013282632444]
12, 4, 0.7061843493, [1.9955333391319112, -41.16621027900789]
12, 5, 0.5352471232, [2.617170558347531, -41.16621027900789]
12, 6, 0.3680191555, [-1.7704413125747234, -39.05869011449365]
12, 7, 0.33509501, [-1.00218434383485, -39.06301735790266]
12, 8, 0, [3.13489869580013, -42.548587933877926]
12, 9, 0, [8.740820137588422, -42.53195550694065]
13, 0, 0.8675370606, [0.578461011674972, -42.22234023053675]
13, 1, 0.8411097213, [0.578461011674972, -39.86928175866502]
13, 2, 0.802036058, [1.4026669680433004, -44.79429458882485]
13, 3, 0.7982182819, [1.4026669680433004, -41.69427525477232]
13, 4, 0.7906822721, [1.4026669680433004, -40.4896388617207]
13, 5, 0.606145346, [2.392252832696517, -42.22234023053675]
13, 6, 0.3458854436, [-2.1350262324956026, -42.22234023053675]
13, 7, 0.2963090618, [-0.5339634532267532, -43.13415031669378]
13, 8, 0, [4.015475015291432, -48.08579115811687]
13, 9, 0, [2.8627521441485113, -39.52018314406112]
14, 0, 0.8675370606, [0.578461011674972, -42.22234023053675]
14, 1, 0.8636036464, [0.578461011674972, -45.310094977768735]
14, 2, 0.8541499664, [0.8181450614375368, -40.60788123702383]
14, 3, 0.8297726208, [0.2768449894043816, -42.01111201742141]
14, 4, 0.7944157568, [1.4026669680433004, -40.94931535578171]
14, 5, 0.5891005664, [2.4281412642173295, -40.781778506718666]
14, 6, 0.3644550091, [-2.9875401778028214, -39.93387917260522]
14, 7, 0.3591236976, [-4.729555329191753, -41.045810994600885]
14, 8, 0, [6.557515314438117, -45.607176645740864]
14, 9, 0, [3.2404494590025026, -42.22234023053675]
15, 0, 0.8675370606, [0.578461011674972, -42.22234023053675]
15, 1, 0.8667000084, [0.6510691358106944, -42.142035393412215]
15, 2, 0.8509576273, [0.578461011674972, -49.413401679933]
15, 3, 0.8404265763, [0.363079527872712, -47.251986099328455]
15, 4, 0.8382461062, [0.8505436505624756, -39.30933563095129]
15, 5, 0.8129354356, [0.2510500529968291, -40.41909893899162]
15, 6, 0.541745839, [0.023627868241730687, -44.946916706438806]
15, 7, 0.3637884436, [-1.35534759419922, -35.97786032644731]
15, 8, 0.353618254, [-0.8913468119479744, -35.50826919405091]
15, 9, 0, [2.802923951339733, -47.82689784429285]
16, 0, 0.8675370606, [0.578461011674972, -42.22234023053675]
16, 1, 0.8567197015, [0.6147650737428332, -47.9455596180525]
16, 2, 0.8491410128, [0.6147650737428332, -49.85854719043613]
16, 3, 0.8261783493, [0.578461011674972, -38.05510957385255]
16, 4, 0.6675995657, [0.08740674276906094, -42.5377762225844]
16, 5, 0.5693206948, [2.5301516573799834, -42.18218781197449]
16, 6, 0.3665187824, [-3.489422387561345, -40.12712386078252]
16, 7, 0.3521136845, [-2.6939694326651464, -41.71164890845098]
16, 8, 0.3335694096, [-1.6239073483986635, -42.48980164989763]
16, 9, 0.3071148359, [-2.241332662852911, -45.794524575308884]
17, 0, 0.8675370606, [0.578461011674972, -42.22234023053675]
17, 1, 0.8638831769, [0.5966130427089026, -45.11342670783951]
17, 2, 0.7060383587, [2.054118006201357, -42.22234023053675]
17, 3, 0.6760673455, [0.10938740849704731, -46.906998183667376]
17, 4, 0.3809693939, [-0.09347858248612928, -41.19235497015569]
17, 5, 0.3639994902, [-1.687716652979498, -39.53009587882737]
17, 6, 0.2929639476, [-3.405550538330795, -47.9455596180525]
17, 7, 0.2845344299, [-0.13559798809370316, -47.9455596180525]
17, 8, 0, [4.549901636310784, -50.64539941749782]
17, 9, 0, [5.756935736064277, -53.6344904202626]
18, 0, 0.8675370606, [0.578461011674972, -42.22234023053675]
18, 1, 0.8634162043, [0.5966130427089026, -46.225650420768716]
18, 2, 0.7848148019, [1.5995177712465383, -43.55878684612654]
18, 3, 0.7372627252, [1.8485353983264545, -44.29507139116396]
18, 4, 0.6460782687, [2.259714151177527, -42.68950025815935]
18, 5, 0.328392892, [-4.005965849613977, -45.39484700753213]
18, 6, 0.3175426527, [-1.2642375142716233, -42.68232323527845]
18, 7, 0.2867694644, [-0.4054315435454929, -44.04329974138136]
18, 8, 0.2786472049, [-0.47665584589694404, -45.038505423793346]
18, 9, 0, [2.8754635410534126, -42.9570098626105]
19, 0, 0.8675370606, [0.578461011674972, -42.22234023053675]
19, 1, 0.8649361724, [0.5769686408771166, -42.919833882903916]
19, 2, 0.8482979757, [1.0980654069777205, -46.18312865222816]
19, 3, 0.8339738377, [1.0819616966394965, -53.069257929626986]
19, 4, 0.8075713312, [1.3095810180458276, -49.2064350442006]
19, 5, 0.7245460798, [1.9296159612120327, -50.62218551761788]
19, 6, 0.7182234376, [1.9683891629638595, -47.43802313688009]
19, 7, 0.3212114904, [-1.1316361762789815, -41.9785095502426]
19, 8, 0.31596161, [-1.0922927966313254, -42.22234023053675]
19, 9, 0.2745292401, [-1.2352687536268143, -46.327535287173674]
20, 0, 0.8675370606, [0.578461011674972, -42.22234023053675]
20, 1, 0.8656952931, [0.578522037777044, -42.38319108994379]
20, 2, 0.8649865936, [0.5770296669791887, -43.04501445789541]
20, 3, 0.8633263846, [0.5769686408771166, -45.3137570566781]
20, 4, 0.6524753855, [0.08222832839134275, -43.47000919904954]
20, 5, 0.5324761591, [2.611703487054486, -37.196244391093224]
20, 6, 0.3549698123, [-3.543499557861109, -41.70443079815245]
20, 7, 0.2863913186, [-1.17022848803286, -45.19799910374482]
20, 8, 0.2244633918, [-1.7161477308158022, -52.12205039402139]
20, 9, 0.2118801556, [-0.9732779320359854, -51.866481942359854]
21, 0, 0.8675370606, [0.578461011674972, -42.22234023053675]
21, 1, 0.8659333577, [0.5784915247260081, -42.739225781535026]
21, 2, 0.8649865936, [0.5770296669791887, -43.04501445789541]
21, 3, 0.8638029647, [0.5777453393270804, -43.848474073310946]
21, 4, 0.792248327, [1.5401439733272697, -43.04501445789541]
21, 5, 0.5938213383, [2.4172980847718617, -43.30560785304894]
21, 6, 0.3516473237, [-7.332664170331226, -42.92660014449667]
21, 7, 0.3316967299, [-0.5822008956942228, -38.20601483672082]
21, 8, 0.314386567, [-0.9953384082995587, -42.27733807345261]
21, 9, 0.3118047079, [-0.18108700680041423, -43.76804864360743]
22, 0, 0.8675370606, [0.578461011674972, -42.22234023053675]
22, 1, 0.8659444909, [0.578461011674972, -41.868739122371295]
22, 2, 0.8653809056, [0.57847626820049, -42.48078300603589]
22, 3, 0.863202149, [0.5777453393270804, -45.401255141767415]
22, 4, 0.8627242531, [0.5778037720434258, -46.10382088289932]
22, 5, 0.6344776735, [0.0588347190608558, -37.762819519677684]
22, 6, 0.5676845433, [2.4562928986108856, -36.240733492464855]
22, 7, 0.3588463711, [-4.2243196803384855, -40.66202780886444]
22, 8, 0.3516787639, [-4.823199056284897, -42.386248117290265]
22, 9, 0.3431127508, [-3.5209625833067024, -43.208922344648926]
23, 0, 0.8675370606, [0.578461011674972, -42.22234023053675]
23, 1, 0.8656717808, [0.5784670017018441, -41.808550443125085]
23, 2, 0.8648730793, [0.5781031755010262, -44.229024083563296]
23, 3, 0.8422650974, [0.57847626820049, -40.04685712372369]
23, 4, 0.8406695866, [0.5784822582273621, -39.812080402064026]
23, 5, 0.8327654339, [0.578461011674972, -39.03916787949017]
23, 6, 0.3613139577, [-1.8659087163368895, -40.102148534854834]
23, 7, 0.3418505999, [-4.06294572042529, -43.699622072345846]
23, 8, 0.3218544865, [-1.2226684473601321, -42.264983342287124]
23, 9, 0, [5.2110275256665375, -45.401255141767415]
24, 0, 0.8675370606, [0.578461011674972, -42.22234023053675]
24, 1, 0.8645911615, [0.5784670017018441, -44.27551674920395]
24, 2, 0.8586899161, [0.5783579624497599, -47.1571932182807]
24, 3, 0.797964193, [1.45707694981344, -44.95359773476866]
24, 4, 0.776248869, [1.6141660895513903, -41.43661164453293]
24, 5, 0.7369575494, [1.8644158087394893, -48.072200559182875]
24, 6, 0.6474494884, [2.2522737497737544, -42.24271923271945]
24, 7, 0.4390876883, [-0.024698567368489743, -40.82520379140587]
24, 8, 0.347180076, [-2.987037130165562, -42.22234023053675]
24, 9, 0, [3.296890768758104, -40.56124454572049]
25, 0, 0.8675370606, [0.578461011674972, -42.22234023053675]
25, 1, 0.8622261391, [0.578409487062366, -45.94359907716155]
25, 2, 0.7968309742, [1.4984636739679529, -45.28663448279378]
25, 3, 0.3654281071, [-6.0419740830488, -40.829051870473826]
25, 4, 0.3643281755, [-1.2035571118722537, -35.316823043799474]
25, 5, 0.3181694382, [-7.212568517226316, -47.35402699958719]
25, 6, 0.2938308804, [-1.3024881173305614, -44.961673879508126]
25, 7, 0.2587664381, [-0.9056548781971734, -47.1571932182807]
25, 8, 0, [3.381174286571137, -43.45662965073602]
25, 9, 0, [4.1597561657284885, -50.05911377357043]
26, 0, 0.8675370606, [0.578461011674972, -42.22234023053675]
26, 1, 0.8627754115, [0.7749969012595677, -45.29272982676767]
26, 2, 0.8549383634, [0.578435249368669, -48.13213023851527]
26, 3, 0.8501326665, [1.0384623428214623, -43.754487356665265]
26, 4, 0.8407356386, [0.6125739082549844, -39.350609871717666]
26, 5, 0.3421956546, [-4.501934935797662, -43.8125794358276]
26, 6, 0.3412005472, [-3.517327001932109, -43.610451950253804]
26, 7, 0.3371981864, [-2.7317822979932167, -43.38632547381769]
26, 8, 0, [5.777023609947725, -45.58595539022862]
26, 9, 0, [2.6967693712424783, -43.602915110440534]
27, 0, 0.8675370606, [0.578461011674972, -42.22234023053675]
27, 1, 0.8627754115, [0.7749969012595677, -45.29272982676767]
27, 2, 0.8621308432, [0.8084487960950657, -45.862898295268714]
27, 3, 0.638289352, [2.290267901478704, -45.29272982676767]
27, 4, 0.3444346132, [-0.10390137650733344, -44.33340540969864]
27, 5, 0.3411532491, [-4.25235920988561, -43.83476774196915]
27, 6, 0.302094156, [-1.292636271029546, -44.29163939729365]
27, 7, 0.2778070032, [-1.0187021311409932, -45.85561392323668]
27, 8, 0.2472357438, [-0.4328900115158978, -47.88377891124035]
27, 9, 0, [7.474397852573746, -45.663005965802874]
28, 0, 0.8675370606, [0.578461011674972, -42.22234023053675]
28, 1, 0.866105673, [0.6934549038850188, -42.24786996309495]
28, 2, 0.8628288893, [0.6767289564672698, -44.15605233822311]
28, 3, 0.797118505, [1.5251338953348734, -44.04261926290273]
28, 4, 0.3349018772, [-2.5932915717724407, -43.74697058130886]
28, 5, 0.3078005381, [-3.8418181590824547, -47.31617972669451]
28, 6, 0, [3.209107168309049, -44.04261926290273]
28, 7, 0, [4.62544156880348, -39.26392843171509]
28, 8, 0, [3.1163706232704267, -42.81902537627682]
28, 9, 0, [3.9812550228181975, -42.119109570565755]
29, 0, 0.8675370606, [0.578461011674972, -42.22234023053675]
29, 1, 0.863304559, [0.6850919301761443, -41.64700181454389]
29, 2, 0.8314457769, [1.1839380281829444, -44.57892559241206]
29, 3, 0.4233641406, [-0.08400151477713647, -34.09845977372611]
29, 4, 0.3706254091, [-6.00303231371985, -39.692875388427844]
29, 5, 0.350774154, [-7.2987252205540685, -42.997112746328305]
29, 6, 0.3450671853, [-3.7999000577317115, -43.12912154519289]
29, 7, 0.3180966772, [-1.0760035046222483, -42.05581249762008]
29, 8, 0.3064639821, [-1.0074152800487344, -42.98465540592281]
29, 9, 0.3031455204, [-1.574181627598718, -44.996821027660324]
30, 0, 0.8679939993, [0.6162732881988704, -42.22321628749897]
30, 1, 0.8675370606, [0.578461011674972, -42.22234023053675]
30, 2, 0.8600168416, [0.6807202039714965, -40.922025060667046]
30, 3, 0.8214879664, [0.578461011674972, -36.700652288111655]
30, 4, 0.7599922663, [1.197508650981509, -32.896350795823196]
30, 5, 0.7105311477, [2.008392633678813, -42.19085699213391]
30, 6, 0.6750818062, [1.9124353500448634, -34.549529737426624]
30, 7, 0.6288718343, [2.2961732633129124, -39.5246298112163]
30, 8, 0, [7.306242149675317, -49.04002085271552]
30, 9, 0, [3.707443470177739, -44.075260080669935]
