0, 0, 0.878695087, [0.8652329118126117, -44.839341356899126]
0, 1, 0.8645125452, [0.8715421771424384, -42.32202948372274]
0, 2, 0.8556820666, [1.0626026142919174, -53.30367785553532]
0, 3, 0.7865738329, [1.5767263688984465, -59.10608341685789]
0, 4, 0.7677559841, [0.1928758938935227, -54.034870479400546]
0, 5, 0.671032273, [2.337993794602593, -59.249677343319995]
0, 6, 0.656422609, [2.3745955322283314, -43.6517555819035]
0, 7, 0.5616289542, [2.6776492495740434, -39.69901537731266]
0, 8, 0.4668133644, [2.933006598372393, -59.80503720965817]
0, 9, 0.2959982614, [3.222628486966959, -57.391835021117515]
1, 0, 0.878695087, [0.8652329118126117, -44.839341356899126]
1, 1, 0.8672935064, [1.0455239661643139, -45.220919172841285]
1, 2, 0.8633694081, [0.972882836248277, -53.30367785553532]
1, 3, 0.8567236626, [0.8715421771424384, -41.53793664612333]
1, 4, 0.8556820666, [1.0626026142919174, -53.30367785553532]
1, 5, 0.8029938634, [1.4678258686939611, -48.250429659994595]
1, 6, 0.3425197873, [-2.068915147283671, -45.390684957074555]
1, 7, 0.3251127621, [-4.309960513032195, -45.01410528007239]
1, 8, 0, [3.4241766132555425, -44.316109174305595]
1, 9, 0, [6.608963046992745, -46.99283511622088]
2, 0, 0.8868280977, [0.8021600731883329, -48.13710228345553]
2, 1, 0.878695087, [0.8652329118126117, -44.839341356899126]
2, 2, 0.878695087, [0.8652329118126117, -44.839341356899126]
2, 3, 0.8748417088, [0.6006605288369341, -44.680536364107624]
2, 4, 0.8396524826, [0.16271488999475547, -40.55493338079569]
2, 5, 0.762535203, [0.047701592151729755, -43.46179495557894]
2, 6, 0.7008302132, [0.022166483794212377, -46.445500312214385]
2, 7, 0.3685378948, [-0.9260278853353405, -45.03013026487021]
2, 8, 0.3121974234, [-2.1040553096822054, -48.553144205135524]
2, 9, 0.275899658, [-0.11532211400044223, -55.19162889185137]
3, 0, 0.891896946, [0.8336964925004724, -46.48822182017733]
3, 1, 0.8868280977, [0.8021600731883329, -48.13710228345553]
3, 2, 0.861125211, [1.1054008021059079, -44.99425836595449]
3, 3, 0.848765458, [0.8336964925004724, -39.53970777686278]
3, 4, 0.8411487931, [0.6006605288369341, -39.15737904674592]
3, 5, 0.8409441526, [0.23054497024720866, -48.74793362940116]
3, 6, 0.8332619051, [0.1680394221279926, -46.48822182017733]
3, 7, 0.6735877419, [0.01699104791343209, -48.13710228345553]
3, 8, 0.3746770218, [-1.307827917758772, -45.3728103471115]
3, 9, 0.3520322398, [3.1517097183144758, -52.18244349289567]
4, 0, 0.891896946, [0.8336964925004724, -46.48822182017733]
4, 1, 0.8882384045, [0.853030665471421, -46.59370299006133]
4, 2, 0.887574944, [0.8336964925004724, -48.75813343408293]
4, 3, 0.8830303567, [0.8864647235623806, -47.3547980611706]
4, 4, 0.8812930903, [0.8179282828444027, -44.25176534956619]
4, 5, 0.8804331888, [0.6147604139569451, -45.70074951348215]
4, 6, 0.8717322655, [0.8179282828444027, -53.95746455933264]
4, 7, 0.8661112733, [0.853030665471421, -42.343126100112435]
4, 8, 0.8114181538, [0.13913785876213092, -47.31266205181643]
4, 9, 0.6270426383, [2.505379806150084, -48.11762345783981]
5, 0, 0.891896946, [0.8336964925004724, -46.48822182017733]
5, 1, 0.8857264217, [0.8433635789859467, -44.95843647436473]
5, 2, 0.8822051613, [0.8864647235623806, -47.13671499557488]
5, 3, 0.8794104543, [0.8899145187328205, -51.11167789803203]
5, 4, 0.8774790736, [0.8511013434071837, -44.23221078768846]
5, 5, 0.8738050254, [0.8864647235623806, -44.13220935946619]
5, 6, 0.758546287, [1.8152697000638225, -47.35938605017447]
5, 7, 0.7179899008, [2.0467252285899704, -44.888303643856126]
5, 8, 0.3785330501, [3.1051408447417677, -47.64867902236352]
5, 9, 0.3683752821, [-0.9750532531902307, -45.369993584871764]
6, 0, 0.891896946, [0.8336964925004724, -46.48822182017733]
6, 1, 0.8888378639, [0.8385300357432095, -45.72332914727103]
6, 2, 0.8846879958, [0.8336964925004724, -51.25822902962084]
6, 3, 0.8807353582, [0.8899145187328205, -49.250296777306495]
6, 4, 0.8777195035, [0.5463555735523161, -46.871140688621104]
6, 5, 0.7886418032, [0.17276501794066101, -51.11167789803203]
6, 6, 0.665021359, [0.010550361939924868, -48.12652334566693]
6, 7, 0.2899470133, [-5.216939729288203, -48.79994985910468]
6, 8, 0.27775646, [-5.23834655097638, -49.76130416345082]
6, 9, 0, [4.038224577075997, -49.88175338297063]
7, 0, 0.891896946, [0.8336964925004724, -46.48822182017733]
7, 1, 0.8888378639, [0.8385300357432095, -45.72332914727103]
7, 2, 0.8790624202, [0.9353766383972915, -47.60323052190564]
7, 3, 0.8672973764, [0.5542557013130045, -44.37195850119299]
7, 4, 0.7921767214, [1.5616056122371549, -47.86925929874191]
7, 5, 0.7063980594, [2.1907862842984924, -50.598711094789486]
7, 6, 0.7016277433, [2.194927008510522, -46.01443869625958]
7, 7, 0.6583872575, [2.3780500168740115, -46.19515530174517]
7, 8, 0.3226543611, [3.198022596738193, -48.784869419712415]
7, 9, 0.2250779884, [-1.732405826815036, -56.102587400528606]
8, 0, 0.891896946, [0.8336964925004724, -46.48822182017733]
8, 1, 0.8882556694, [0.6939760969067384, -47.644370844059004]
8, 2, 0.8878093901, [0.744816169855148, -46.04514687015775]
8, 3, 0.8836737527, [0.8845365654488819, -47.04572617104148]
8, 4, 0.7952574676, [1.554013526499783, -45.43009016068516]
8, 5, 0.7879338896, [0.06597157471098947, -43.19287496513525]
8, 6, 0.6845430838, [2.273792013926723, -49.0879420423742]
8, 7, 0.5632794428, [2.685694637890198, -46.05169462148186]
8, 8, 0.3551059791, [-1.5195561565773081, -45.98759451154932]
8, 9, 0, [4.1329930293934, -45.04764382423201]
9, 0, 0.891896946, [0.8336964925004724, -46.48822182017733]
9, 1, 0.8903305115, [0.8401280749330229, -46.669289637349486]
9, 2, 0.8696282131, [0.4023484232292446, -44.74600054251822]
9, 3, 0.8599051213, [0.7892563311778102, -40.9611861661752]
9, 4, 0.7986498798, [1.5244143443351872, -45.88453989281083]
9, 5, 0.3586567353, [-0.30337763919033334, -41.0169769380312]
9, 6, 0.3440751985, [-0.8808348473422101, -46.545436520599615]
9, 7, 0.3327123451, [-1.3439081616612345, -48.65731522787758]
9, 8, 0.3302126572, [-2.549863244676392, -46.04514687015775]
9, 9, 0.3155875595, [-4.924568581778242, -46.48822182017733]
10, 0, 0.891896946, [0.8336964925004724, -46.48822182017733]
10, 1, 0.891896946, [0.8336964925004724, -46.48822182017733]
10, 2, 0.8903305115, [0.8401280749330229, -46.669289637349486]
10, 3, 0.8903305115, [0.8401280749330229, -46.669289637349486]
10, 4, 0.8852315162, [0.7928902857863337, -51.03815981203154]
10, 5, 0.8738483662, [0.8809038182609277, -52.3527820341079]
10, 6, 0.8720452395, [0.44312416655714937, -48.18197282779977]
10, 7, 0.7996380705, [1.5098239473538553, -48.486270518292685]
10, 8, 0.5313310419, [2.783169268601799, -46.18638085649408]
10, 9, 0, [4.5054370245345075, -45.42356508355203]
11, 0, 0.891896946, [0.8336964925004724, -46.48822182017733]
11, 1, 0.8895254636, [0.8336964925004724, -45.43209186864847]
11, 2, 0.8126896073, [1.347312473499407, -48.67014469845273]
11, 3, 0.6445214845, [2.4296736214604744, -46.48822182017733]
11, 4, 0.606364287, [2.5576630167472034, -51.71353136657719]
11, 5, 0.5712981796, [2.6629518602600637, -48.44366651989395]
11, 6, 0.4128377374, [-1.308423973984634, -41.81708493586335]
11, 7, 0.306223882, [-0.46608060546228336, -44.56287736561258]
11, 8, 0.3058796479, [-1.422080853564172, -50.83226026286291]
11, 9, 0, [5.473252918504774, -44.35429813398627]
12, 0, 0.891896946, [0.8336964925004724, -46.48822182017733]
12, 1, 0.8729876005, [0.5921186637866811, -51.165694060699586]
12, 2, 0.8727718921, [1.06503607778019, -46.48822182017733]
12, 3, 0.7921722262, [1.5190234252697588, -42.03396844550594]
12, 4, 0.6873410641, [2.2507688199574116, -45.43209186864847]
12, 5, 0.5011566108, [2.8724060391730317, -45.43209186864847]
12, 6, 0.3743833126, [-1.515205831749223, -43.32457170413423]
12, 7, 0.3658316637, [-0.7469488630093497, -43.32889894754324]
12, 8, 0, [3.2429899495164896, -48.315407943434664]
12, 9, 0, [8.996055618413923, -46.797837096581226]
13, 0, 0.891896946, [0.8336964925004724, -46.48822182017733]
13, 1, 0.8797000044, [0.8336964925004724, -44.135163348305596]
13, 2, 0.8090228064, [1.4214437418720465, -48.298892964674025]
13, 3, 0.8086126556, [1.4214437418720465, -51.39891229872655]
13, 4, 0.8079329963, [1.4214437418720465, -47.0942565716224]
13, 5, 0.7103432707, [2.1745708995285087, -51.165694060699586]
13, 6, 0.5015711118, [2.874764381333722, -46.53233874544202]
13, 7, 0.3674810145, [3.1179876249740115, -43.7860647337017]
13, 8, 0.3096080351, [-2.1162494586668563, -48.82695794043846]
13, 9, 0.2528294899, [-0.5151866793980071, -49.73876802659548]
14, 0, 0.891896946, [0.8336964925004724, -46.48822182017733]
14, 1, 0.8861215038, [0.8336964925004724, -49.57597656740931]
14, 2, 0.8657499254, [0.41385111673150476, -48.99637133421882]
14, 3, 0.8635731558, [1.0733805422630374, -44.87376282666441]
14, 4, 0.8095203229, [1.4214437418720465, -50.653952399735935]
14, 5, 0.6020060073, [2.5651473915444525, -47.76703782351608]
14, 6, 0.3327528849, [-2.8505340504756984, -45.369128822376354]
14, 7, 0.3229356378, [-4.474319848366253, -45.31169258424146]
14, 8, 0, [6.576292088266863, -52.211794355642574]
14, 9, 0, [3.2592262328312485, -48.82695794043846]
15, 0, 0.891896946, [0.8336964925004724, -46.48822182017733]
15, 1, 0.8808183305, [0.9306573959857918, -46.36346390497577]
15, 2, 0.8785173982, [0.6183150086982124, -51.517867688969034]
15, 3, 0.8755000375, [0.4471708570731409, -46.04466939221061]
15, 4, 0.8751779242, [0.4706024852060406, -47.65337265006925]
15, 5, 0.8722628594, [0.8336964925004724, -53.67928326957358]
15, 6, 0.8212515226, [0.21974867231804251, -50.5724871596578]
15, 7, 0.4168435236, [-0.8885767541063305, -40.12681055595438]
15, 8, 0.4035012931, [3.0581594321652332, -52.09277943393343]
15, 9, 0.3695630592, [-0.636111331122474, -39.77415078369149]
16, 0, 0.891896946, [0.8336964925004724, -46.48822182017733]
16, 1, 0.8857865436, [0.774486202342002, -51.10850687835229]
16, 2, 0.8765900706, [0.774486202342002, -53.021494450735915]
16, 3, 0.8697834353, [0.8336964925004724, -42.320991163493126]
16, 4, 0.8570480966, [0.8336964925004724, -56.59709599523758]
16, 5, 0.5287529659, [2.7975635278802824, -46.425842862576545]
16, 6, 0.3396542588, [-1.205028557345395, -47.554818681609426]
16, 7, 0.3371718948, [-3.2220105170610465, -44.370778911384576]
16, 8, 0.3319927045, [-2.4387339518396463, -45.97753049809156]
16, 9, 0.2930113633, [-1.9860971820274107, -50.06040616494946]
17, 0, 0.891896946, [0.8336964925004724, -46.48822182017733]
17, 1, 0.8854258764, [0.8040913474212372, -48.82784113280969]
17, 2, 0.8422438671, [0.31686571320938195, -50.621412608637556]
17, 3, 0.8375659365, [0.16175689833937112, -45.45823655979627]
17, 4, 0.6787933988, [2.3093534870268577, -46.48822182017733]
17, 5, 0.6224220354, [0.024123140505465712, -51.10850687835229]
17, 6, 0.3861364463, [-1.404410671766033, -43.79575410326503]
17, 7, 0.271123752, [-3.245829409731626, -51.10850687835229]
17, 8, 0, [4.930871978789529, -53.822305342187974]
17, 9, 0, [6.030215336641892, -55.730688554650484]
18, 0, 0.891896946, [0.8336964925004724, -46.48822182017733]
18, 1, 0.883074237, [0.8040913474212372, -49.940064845738895]
18, 2, 0.7992581254, [1.4948271570377067, -48.74624365969485]
18, 3, 0.772687663, [1.7533202565804504, -44.96734682901127]
18, 4, 0.7167509519, [2.056013703038789, -48.00948581613414]
18, 5, 0.4473216585, [2.9670160335831373, -49.71442587702103]
18, 6, 0.4202176653, [3.0292660263873246, -44.36556984549523]
18, 7, 0.3823912649, [-1.1104350289377112, -44.090883218163185]
18, 8, 0.3315428831, [-0.25162905821158077, -45.45185972426609]
18, 9, 0.3033896169, [-0.32285336056303193, -46.44706540667808]
19, 0, 0.891896946, [0.8336964925004724, -46.48822182017733]
19, 1, 0.889975525, [0.8312625029430539, -47.089633773008686]
19, 2, 0.8481858012, [1.149459252229472, -50.63406427149741]
19, 3, 0.8116337483, [1.2884983825922682, -56.687590655061356]
19, 4, 0.8086783458, [1.3609748632975793, -53.65737066346985]
19, 5, 0.7698750908, [1.775420430038248, -55.87590670338943]
19, 6, 0.6127914061, [2.523185267301424, -40.42807725538494]
19, 7, 0.347781262, [-0.8764006954534811, -46.24439113988318]
19, 8, 0.3385433403, [-0.837057315805825, -46.48822182017733]
19, 9, 0.2338594951, [-0.6031612023469872, -52.41311109773831]
20, 0, 0.891896946, [0.8336964925004724, -46.48822182017733]
20, 1, 0.8910698215, [0.8337960233244383, -46.64055941909075]
20, 2, 0.8901567849, [0.8313620337670198, -47.20630108750656]
20, 3, 0.8864385405, [0.8312625029430539, -49.48355694678287]
20, 4, 0.8635592606, [0.33699299983706155, -47.68784993892222]
20, 5, 0.5370976949, [2.7650181500931117, -41.55465299554813]
20, 6, 0.3253331905, [-3.2892056957951716, -45.87423068825722]
20, 7, 0.3136116579, [-0.9154638165871412, -49.4158398436175]
20, 8, 0.2386394404, [-1.0215103595869397, -55.27408367816968]
20, 9, 0.2170696189, [-1.9195229990677765, -56.362255023666094]
21, 0, 0.891896946, [0.8336964925004724, -46.48822182017733]
21, 1, 0.8904698695, [0.8337462579124553, -47.0008507409288]
21, 2, 0.8901567849, [0.8313620337670198, -47.20630108750656]
21, 3, 0.8896965903, [0.8325292631337461, -48.06205818293681]
21, 4, 0.7639702834, [1.794476340115101, -47.20630108750656]
21, 5, 0.7515035172, [0.07367766464530456, -47.9858893834801]
21, 6, 0.5669534409, [2.6725528179583087, -47.56723281244271]
21, 7, 0.3674810145, [3.1191392277378025, -48.61756006306437]
21, 8, 0.3389758945, [-0.32741697188755714, -42.41959894634668]
21, 9, 0.3277117368, [-0.7405737368538399, -46.49517881332528]
22, 0, 0.891896946, [0.8336964925004724, -46.48822182017733]
22, 1, 0.8916566618, [0.8336964925004724, -46.13462071201187]
22, 2, 0.8910698215, [0.8337213752064638, -46.74453628055306]
22, 3, 0.8854933313, [0.8325292631337461, -49.61483925139328]
22, 4, 0.8847165312, [0.8326245642623937, -50.308359905202565]
22, 5, 0.8595154124, [0.3140701998863562, -42.02870110931826]
22, 6, 0.5555325287, [2.7110768224175517, -40.45431760209072]
22, 7, 0.3229809396, [-3.969047331100683, -44.918864311182396]
22, 8, 0.3184749364, [-4.567976264628441, -46.63129042657739]
22, 9, 0.3144678667, [-3.266642905687915, -47.34936969390662]
23, 0, 0.891896946, [0.8336964925004724, -46.48822182017733]
23, 1, 0.8909007752, [0.8337062619645199, -46.07395332947738]
23, 2, 0.8882064264, [0.8331128778171093, -48.46875693319651]
23, 3, 0.8815223465, [0.8337213752064638, -44.31061039824086]
23, 4, 0.8799640874, [0.8337311446705113, -44.07535497329292]
23, 5, 0.8712799948, [0.8336964925004724, -43.30504946913075]
23, 6, 0.3605386058, [-1.6106636093309157, -44.365901809372005]
23, 7, 0.3506428485, [-0.9674329665346317, -46.5308649319277]
23, 8, 0.3075105388, [-3.8079360181092072, -47.93935492197906]
23, 9, 0, [5.465811449473203, -49.61483925139328]
24, 0, 0.891896946, [0.8336964925004724, -46.48822182017733]
24, 1, 0.888039898, [0.8337062619645199, -48.54091963555625]
24, 2, 0.8843682387, [0.8335284238553162, -51.41382815276243]
24, 3, 0.858391596, [0.23053691345701066, -45.09108538104645]
24, 4, 0.7808077182, [1.712476969165589, -49.235902705969465]
24, 5, 0.7461412114, [1.8694015703768907, -45.70249323417351]
24, 6, 0.7191110881, [2.11965128956499, -52.33808214882346]
24, 7, 0.6253107655, [2.507509230599255, -46.50860082236003]
24, 8, 0.325346304, [-2.7318016493400616, -46.48822182017733]
24, 9, 0, [3.552126249583605, -44.82712613536107]
25, 0, 0.891896946, [0.8336964925004724, -46.48822182017733]
25, 1, 0.8858793813, [0.8336124581778943, -50.2048573392227]
25, 2, 0.8713289225, [1.0128113962024883, -47.48831910075296]
25, 3, 0.4847580983, [2.8955220088056723, -45.6583142686952]
25, 4, 0.3781984336, [-1.6892093896377183, -37.51850766175866]
25, 5, 0.3376234098, [-2.5290281536869905, -45.09916152578592]
25, 6, 0.3160442792, [-5.786771111933271, -45.090310132534974]
25, 7, 0.2579049622, [-6.95739805582076, -51.610661934068915]
25, 8, 0.2548462573, [-0.6504844167916171, -51.41382815276243]
25, 9, 0, [4.4149266271340455, -54.315748708052155]
26, 0, 0.891896946, [0.8336964925004724, -46.48822182017733]
26, 1, 0.8867082938, [0.6597722479345995, -48.52420126677783]
26, 2, 0.8805994842, [0.8336544753391834, -52.39570016436614]
26, 3, 0.8795865279, [0.9232539443514803, -46.988270460465145]
26, 4, 0.7738527507, [0.09441459568733812, -48.35783976596886]
26, 5, 0.7486013472, [1.8645672334917833, -47.93158580395895]
26, 6, 0.5928216505, [2.58154471791751, -46.83438655045069]
26, 7, 0.4814429247, [2.90614590883602, -45.62313519894008]
26, 8, 0.3176946879, [-3.632535400402091, -46.844235054053684]
26, 9, 0, [6.03224283591824, -49.849525316079486]
27, 0, 0.891896946, [0.8336964925004724, -46.48822182017733]
27, 1, 0.8867082938, [0.6597722479345995, -48.52420126677783]
27, 2, 0.8807467214, [0.8784542098453318, -49.61157481009408]
27, 3, 0.8106875579, [0.15132597689067395, -48.598131167444365]
27, 4, 0.7048825889, [2.175043248153736, -48.52420126677783]
27, 5, 0.3293625416, [-1.0374089176315386, -48.55636515503937]
27, 6, 0.3118797571, [-0.948696717390727, -49.604290438062044]
27, 7, 0.3055059088, [-3.970537962541479, -47.97590379545557]
27, 8, 0.239081899, [-0.36288459776563164, -51.63245542606571]
27, 9, 0, [7.385758965767408, -48.76973186965888]
28, 0, 0.891896946, [0.8336964925004724, -46.48822182017733]
28, 1, 0.8881399907, [0.746734370217536, -47.904728853048475]
28, 2, 0.8864929591, [0.8560753511729021, -46.25514901532792]
28, 3, 0.7802077995, [1.6877543426227568, -48.04989831513571]
28, 4, 0.313104206, [-3.5351447936537057, -47.53261204646749]
28, 5, 0.269365854, [-3.7718127453321886, -51.06485624151987]
28, 6, 0, [3.371727615596932, -48.04989831513571]
28, 7, 0, [4.88067704962898, -43.529810021355665]
28, 8, 0, [3.3716061040959273, -47.0849069659174]
28, 9, 0, [4.143875470106081, -46.12638862279873]
29, 0, 0.891896946, [0.8336964925004724, -46.48822182017733]
29, 1, 0.8868314653, [0.8406291576550622, -48.604687119811665]
29, 2, 0.8863190191, [0.8014048606952191, -45.52497959807306]
29, 3, 0.8194107462, [0.17123396604836394, -38.36434136336669]
29, 4, 0.3607521199, [-1.4193123751501304, -46.081574025019684]
29, 5, 0.3582796435, [-0.17720802432231708, -46.48822182017733]
29, 6, 0.3516650661, [-1.3507241505766165, -47.01041693332241]
29, 7, 0.3204658572, [-5.9413898736784585, -44.39564309081729]
29, 8, 0.3167182051, [-3.683587127212637, -47.007099328722056]
29, 9, 0.3127841508, [-1.5125391875573264, -49.69958873004977]
30, 0, 0.891896946, [0.8336964925004724, -46.48822182017733]
30, 1, 0.8916227272, [0.8361548775126024, -46.49144452199856]
30, 2, 0.8873087891, [0.8403449275804236, -48.383959080735295]
30, 3, 0.8604242611, [0.8336964925004724, -40.96653387775224]
30, 4, 0.7476347168, [1.4527441318070093, -37.162232385463774]
30, 5, 0.6873067193, [2.2636281145043133, -46.45673858177449]
30, 6, 0.6788998211, [2.167670830870364, -38.8154113270672]
30, 7, 0.6024752577, [2.555496240268422, -44.294760115657354]
30, 8, 0, [7.5116285038275254, -54.6518043001697]
30, 9, 0, [3.9128298243299477, -49.687043528124114]
