0, 0, 0.8759723768, [1.5767263688984465, -59.10608341685789]
0, 1, 0.8699925765, [2.337993794602593, -59.249677343319995]
0, 2, 0.8517611467, [2.3745955322283314, -43.6517555819035]
0, 3, 0.7654835978, [2.6776492495740434, -39.69901537731266]
0, 4, 0.7340733668, [0.8715421771424384, -42.32202948372274]
0, 5, 0.7052824907, [0.8652329118126117, -44.839341356899126]
0, 6, 0.6967924676, [2.933006598372393, -59.80503720965817]
0, 7, 0.6950316864, [1.0626026142919174, -53.30367785553532]
0, 8, 0.4358212777, [3.222628486966959, -57.391835021117515]
0, 9, 0.243833247, [0.1928758938935227, -54.034870479400546]
1, 0, 0.9117530247, [1.9756609505633889, -50.59482666178129]
1, 1, 0.8980737945, [2.108676091514212, -49.96477346729874]
1, 2, 0.8836804434, [2.208794012348294, -45.551958963709346]
1, 3, 0.8759723768, [1.5767263688984465, -59.10608341685789]
1, 4, 0.8759723768, [1.5767263688984465, -59.10608341685789]
1, 5, 0.8513894863, [1.4870065908548062, -59.10608341685789]
1, 6, 0.2751163022, [-3.1466904668482143, -45.345145070940454]
1, 7, 0.2521525248, [-1.4280649244634198, -47.1050287643787]
1, 8, 0, [5.066765223531249, -48.9511141777228]
1, 9, 0, [8.25155165726845, -51.62784011963809]
2, 0, 0.9220118286, [1.780464727768252, -49.07250483777835]
2, 1, 0.9117530247, [1.9756609505633889, -50.59482666178129]
2, 2, 0.9117530247, [1.9756609505633889, -50.59482666178129]
2, 3, 0.8918523972, [2.0228578307944916, -42.731246319253]
2, 4, 0.8739183578, [1.2747817044839262, -48.86539443967437]
2, 5, 0.8601437804, [1.2106535968507952, -47.64465060287659]
2, 6, 0.7637677143, [1.1325945225449896, -52.20098561709655]
2, 7, 0.6800648449, [1.057847493424955, -54.19351209837947]
2, 8, 0.28953411, [0.16076219671499747, -50.27980006454001]
2, 9, 0.2485527987, [-0.9308857022568082, -47.55502741166362]
3, 0, 0.9220118286, [1.780464727768252, -49.07250483777835]
3, 1, 0.9191580059, [1.8780628391658203, -49.83366574977982]
3, 2, 0.9052411259, [1.8780628391658203, -42.885151706465265]
3, 3, 0.8944243653, [2.149767148771256, -48.339702295556975]
3, 4, 0.8511613998, [1.2749113169125565, -52.09337755900365]
3, 5, 0.8463987034, [1.2124057687933405, -49.83366574977982]
3, 6, 0.8368900103, [2.0228578307944916, -37.2080890018913]
3, 7, 0.722338675, [0.9952957024933511, -49.07250483777835]
3, 8, 0.2989736823, [0.21872939785754775, -50.82693977189453]
3, 9, 0.235586165, [-0.26346157109342405, -48.71825427671399]
4, 0, 0.9233032945, [1.7994194499105383, -47.711594891159535]
4, 1, 0.9220118286, [1.780464727768252, -49.07250483777835]
4, 2, 0.9219072743, [1.8292637834670362, -46.39218859152884]
4, 3, 0.9202688379, [1.780464727768252, -51.342416451683945]
4, 4, 0.9197454159, [1.5764870780391884, -47.75657202649669]
4, 5, 0.9179948328, [1.70182133851297, -50.750936020561326]
4, 6, 0.9126747311, [1.8292637834670362, -56.09788780129529]
4, 7, 0.9102045757, [1.5764870780391884, -52.00714891644559]
4, 8, 0.8094900953, [1.1504733593847645, -49.45308529377908]
4, 9, 0.4683794375, [0.6793556719553415, -54.84797681453183]
5, 0, 0.9237665574, [1.780464727768252, -48.119827749979535]
5, 1, 0.9233032945, [1.7994194499105383, -47.711594891159535]
5, 2, 0.9229683416, [1.7798279364561507, -46.60759326753829]
5, 3, 0.9197569058, [1.780464727768252, -51.124333386088225]
5, 4, 0.9186961347, [1.8048642556176442, -45.01486497694619]
5, 5, 0.9171861313, [1.7520553950352462, -53.47576777198837]
5, 6, 0.7787188905, [2.7427037623606534, -49.83818789789149]
5, 7, 0.6622692515, [2.974159290886801, -47.36710549157314]
5, 8, 0.2496267587, [-0.11291237688780487, -47.73408345882811]
5, 9, 0, [4.193494300049928, -52.59544616157551]
6, 0, 0.9242528034, [1.789942088839395, -47.915711320569535]
6, 1, 0.9237665574, [1.780464727768252, -48.119827749979535]
6, 2, 0.9222522996, [1.780464727768252, -49.26295226536269]
6, 3, 0.9188707921, [1.780464727768252, -52.88983495942305]
6, 4, 0.9129448735, [1.4931238088200955, -48.50274661842331]
6, 5, 0.7287867717, [1.0633152269760924, -51.124333386088225]
6, 6, 0.692450088, [0.9619624150361105, -50.31890551896544]
6, 7, 0.2340015853, [-4.298280507136598, -49.62208056803388]
6, 8, 0.214724758, [-4.2915783157086, -51.39291009325303]
6, 9, 0, [4.956883799227603, -50.70388409189983]
7, 0, 0.9242528034, [1.789942088839395, -47.915711320569535]
7, 1, 0.9237665574, [1.780464727768252, -48.119827749979535]
7, 2, 0.9216573189, [1.854035860548897, -50.238802577865016]
7, 3, 0.9151309043, [1.496190393338047, -46.7684571039015]
7, 4, 0.8496570978, [2.485003514924332, -50.40277313999629]
7, 5, 0.5508341294, [3.1141841869856695, -53.13222493604387]
7, 6, 0.5180745404, [3.142982079499212, -47.489824350040635]
7, 7, 0.3045253453, [3.3355824489338453, -47.46642452611622]
7, 8, 0.2059517255, [-0.7835725052200935, -51.67807118491904]
7, 9, 0, [5.396160380100127, -51.30880005590109]
8, 0, 0.9242528034, [1.789942088839395, -47.915711320569535]
8, 1, 0.9224639259, [1.821988974694146, -49.07725694921727]
8, 2, 0.9210925314, [1.6751131269434718, -48.56118219949169]
8, 3, 0.9171852786, [1.6430662410887211, -49.55636489560936]
8, 4, 0.8419238502, [2.5031036706817655, -47.34208421223552]
8, 5, 0.7712612473, [1.0034239839562535, -45.224405743311046]
8, 6, 0.4379058922, [3.2228821581087055, -50.99993609392456]
8, 7, 0.2396473728, [-0.5892591994889842, -48.50362984088326]
8, 8, 0, [3.63478478207218, -47.963688673032216]
8, 9, 0, [5.074927721418442, -47.444142426940516]
9, 0, 0.9242528034, [1.789942088839395, -47.915711320569535]
9, 1, 0.9235546458, [1.7982513738655637, -48.02341412722387]
9, 2, 0.9072596366, [1.7325276078914333, -42.932948581038275]
9, 3, 0.8969616346, [1.3456196999428678, -46.71776295738129]
9, 4, 0.8471307346, [2.456589004017129, -48.32721021162695]
9, 5, 0.6290021881, [0.6528679571485894, -42.444466438423404]
9, 6, 0.2491227736, [-3.968322985439319, -47.915711320569535]
9, 7, 0.2438434447, [-0.03642153097812861, -49.05877354755053]
9, 8, 0.2381939178, [-1.6195662875880679, -48.56118219949169]
9, 9, 0.2269559492, [-2.3464569733928484, -49.62115654010615]
10, 0, 0.9242528034, [1.789942088839395, -47.915711320569535]
10, 1, 0.9242528034, [1.789942088839395, -47.915711320569535]
10, 2, 0.9235546458, [1.7982513738655637, -48.02341412722387]
10, 3, 0.9235546458, [1.7982513738655637, -48.02341412722387]
10, 4, 0.9146909138, [1.7386492615623486, -53.99570724736085]
10, 5, 0.9128948276, [1.943738496534072, -51.15364439894283]
10, 6, 0.9031201228, [1.8043730275364789, -61.33369290502331]
10, 7, 0.8500546289, [2.466069543692778, -49.91376001868489]
10, 8, 0, [5.284229349552598, -48.70622612181765]
10, 9, 0, [3.7273793966122315, -48.12146076609824]
11, 0, 0.9242528034, [1.789942088839395, -47.915711320569535]
11, 1, 0.9240609472, [1.789942088839395, -46.859581369040676]
11, 2, 0.8785391915, [2.3035580698383296, -50.097634198844936]
11, 3, 0.4938701251, [0.4911038421734484, -45.95368436074587]
11, 4, 0.2895259243, [-0.35217837764571125, -43.24457443625555]
11, 5, 0.1967669372, [-0.4699797954770526, -52.48686442018306]
11, 6, 0, [3.499277454271415, -54.89819345883445]
11, 7, 0, [6.429498514843697, -45.781787634378475]
11, 8, 0, [3.619197456598986, -49.87115602028616]
11, 9, 0, [5.719767176376867, -47.419779680576205]
12, 0, 0.9242528034, [1.789942088839395, -47.915711320569535]
12, 1, 0.9097472159, [1.5933411991484183, -52.54914124018512]
12, 2, 0.9092679896, [2.0212816741191126, -47.915711320569535]
12, 3, 0.866000669, [2.345111259523802, -47.17989955408409]
12, 4, 0.8071660769, [2.6414973993811706, -44.90394051041736]
12, 5, 0.5555032086, [0.49937693289606433, -41.28893357763223]
12, 6, 0.451513166, [3.2070144162963343, -46.859581369040676]
12, 7, 0.3255175999, [0.04442387837292072, -44.67829778626205]
12, 8, 0.2758804031, [-0.5589602354103003, -44.752061204526434]
12, 9, 0, [3.828651635511954, -46.859581369040676]
13, 0, 0.9242528034, [1.789942088839395, -47.915711320569535]
13, 1, 0.922291728, [1.789942088839395, -45.5626528486978]
13, 2, 0.8994035672, [2.117419299264794, -51.826560209353765]
13, 3, 0.8978474313, [2.117419299264794, -48.72654087530124]
13, 4, 0.8959169143, [2.117419299264794, -47.52190448224962]
13, 5, 0.484484552, [3.175793434890246, -52.54914124018512]
13, 6, 0.2970800704, [0.18078887799474064, -50.166415937222695]
13, 7, 0.219975989, [-1.1375153928165265, -50.232426280377325]
13, 8, 0, [5.012985854970507, -56.09587720795744]
13, 9, 0, [4.074233221312935, -45.213554234093905]
14, 0, 0.9242528034, [1.789942088839395, -47.915711320569535]
14, 1, 0.9211769313, [1.789942088839395, -51.00346606780152]
14, 2, 0.9060272397, [2.02962613860196, -46.301252327056616]
14, 3, 0.8979545438, [2.117419299264794, -47.981580976310624]
14, 4, 0.8703037948, [1.23996169359734, -48.37393037270226]
14, 5, 0.261094912, [-2.024423473609863, -46.29669752788607]
14, 6, 0.2603599935, [-3.51807425202733, -46.73918208463367]
14, 7, 0, [7.5550261541171935, -53.61726269558144]
14, 8, 0, [4.237960298681578, -50.232426280377325]
14, 9, 0, [4.114416808018876, -53.569149935601516]
15, 0, 0.9242528034, [1.789942088839395, -47.915711320569535]
15, 1, 0.9241781676, [1.7770777465092473, -46.251018963452616]
15, 2, 0.9211109609, [1.8625502129751175, -47.835406483445]
15, 3, 0.9158312719, [1.789942088839395, -55.10677276996579]
15, 4, 0.9099439101, [1.549655561754149, -50.778836730899805]
15, 5, 0.9071592709, [1.574560605037135, -52.94535718936124]
15, 6, 0.8973691968, [2.062024727726899, -45.00270672098407]
15, 7, 0.460119707, [0.3201342652164487, -41.201640284083695]
15, 8, 0.2974217542, [-0.7003274763812679, -42.36574626190615]
15, 9, 0, [4.014405028504156, -53.520268934325635]
16, 0, 0.9242528034, [1.789942088839395, -47.915711320569535]
16, 1, 0.9232506275, [1.8198139797421824, -49.211053804828694]
16, 2, 0.920471381, [1.8198139797421824, -51.12404137721232]
16, 3, 0.9117695725, [1.789942088839395, -43.74848066388533]
16, 4, 0.8756843858, [1.4669107599816489, -55.5425831573197]
16, 5, 0.2762646724, [-2.3206775436298575, -45.02830119081911]
16, 6, 0.2501467031, [-1.4824883555007233, -47.405019998483766]
16, 7, 0.2366945004, [-0.3564328060619584, -48.66172142429609]
16, 8, 0.2066834053, [-1.029851585688488, -51.48789566534167]
16, 9, 0, [5.655441428579088, -45.78845502944679]
17, 0, 0.9242528034, [1.789942088839395, -47.915711320569535]
17, 1, 0.9232127494, [1.8048780342907889, -48.592859346244]
17, 2, 0.9049319658, [2.0454163501749623, -51.93130923653747]
17, 3, 0.874759914, [1.3176524000789336, -50.386430822071866]
17, 4, 0.808793798, [1.1180024946782938, -46.885726060188475]
17, 5, 0.753930002, [1.069450917905646, -49.211053804828694]
17, 6, 0.3933178293, [3.26559908336578, -47.915711320569535]
17, 7, 0.2715700934, [-0.4841178977089482, -45.22257023947501]
17, 8, 0.2318981695, [-2.200501632331446, -49.211053804828694]
17, 9, 0, [9.308328556937646, -53.33978104723383]
18, 0, 0.9242528034, [1.789942088839395, -47.915711320569535]
18, 1, 0.921536151, [1.8048780342907889, -49.705083059173205]
18, 2, 0.7513064281, [2.8093908056196932, -48.145188710345174]
18, 3, 0.7398141102, [2.859495818955273, -49.28370108036196]
18, 4, 0.6287274819, [0.8044414908276618, -48.6297016056]
18, 5, 0.6109831235, [3.056800389908341, -47.77450402956845]
18, 6, 0.5734683774, [0.7332171884762106, -49.62490728801198]
18, 7, 0.2586885756, [-0.0543644798984686, -47.26872509949709]
18, 8, 0.2055245617, [-3.406184181836231, -51.98904782973474]
18, 9, 0, [4.085336575426567, -47.543411726829135]
19, 0, 0.9242528034, [1.789942088839395, -47.915711320569535]
19, 1, 0.9241453947, [1.788714128795235, -48.22747218098114]
19, 2, 0.9147556865, [1.8069161482236775, -55.885487123447525]
19, 3, 0.8781651813, [2.290491098975078, -56.16295777607591]
19, 4, 0.876586464, [2.307134419955241, -50.21604590353972]
19, 5, 0.8460342269, [2.518650031023348, -53.23935229551216]
19, 6, 0.7956050326, [2.5546809854868533, -40.437657675443035]
19, 7, 0.3043828039, [0.11918828053309771, -47.915711320569535]
19, 8, 0.296964155, [0.0798449008854416, -47.67188064027538]
19, 9, 0.1931136298, [-1.2615826713574663, -52.74037188743498]
20, 0, 0.9242528034, [1.789942088839395, -47.915711320569535]
20, 1, 0.9240581077, [1.789992302643567, -48.04238456077629]
20, 2, 0.9239512776, [1.7887643425994069, -48.31847513677235]
20, 3, 0.921889732, [1.788714128795235, -50.62139535475532]
20, 4, 0.8779220792, [1.2938416109326134, -48.97051389310455]
20, 5, 0.2563175805, [-2.3317540699429906, -47.01206909622967]
20, 6, 0.2495900279, [0.041384794508410705, -50.69850379779983]
20, 7, 0.1843993985, [-1.0650503326527692, -53.659142166496004]
20, 8, 0.1715800041, [-0.11120453344678394, -55.487662701944274]
20, 9, 0, [3.5718693962596757, -44.89410917171929]
21, 0, 0.9242528034, [1.789942088839395, -47.915711320569535]
21, 1, 0.9239703385, [1.789967195741481, -48.41550806196767]
21, 2, 0.9239512776, [1.7887643425994069, -48.31847513677235]
21, 3, 0.9224489888, [1.789353215719401, -49.33188995776581]
21, 4, 0.7717699017, [2.751878648947488, -48.31847513677235]
21, 5, 0.7364686366, [1.0305262757408564, -49.268553337662425]
21, 6, 0.5928773775, [0.6294069806980978, -43.68943072117568]
21, 7, 0.3393368716, [0.216274874241712, -47.77784276750761]
21, 8, 0.2483495526, [-6.121122396627329, -48.50644922694042]
21, 9, 0, [3.6287737557873347, -48.981890133481585]
22, 0, 0.9243331856, [1.789954642290438, -48.1656096912686]
22, 1, 0.9242528034, [1.789942088839395, -47.915711320569535]
22, 2, 0.9232713011, [1.789942088839395, -47.56211021240408]
22, 3, 0.9206509043, [1.7894012956208887, -51.55092405844818]
22, 4, 0.9202905489, [1.789353215719401, -50.88467102622227]
22, 5, 0.8780828526, [1.270315796225279, -43.45619060971047]
22, 6, 0.2628844675, [-3.01284895598892, -46.31908618999122]
22, 7, 0.2479710115, [-3.6117144159451273, -47.99595713814734]
22, 8, 0.2412495649, [-2.3092243445111373, -48.39872095435015]
22, 9, 0, [5.215341626023719, -48.174821124453004]
23, 0, 0.9243331856, [1.789954642290438, -48.1656096912686]
23, 1, 0.9242528034, [1.789942088839395, -47.79739337037902]
23, 2, 0.9225693428, [1.7896716922301419, -50.327344641002796]
23, 3, 0.9195487342, [1.789942088839395, -45.12818433009188]
23, 4, 0.9190590452, [1.789954642290438, -44.98243734022202]
23, 5, 0.9183701501, [1.789942088839395, -44.83527833748791]
23, 6, 0.272704144, [-0.6544428956979844, -45.18347574122302]
23, 7, 0.2548042793, [-0.011174816744666138, -48.20825280301897]
23, 8, 0.2275351782, [-2.851377203696175, -49.79794262978535]
23, 9, 0, [6.4226834819603456, -51.55092405844818]
24, 0, 0.9243331856, [1.789954642290438, -48.1656096912686]
24, 1, 0.9223082138, [1.789942088839395, -50.264359676457886]
24, 2, 0.9188092822, [1.789861050574496, -53.18342972634156]
24, 3, 0.8556559629, [1.1867887865214546, -46.69489375077066]
24, 4, 0.8062272027, [2.6684866083466114, -50.870356612643945]
24, 5, 0.748034817, [2.8256597201668563, -47.37988110526478]
24, 6, 0.5943018189, [3.0759094393549553, -54.01547001991473]
24, 7, 0.2427629407, [-1.7755434995500958, -48.1656096912686]
24, 8, 0, [4.50838439937357, -46.50451400645234]
24, 9, 0, [3.463761103663699, -48.11240919208424]
25, 0, 0.9243331856, [1.789954642290438, -48.1656096912686]
25, 1, 0.9205457229, [1.7899078464324671, -51.9283520615579]
25, 2, 0.9113503868, [1.969066407629693, -49.128917221160705]
25, 3, 0.327057357, [-0.7329543782105135, -39.15910578216641]
25, 4, 0.2920205697, [0.3058482099275628, -53.18342972634156]
25, 5, 0.2652189965, [-4.830475723678699, -46.81380485487018]
25, 6, 0.2566455094, [-1.5727762806225467, -46.70296989551013]
25, 7, 0.1962129159, [-6.001065429101581, -53.380263507648046]
25, 8, 0, [3.8517770202328774, -47.298912389102945]
25, 9, 0, [5.371259253853225, -56.085350281631285]
26, 0, 0.9243331856, [1.789954642290438, -48.1656096912686]
26, 1, 0.9195768115, [1.8795105249600654, -48.64726345621465]
26, 2, 0.9164618179, [1.7899312443614526, -54.09614146107938]
26, 3, 0.9148122596, [1.6160474477754883, -50.206247688149304]
26, 4, 0.7989491985, [1.8029543520173288, -33.16527185394823]
26, 5, 0.5195166967, [0.5284767341109768, -45.543728921862154]
26, 6, 0.2644538907, [-1.2416759036934684, -45.96998288387206]
26, 7, 0.2411541699, [-2.676278819793506, -48.50322804980319]
26, 8, 0, [6.9885196049405085, -51.54996661279272]
26, 9, 0, [3.537819917758399, -48.51643297182217]
27, 0, 0.9243331856, [1.789954642290438, -48.1656096912686]
27, 1, 0.9195768115, [1.8795105249600654, -48.64726345621465]
27, 2, 0.9175808159, [1.7029893460684704, -52.07078407229278]
27, 3, 0.7706596848, [1.1075934362967912, -50.287045751346625]
27, 4, 0.5289747279, [0.7251136156420841, -52.532680456329764]
27, 5, 0.2804316925, [0.1393014960169887, -50.5045154683261]
27, 6, 0.2313136025, [-2.915083245271543, -49.46584649251656]
27, 7, 0.2265297861, [-0.08114145822542129, -50.24527973894163]
27, 8, 0, [3.3947815251792015, -48.64726345621465]
27, 9, 0, [8.704693810272843, -48.70534888506542]
28, 0, 0.9243331856, [1.789954642290438, -48.1656096912686]
28, 1, 0.9232750503, [1.7464719941794542, -48.32344758197291]
28, 2, 0.9223456766, [1.8347325836252517, -48.80495388331253]
28, 3, 0.8283405714, [2.5781509856293088, -50.11819688178069]
28, 4, 0.2330134392, [-2.578881989055664, -49.21576327396426]
28, 5, 0.2034811504, [-2.6838145319244724, -51.96508127178392]
28, 6, 0, [4.262124258603484, -50.11819688178069]
28, 7, 0, [5.836935199418946, -45.207197892446935]
28, 8, 0, [4.327864253885893, -48.76229483700867]
28, 9, 0, [5.034272113112633, -48.19468718944371]
29, 0, 0.9243331856, [1.789954642290438, -48.1656096912686]
29, 1, 0.922991793, [1.790602288902353, -47.00924139652758]
29, 2, 0.9219895692, [1.7968896348490657, -50.28495666910568]
29, 3, 0.8304177312, [1.1274921158383295, -40.04172923445796]
29, 4, 0.6201731083, [0.7790501254676485, -48.1656096912686]
29, 5, 0.2848254845, [-4.897521954993641, -45.05511497041153]
29, 6, 0.2472067136, [-6.685773613887947, -48.703143823021925]
29, 7, 0.2442583214, [-0.4630518979561269, -47.7618435743137]
29, 8, 0.2412567855, [-2.694389699005503, -48.491361127176575]
29, 9, 0.2360441365, [-0.394463673382613, -48.69068648261643]
30, 0, 0.9243331856, [1.790184303566208, -48.16737047147611]
30, 1, 0.9243331856, [1.789954642290438, -48.1656096912686]
30, 2, 0.9234414228, [1.7905757362504162, -46.47437460227142]
30, 3, 0.9094187048, [1.789954642290438, -42.64392174884351]
30, 4, 0.80618484, [2.409002281596975, -38.839620256555044]
30, 5, 0.5250857835, [3.123928980660329, -40.49279919815847]
30, 6, 0.4414414625, [3.219886264294279, -48.13412645286576]
30, 7, 0, [8.464744144346154, -54.69277537407329]
30, 8, 0, [4.865945464848576, -49.728014602027706]
30, 9, 0, [6.736681262234353, -45.209962825351]
