0, 0, 0.7104551221, [2.3745955322283314, -43.6517555819035]
0, 1, 0.6644425698, [2.337993794602593, -59.249677343319995]
0, 2, 0.6572868487, [2.6776492495740434, -39.69901537731266]
0, 3, 0.5900530042, [2.933006598372393, -59.80503720965817]
0, 4, 0.5120485438, [3.222628486966959, -57.391835021117515]
0, 5, 0.4970809247, [1.5767263688984465, -59.10608341685789]
0, 6, 0.4278437656, [0.8715421771424384, -42.32202948372274]
0, 7, 0.4058443606, [0.8652329118126117, -44.839341356899126]
0, 8, 0.3751510059, [1.0626026142919174, -53.30367785553532]
0, 9, 0.2209988492, [0.1928758938935227, -54.034870479400546]
1, 0, 0.7104551221, [2.3745955322283314, -43.6517555819035]
1, 1, 0.6907160196, [2.5894277252003675, -45.6237559269404]
1, 2, 0.6559267908, [1.9756609505633889, -50.59482666178129]
1, 3, 0.536490038, [3.1329087089233187, -57.391835021117515]
1, 4, 0.5364290638, [3.1394083021291896, -58.70627733026646]
1, 5, 0.5120485438, [3.222628486966959, -57.391835021117515]
1, 6, 0.2648218041, [-2.766056753996141, -45.416942034171505]
1, 7, 0, [5.066765223531249, -48.9511141777228]
1, 8, 0, [8.25155165726845, -51.62784011963809]
1, 9, 0, [4.401860664492758, -53.19287658514668]
2, 0, 0.7104551221, [2.3745955322283314, -43.6517555819035]
2, 1, 0.7104551221, [2.3745955322283314, -43.6517555819035]
2, 2, 0.7010242988, [2.0593349363053393, -42.83104880206835]
2, 3, 0.6004802643, [1.471834860999801, -40.02188486444493]
2, 4, 0.5899442009, [1.5315291042099322, -45.25791453721876]
2, 5, 0.5735613672, [1.4070068451832118, -42.94679041502948]
2, 6, 0.5691134174, [1.5053263836558475, -47.417271369836186]
2, 7, 0.4072242521, [1.1407482533649735, -53.24341040747655]
2, 8, 0.3643892185, [0.6006053043905462, -44.637755754421946]
2, 9, 0.2514214476, [-0.8479849423167898, -46.604925720760704]
3, 0, 0.7104551221, [2.3745955322283314, -43.6517555819035]
3, 1, 0.7104551221, [2.3745955322283314, -43.6517555819035]
3, 2, 0.6898039736, [2.2169652342668353, -36.29288814867137]
3, 3, 0.6700376679, [2.646299841833767, -42.15779212768066]
3, 4, 0.6405809428, [1.7714440099750677, -45.91146739112733]
3, 5, 0.6098072562, [1.5894265069534306, -43.6517555819035]
3, 6, 0.6028019362, [1.5513081638943556, -43.24140219198593]
3, 7, 0.5921862373, [1.471834860999801, -34.49872754708323]
3, 8, 0.3910535845, [0.8128602023176272, -45.406190516019684]
3, 9, 0.3295448162, [0.23307112196908708, -42.536344108837675]
4, 0, 0.7104551221, [2.3745955322283314, -43.6517555819035]
4, 1, 0.7103788219, [2.3745955322283314, -45.9216671958091]
4, 2, 0.7075369489, [2.08994862806926, -41.734844087223905]
4, 3, 0.7057159325, [2.247578926030756, -45.94569951854474]
4, 4, 0.7047571554, [2.3745955322283314, -40.59085887965326]
4, 5, 0.7036085275, [2.3745955322283314, -50.29655808941971]
4, 6, 0.6897486063, [1.9942046221209515, -41.36948516366159]
4, 7, 0.6831525305, [1.9942046221209515, -45.62006205361048]
4, 8, 0.6323584133, [1.6958051081460597, -43.6517555819035]
4, 9, 0.4810446387, [1.2246874207166367, -49.04664710265625]
5, 0, 0.7134563708, [2.4386976632887145, -47.86299154393865]
5, 1, 0.7126289582, [2.247578926030756, -42.72311081684033]
5, 2, 0.7119388648, [2.2322720801487956, -41.110773903809104]
5, 3, 0.710907438, [2.3745955322283314, -43.10172816066378]
5, 4, 0.7104551221, [2.3745955322283314, -43.6517555819035]
5, 5, 0.7068435244, [2.247578926030756, -45.72761645294902]
5, 6, 0.380848884, [0.5737298913656632, -42.121307230778385]
5, 7, 0, [4.866905285077391, -51.78604076552863]
5, 8, 0, [6.822374079346762, -43.828255641516506]
5, 9, 0, [3.336834566820733, -46.68735025592224]
6, 0, 0.7134563708, [2.4386976632887145, -47.86299154393865]
6, 1, 0.7090247582, [2.3431382946597354, -45.29305118038949]
6, 2, 0.7077902645, [2.3745955322283314, -41.24034703993825]
6, 3, 0.7013931402, [2.1513567443405583, -48.24591041238242]
6, 4, 0.7002854311, [2.4386976632887145, -52.63299875338216]
6, 5, 0.6258920564, [1.657446031436172, -43.10172816066378]
6, 6, 0.5681226663, [1.5151586208564507, -47.69624537878539]
6, 7, 0.2684658635, [-3.672098637146327, -45.482359852301215]
6, 8, 0.2209389453, [-3.6333453801881377, -51.13607388721214]
6, 9, 0, [5.5830656692178735, -46.564163376167166]
7, 0, 0.7134563708, [2.4386976632887145, -47.86299154393865]
7, 1, 0.7090247582, [2.3431382946597354, -45.29305118038949]
7, 2, 0.6988717682, [2.05886396022953, -43.94168053431145]
7, 3, 0.698691477, [2.5122687960693595, -49.98196637182413]
7, 4, 0.5863837171, [2.9948273104351446, -48.05445097816053]
7, 5, 0.263010392, [-0.20288151249457131, -45.264852829603456]
7, 6, 0, [6.05439331562059, -51.0519638498602]
7, 7, 0, [4.691256130247325, -47.53473887158832]
7, 8, 0, [3.624007982496482, -50.78390277420811]
7, 9, 0, [4.048253959348427, -48.418643712017335]
8, 0, 0.7134563708, [2.4386976632887145, -47.86299154393865]
8, 1, 0.71100423, [2.285566378149445, -47.01937581167623]
8, 2, 0.7065000027, [2.248780811759122, -45.902336039125046]
8, 3, 0.7051264991, [2.4754832296790372, -51.13675964125523]
8, 4, 0.5835778705, [1.4302158210212297, -42.04948483321882]
8, 5, 0.2757911489, [0.02119405171698885, -46.961823453067794]
8, 6, 0, [3.3355206592720816, -48.92247895788139]
8, 7, 0, [3.8285967287791074, -49.56018792081409]
8, 8, 0, [4.240499352742582, -46.52394049992174]
8, 9, 0, [5.86430370622984, -47.63750877610681]
9, 0, 0.7157616419, [2.452440478904014, -47.49396275606651]
9, 1, 0.7134563708, [2.4386976632887145, -47.86299154393865]
9, 2, 0.7115653155, [2.343739237523918, -41.57716561253951]
9, 3, 0.6770876494, [1.9568313295753526, -45.361979988882524]
9, 4, 0.5681547919, [3.03569021942191, -45.19163245673383]
9, 5, 0.5506655895, [1.3016235315979088, -42.39174666179252]
9, 6, 0.335829777, [0.6666208057248546, -48.51954784019014]
9, 7, 0.2573076042, [0.20354749140583017, -50.63142654746811]
9, 8, 0.2564094611, [-1.0458986027724175, -45.902336039125046]
9, 9, 0.253935998, [-1.772789288577198, -46.962310379739506]
10, 0, 0.7157616419, [2.452440478904014, -47.49396275606651]
10, 1, 0.7157616419, [2.452440478904014, -47.49396275606651]
10, 2, 0.7134563708, [2.4386976632887145, -47.86299154393865]
10, 3, 0.7134563708, [2.4386976632887145, -47.86299154393865]
10, 4, 0.6915110978, [2.5690412350924006, -50.52573252534235]
10, 5, 0.6841881967, [2.3525838706189877, -55.518437189781245]
10, 6, 0.6314010936, [2.447542296383784, -64.05178323265726]
10, 7, 0.5427382211, [3.1285679337573966, -49.49201145418186]
10, 8, 0, [5.938766747901592, -49.27367463343071]
10, 9, 0, [4.348179199346932, -46.34279760640017]
11, 0, 0.7157616419, [2.452440478904014, -47.49396275606651]
11, 1, 0.7155874604, [2.452440478904014, -46.43783280453765]
11, 2, 0.5899683553, [2.9660564599029486, -49.67588563434191]
11, 3, 0.4740149482, [1.1425761819173332, -45.662598786851746]
11, 4, 0.3355262763, [0.3103200124189076, -42.82282587175253]
11, 5, 0.2434860452, [0.16670749482521874, -51.61265139522065]
11, 6, 0, [4.303858328039119, -50.97575427635657]
11, 7, 0, [7.091996904908315, -45.36003906987545]
11, 8, 0, [4.281695846663605, -49.44940745578313]
11, 9, 0, [6.371239516120752, -47.12869410668208]
12, 0, 0.7157616419, [2.452440478904014, -47.49396275606651]
12, 1, 0.6888124188, [2.2541706121033793, -52.08908748616013]
12, 2, 0.6752161364, [2.6837800641837313, -47.49396275606651]
12, 3, 0.5826006288, [3.002701601668585, -46.82089572489108]
12, 4, 0.5180847061, [1.1618753229606833, -40.86718501312921]
12, 5, 0.4816392881, [3.3039957894457896, -44.48219194591433]
12, 6, 0.3842323973, [0.7130402708384374, -44.18863096646014]
12, 7, 0.3018503764, [0.10353815465431859, -44.33031264002341]
12, 8, 0, [3.8695128063609534, -46.43783280453765]
12, 9, 0, [4.491150025576573, -46.43783280453765]
13, 0, 0.7157616419, [2.452440478904014, -47.49396275606651]
13, 1, 0.7143471398, [2.452440478904014, -45.140904284194775]
13, 2, 0.6280585654, [1.7080229675320313, -45.27349985659305]
13, 3, 0.6245265989, [1.7080229675320313, -46.47813624964467]
13, 4, 0.6013457767, [1.7080229675320313, -49.578155583697196]
13, 5, 0.2414981438, [-0.22860745373802227, -47.918011311566126]
13, 6, 0, [-0.47585149130673665, -49.791525121113324]
13, 7, 0, [5.674649756480298, -55.65497604869344]
13, 8, 0, [4.736731611377554, -44.79180566959088]
13, 9, 0, [3.836622847845207, -52.08908748616013]
14, 0, 0.7157616419, [2.452440478904014, -47.49396275606651]
14, 1, 0.7076348574, [2.452440478904014, -50.58171750329849]
14, 2, 0.6734408325, [2.6921245286665787, -45.87950376255359]
14, 3, 0.6325059455, [2.867009049399754, -47.705987033816314]
14, 4, 0.6261666052, [1.7080229675320313, -45.733176350654055]
14, 5, 0.5419413758, [1.366512722763268, -47.038853777622464]
14, 6, 0.2628581171, [-2.8555758619627114, -46.31743352013064]
14, 7, 0.2512893835, [-1.897872444443935, -47.11394879635834]
14, 8, 0, [6.184074904835368, -51.09082344902043]
14, 9, 0, [4.2409678371848045, -54.38640120407379]
15, 0, 0.7157616419, [2.452440478904014, -47.49396275606651]
15, 1, 0.7104356332, [2.483121816609036, -45.90234770995394]
15, 2, 0.7037840252, [2.5250486030397363, -47.41365791894197]
15, 3, 0.6965752766, [2.255699631853938, -50.43016547740113]
15, 4, 0.6933138645, [2.452440478904014, -54.68502420546276]
15, 5, 0.6850006584, [2.237058995101754, -52.52360862485821]
15, 6, 0.6684319113, [2.7245231177915175, -44.580958156481046]
15, 7, 0.4656614056, [0.9826326552810676, -40.77989171958067]
15, 8, 0.315753788, [0.00571659371852129, -42.017075008407474]
15, 9, 0, [4.6769034185687755, -53.09852036982261]
16, 0, 0.7157616419, [2.452440478904014, -47.49396275606651]
16, 1, 0.7113988555, [2.452440478904014, -43.326732099382305]
16, 2, 0.7030611015, [2.504085209824386, -48.825843895827845]
16, 3, 0.6977786498, [2.504085209824386, -50.73883146821147]
16, 4, 0.665245104, [2.129409150046268, -55.120834592816664]
16, 5, 0.2871054977, [0.3060655840026607, -48.23997285979306]
16, 6, 0.270866299, [-1.6364063135476536, -44.64309128181826]
16, 7, 0.2473910505, [-0.8199899654361045, -46.98327143398074]
16, 8, 0, [6.3179398186437075, -45.36670646494376]
16, 9, 0, [4.383167731393675, -46.698155233010226]
17, 0, 0.7157616419, [2.452440478904014, -47.49396275606651]
17, 1, 0.7151107196, [2.452440478904014, -45.43982421126928]
17, 2, 0.6750354585, [2.5693897013317892, -55.864033903051585]
17, 3, 0.6736465626, [1.9652148446921587, -47.23339568709715]
17, 4, 0.6414007189, [1.7805008847429127, -46.46397749568545]
17, 5, 0.6337507778, [1.7020774170674775, -43.326732099382305]
17, 6, 0.2804754429, [-1.5678751331696144, -43.326732099382305]
17, 7, 0.2439014981, [0.2567068101240877, -52.21331585998368]
17, 8, 0, [7.8381852796237865, -48.176512339327594]
17, 9, 0, [3.928097473430399, -47.49396275606651]
18, 0, 0.7157616419, [2.452440478904014, -47.49396275606651]
18, 1, 0.7156669042, [2.452440478904014, -46.55204792419849]
18, 2, 0.561819829, [1.459471908166584, -46.84230975586113]
18, 3, 0.536696684, [1.3882476058151327, -47.837515438273115]
18, 4, 0.3583920845, [0.6006659374404535, -45.48133324975822]
18, 5, 0, [4.740366992765489, -45.75601987709027]
18, 6, 0, [4.678116999961302, -51.104875908616066]
18, 7, 0, [3.464421222958615, -46.35779686060631]
18, 8, 0, [-2.8204162839512055, -52.37889259550443]
18, 9, 0, [3.445263716840299, -49.67354584613165]
19, 0, 0.7157616419, [2.452440478904014, -47.49396275606651]
19, 1, 0.7150628052, [2.452440478904014, -47.658071852059486]
19, 2, 0.6901518217, [2.167471804603406, -51.01139525078278]
19, 3, 0.6721786302, [1.7778337600666947, -38.21203402028012]
19, 4, 0.6678422179, [1.955956193535299, -47.98808885881034]
19, 5, 0.5949016989, [2.939281503632463, -52.86227087668257]
19, 6, 0.3633150101, [0.7816866705977166, -47.49396275606651]
19, 7, 0.3612825686, [1.0300689228035187, -53.65986346828461]
19, 8, 0.3602771571, [0.7423432909500605, -47.250132075772356]
19, 9, 0.1777228674, [-1.307606409405141, -54.75687714088702]
20, 0, 0.7157616419, [2.452440478904014, -47.49396275606651]
20, 1, 0.7156216893, [2.452440478904014, -47.607553401576126]
20, 2, 0.7146659799, [2.452440478904014, -47.73599221315356]
20, 3, 0.7086496595, [2.452440478904014, -50.05199502583367]
20, 4, 0.6655381704, [1.9569539810193124, -48.47493944639221]
20, 5, 0.3248293927, [0.7044971645951097, -50.20292935108749]
20, 6, 0.3113358555, [-0.35868759713785003, -38.50589133873892]
20, 7, 0.2581702369, [-1.6680277198342117, -46.44266876730802]
20, 8, 0, [4.083396419481849, -42.24618895313541]
20, 9, 0, [7.096386356064424, -49.252679003424646]
21, 0, 0.7157616419, [2.452440478904014, -47.49396275606651]
21, 1, 0.7147038586, [2.452440478904014, -47.987218200116075]
21, 2, 0.7146659799, [2.452440478904014, -47.73599221315356]
21, 3, 0.712710334, [2.452440478904014, -48.829774213704894]
21, 4, 0.6052440224, [1.6936386458275554, -48.772978890950085]
21, 5, 0.5443278591, [1.2924942438827107, -43.18731497711477]
21, 6, 0.385057815, [0.879387244328411, -47.28226832079527]
21, 7, 0.2483078189, [-5.458342123453756, -48.04124642398417]
21, 8, 0, [4.291247038949868, -48.55360027162999]
21, 9, 0, [4.738441946118716, -49.49460180804205]
22, 0, 0.7161675199, [2.452440478904014, -47.14036164790105]
22, 1, 0.7157616419, [2.452440478904014, -47.49396275606651]
22, 2, 0.7146659799, [2.452440478904014, -47.74059047809129]
22, 3, 0.7082542067, [2.452440478904014, -50.38255528216137]
22, 4, 0.7069239252, [2.452440478904014, -51.03490844470387]
22, 5, 0.684179443, [1.9328141862898978, -43.03444204520744]
22, 6, 0.2579916805, [-2.350398645825789, -45.8834377558048]
22, 7, 0.2534210772, [-2.9491994780022712, -47.54218419722021]
22, 8, 0.2464960368, [-1.645531660328293, -47.78421365430726]
22, 9, 0, [5.8778274626372955, -47.749801911275696]
23, 0, 0.7161675199, [2.452440478904014, -47.14036164790105]
23, 1, 0.7159101381, [2.452440478904014, -47.35158421863461]
23, 2, 0.7137239761, [2.452440478904014, -44.98969801593374]
23, 3, 0.7132992581, [2.452440478904014, -45.30666459577909]
23, 4, 0.7128913446, [2.452440478904014, -43.95718929685447]
23, 5, 0.7101730881, [2.452440478904014, -49.53228597060788]
23, 6, 0.3478740485, [0.6513110198689098, -47.183004759651425]
23, 7, 0.2883232429, [0.008055494366634441, -45.36195600691023]
23, 8, 0.2310003165, [-2.188608417022303, -49.00288395939043]
23, 9, 0, [7.0857226652434715, -50.38255528216137]
24, 0, 0.7161675199, [2.452440478904014, -47.14036164790105]
24, 1, 0.7140568737, [2.452440478904014, -47.95644324832214]
24, 2, 0.7087931859, [2.452440478904014, -49.81855052471348]
24, 3, 0.6485169144, [1.849280899860552, -48.53077354564687]
24, 4, 0.2468277582, [-1.1130576629365199, -47.14036164790105]
24, 5, 0, [5.170870235987146, -45.47926596308479]
24, 6, 0, [3.4881455567804323, -46.35463306189723]
24, 7, 0, [3.7383952759685313, -52.990221976547176]
24, 8, 0, [3.330795640066876, -50.535207607949175]
24, 9, 0, [4.126253217002796, -49.948288986960456]
25, 0, 0.7161675199, [2.452440478904014, -47.14036164790105]
25, 1, 0.7093361634, [2.452440478904014, -49.73328843906009]
25, 2, 0.679903622, [2.6315553826060296, -49.53423309691504]
25, 3, 0.3795587965, [0.9684276382570807, -49.81855052471348]
25, 4, 0.3235939402, [-0.07046540323417672, -39.56442165792073]
25, 5, 0.2808075118, [-4.167943091207151, -44.618741232372365]
25, 6, 0.2340627871, [-0.9102841672834492, -48.53884969038634]
25, 7, 0.2298549226, [-5.338486000772063, -50.01538430601997]
25, 8, 0, [4.514265995209215, -47.70422826485728]
25, 9, 0, [6.033838682182743, -52.72047108000321]
26, 0, 0.7161675199, [2.452440478904014, -47.14036164790105]
26, 1, 0.7157700742, [2.460087102703218, -47.57803507800083]
26, 2, 0.7025677911, [2.452440478904014, -52.48598562814669]
26, 3, 0.7013305806, [2.27855825149943, -49.31137381477757]
26, 4, 0.6998270697, [2.541997930755022, -48.337297372408045]
26, 5, 0.6003578465, [1.7104340585805473, -49.77591948188679]
26, 6, 0.2383421403, [-2.0137914139985496, -48.193261965996584]
26, 7, 0.2345623007, [-0.059718579223897894, -50.2021734438967]
26, 8, 0, [7.65102883948307, -49.93981077986004]
26, 9, 0, [4.200330721482341, -47.62155909845043]
27, 0, 0.7161675199, [2.452440478904014, -47.14036164790105]
27, 1, 0.7157700742, [2.460087102703218, -47.57803507800083]
27, 2, 0.7047496345, [2.365499365201722, -50.818269219140575]
27, 3, 0.6245758931, [1.7700909718748599, -48.9693438131965]
27, 4, 0.5003925326, [1.3466448228204486, -51.485442245539076]
27, 5, 0.3429404214, [0.7608327031953532, -49.45727725753541]
27, 6, 0.3193481144, [0.5813560773526474, -48.92757780079151]
27, 7, 0.236791116, [-2.156292145142641, -48.435294604776836]
27, 8, 0, [3.975358102922354, -47.57803507800083]
27, 9, 0, [9.381575651531323, -47.63081666247942]
28, 0, 0.7161675199, [2.452440478904014, -47.14036164790105]
28, 1, 0.713235904, [2.4089699220528678, -47.18456613371303]
28, 2, 0.7132150269, [2.4562637908036162, -47.75771567252184]
28, 3, 0.514322717, [3.2406489135027226, -48.97931543352081]
28, 4, 0.2421016709, [-1.916390302959842, -48.04428828320542]
28, 5, 0, [4.924622186476897, -48.97931543352081]
28, 6, 0, [6.499421036032523, -44.18194984907939]
28, 7, 0, [4.990350090499469, -47.73704679364112]
28, 8, 0, [5.6967700409860464, -47.05580574118383]
28, 9, 0, [-2.062283324746108, -50.917843060993235]
29, 0, 0.7161675199, [2.452440478904014, -47.14036164790105]
29, 1, 0.7127274722, [2.432616856428242, -45.91618156700229]
29, 2, 0.7117994646, [2.459378396203765, -49.186595152042486]
29, 3, 0.6722141697, [1.7899779524519055, -39.01648119109041]
29, 4, 0.5566307253, [1.4415359620812245, -47.14036164790105]
29, 5, 0.2941878421, [0.19943686339857214, -46.663482057250505]
29, 6, 0.2875006483, [0.268025087972086, -47.59232496555323]
29, 7, 0.2859817232, [-0.375980704601675, -42.03103648098154]
29, 8, 0.2547835558, [-6.023284852533248, -47.60478230595873]
29, 9, 0.2476124141, [-2.052375131479614, -47.39830129765129]
30, 0, 0.7161799643, [2.459470112572142, -47.142225683837246]
30, 1, 0.7161675199, [2.452440478904014, -47.14036164790105]
30, 2, 0.7147714147, [2.4318041142042555, -45.40350243709832]
30, 3, 0.7064150436, [2.452440478904014, -41.618673705475956]
30, 4, 0.5215106059, [3.071488118210551, -37.8143722131875]
30, 5, 0, [9.116994346415886, -53.63362143762687]
30, 6, 0, [5.5181956669183085, -48.668860665581285]
30, 7, 0, [7.385495802152601, -44.11700625155439]
30, 8, 0, [4.173711714522616, -44.654948852553474]
30, 9, 0, [3.786414817273905, -39.467551154790925]
