0, 0, 0.9460965114, [1.0626026142919174, -53.30367785553532]
0, 1, 0.9405118977, [1.5767263688984465, -59.10608341685789]
0, 2, 0.9270914821, [0.8652329118126117, -44.839341356899126]
0, 3, 0.9213307794, [0.8715421771424384, -42.32202948372274]
0, 4, 0.7262134894, [2.337993794602593, -59.249677343319995]
0, 5, 0.7062785479, [2.3745955322283314, -43.6517555819035]
0, 6, 0.5310146533, [2.6776492495740434, -39.69901537731266]
0, 7, 0.4184561427, [0.1928758938935227, -54.034870479400546]
0, 8, 0.3690643563, [2.933006598372393, -59.80503720965817]
0, 9, 0, [3.222628486966959, -57.391835021117515]
1, 0, 0.9646744445, [1.401270694707231, -52.35429020282067]
1, 1, 0.9572165973, [1.4678258686939611, -48.250429659994595]
1, 2, 0.9503737674, [1.0626026142919174, -52.51958501793591]
1, 3, 0.9460965114, [1.0626026142919174, -53.30367785553532]
1, 4, 0.9460965114, [1.0626026142919174, -53.30367785553532]
1, 5, 0.9296548815, [0.972882836248277, -53.30367785553532]
1, 6, 0.2839462665, [-2.068915147283671, -45.390684957074555]
1, 7, 0.2282546578, [-3.9542137844892773, -52.14747631005178]
1, 8, 0, [3.4241766132555425, -44.316109174305595]
1, 9, 0, [6.608963046992745, -46.99283511622088]
2, 0, 0.9646744445, [1.401270694707231, -52.35429020282067]
2, 1, 0.9646744445, [1.401270694707231, -52.35429020282067]
2, 2, 0.9435377941, [1.3036027264081498, -42.4386251102255]
2, 3, 0.9262071071, [0.8643796700879175, -45.70532206046505]
2, 4, 0.8647947446, [0.7077349465932254, -49.79070065411355]
2, 5, 0.7249682475, [0.400871887885655, -46.022135076206425]
2, 6, 0.7125138043, [0.5582042666888317, -53.96044915813593]
2, 7, 0.3238711381, [0.19755666646868764, -58.55705689601245]
2, 8, 0.2200493634, [-0.44685804262320716, -50.302359931407636]
2, 9, 0.2139120888, [-1.7911765292130757, -51.9185722092966]
3, 0, 0.9646744445, [1.401270694707231, -52.35429020282067]
3, 1, 0.9646744445, [1.401270694707231, -52.35429020282067]
3, 2, 0.9340924176, [1.6729750043126665, -50.86032674859783]
3, 3, 0.9191257411, [1.3524367105576904, -40.44794361320853]
3, 4, 0.9088095487, [0.8643796700879175, -40.18216474310335]
3, 5, 0.8714942849, [0.6867796401852106, -47.39645765652308]
3, 6, 0.8602503765, [0.7981191724539674, -54.6140020120445]
3, 7, 0.7807072631, [0.6161016694323302, -52.35429020282067]
3, 8, 0.212293984, [-0.7402537155520132, -51.238878729754845]
3, 9, 0.1912116841, [-0.1604646352034731, -54.108725136936854]
4, 0, 0.9742164806, [1.1823346161637038, -51.56681789612549]
4, 1, 0.970622691, [1.268677337200292, -50.03913002956172]
4, 2, 0.9646744445, [1.401270694707231, -52.35429020282067]
4, 3, 0.9630616081, [1.401270694707231, -54.62420181672627]
4, 4, 0.9626316257, [1.4540389257691393, -53.22086644381394]
4, 5, 0.9626017169, [1.401270694707231, -49.29339350057043]
4, 6, 0.9599780169, [1.268677337200292, -45.78855313961282]
4, 7, 0.9593748866, [1.401270694707231, -58.99909271033688]
4, 8, 0.8488498786, [0.7224802706249593, -52.35429020282067]
4, 9, 0.3826963834, [0.2513625831955364, -57.749181723573415]
5, 0, 0.9742164806, [1.1823346161637038, -51.56681789612549]
5, 1, 0.9679822365, [1.267603702163675, -47.69702104270041]
5, 2, 0.9662849703, [1.3349740159537615, -48.479228378483796]
5, 3, 0.9644600805, [1.401270694707231, -51.40161311502186]
5, 4, 0.9630616081, [1.401270694707231, -54.40611875113055]
5, 5, 0.9611660953, [1.3822889020268045, -58.13552648312998]
5, 6, 0.7825079239, [2.230916371792693, -50.80481308967486]
5, 7, 0.6638399657, [2.462371900318841, -48.333730683356514]
5, 8, 0.1974130779, [-0.48267886989624653, -52.393842169969716]
5, 9, 0, [3.892506812519674, -51.260706224963364]
6, 0, 0.9742164806, [1.1823346161637038, -51.56681789612549]
6, 1, 0.9726040195, [1.2249691591636895, -49.63191946941295]
6, 2, 0.9670212565, [1.1823346161637038, -56.336825105569005]
6, 3, 0.9622352204, [1.401270694707231, -49.54023199429633]
6, 4, 0.9206887101, [0.8949936972155476, -51.949736764569266]
6, 5, 0.8327412544, [0.6841211939150716, -51.40161311502186]
6, 6, 0.6236252705, [0.3969894853604049, -52.03511366780885]
6, 7, 0.2417246476, [-4.7869425794693825, -51.48421550557367]
6, 8, 0.2042516461, [-4.889708427313148, -54.839900239398986]
6, 9, 0, [4.468221726894818, -52.56601902943962]
7, 0, 0.9742164806, [1.1823346161637038, -51.56681789612549]
7, 1, 0.9726040195, [1.2249691591636895, -49.63191946941295]
7, 2, 0.9673391881, [1.3653737882161125, -50.28749616837463]
7, 3, 0.9436079126, [0.9406948247334845, -48.28054882333491]
7, 4, 0.8621345037, [1.9916027620559755, -50.55352494521091]
7, 5, 0.6234183967, [2.543565132173753, -51.093034772207744]
7, 6, 0.580780767, [2.620783434117313, -53.28297674125849]
7, 7, 0.5203400146, [2.726688140537243, -51.27375137769333]
7, 8, 0.1163219443, [-1.3999178281908402, -61.828353219454165]
7, 9, 0, [4.907498307767343, -51.3574936464107]
8, 0, 0.9742164806, [1.1823346161637038, -51.56681789612549]
8, 1, 0.9718258933, [1.2738542021899082, -50.927157032250065]
8, 2, 0.970141804, [1.1530343064747985, -49.341574854463204]
8, 3, 0.9509202805, [1.0615147204485942, -52.13796404310405]
8, 4, 0.8798066013, [1.9215521500416388, -49.923683359730205]
8, 5, 0.747561074, [0.45528921145201573, -47.07430582634384]
8, 6, 0.5702563751, [2.6413306374685783, -53.581535241419246]
8, 7, 0.2869793298, [3.0532332614320534, -50.5452878205269]
8, 8, 0.2314364019, [-1.1113380199576575, -49.28402249585477]
8, 9, 0, [4.51943215281388, -48.95623414637393]
9, 0, 0.9742164806, [1.1823346161637038, -51.56681789612549]
9, 1, 0.9735883399, [1.1844548532584256, -51.10188071953705]
9, 2, 0.9622572434, [1.1676844613192512, -45.14869819630201]
9, 3, 0.9043691782, [0.7807765533706855, -48.93351257264502]
9, 4, 0.8790657678, [1.928321135617009, -48.53496288335568]
9, 5, 0.4604086867, [0.0452604844728981, -46.09557301397936]
9, 6, 0.2430719291, [-2.141645108056741, -49.341574854463204]
9, 7, 0.2397883259, [-2.868535793861522, -50.40154919507766]
9, 8, 0.2390706018, [-4.57593045811501, -51.56681789612549]
9, 9, 0.2185562728, [-0.5882367015325287, -50.739769448783626]
10, 0, 0.9742164806, [1.1823346161637038, -51.56681789612549]
10, 1, 0.9742164806, [1.1823346161637038, -51.56681789612549]
10, 2, 0.9735883399, [1.1844548532584256, -51.10188071953705]
10, 3, 0.9735883399, [1.1844548532584256, -51.10188071953705]
10, 4, 0.9665070048, [1.3552998188097067, -53.894714041906944]
10, 5, 0.9604894977, [1.1692464918854477, -58.288940764236685]
10, 6, 0.944343325, [1.1860168838246221, -66.4896433989486]
10, 7, 0.8944027999, [1.8584620710170867, -53.56486659424085]
10, 8, 0, [4.646837297793277, -52.31001274183121]
10, 9, 0, [3.1594417260743257, -50.05089038974059]
11, 0, 0.9742164806, [1.1823346161637038, -51.56681789612549]
11, 1, 0.9735386519, [1.1823346161637038, -50.51068794459663]
11, 2, 0.9308259825, [1.6959505971626385, -53.74874077440089]
11, 3, 0.4781612328, [2.7783117451237054, -51.56681789612549]
11, 4, 0.3092473225, [3.0115899839232947, -53.522262595842115]
11, 5, 0.2575807535, [-0.11959815446796629, -49.31847094468044]
11, 6, 0.2552576371, [-0.9597858503214025, -46.895681011811504]
11, 7, 0.1695791999, [-1.1256748108343275, -55.581026820577115]
11, 8, 0, [3.0678404688371894, -54.24025607821864]
11, 9, 0, [5.821891042168006, -49.43289420993443]
12, 0, 0.9742164806, [1.1823346161637038, -51.56681789612549]
12, 1, 0.964347013, [1.4136742014434214, -51.56681789612549]
12, 2, 0.8928222529, [0.9407567874499125, -56.24429013664775]
12, 3, 0.8809130386, [1.9095169325292707, -48.881490948221185]
12, 4, 0.593668868, [2.599406943620643, -50.51068794459663]
12, 5, 0.2398520205, [-1.1665677080859915, -48.40316778008239]
12, 6, 0.2380188943, [-0.3983107393461185, -48.4074950234914]
12, 7, 0, [3.7387723002888613, -51.89306559946667]
12, 8, 0, [3.2210441628362627, -50.51068794459663]
12, 9, 0, [9.344693742077155, -51.87643317252939]
13, 0, 0.9742164806, [1.1823346161637038, -51.56681789612549]
13, 1, 0.9731236104, [1.1823346161637038, -49.21375942425376]
13, 2, 0.8588446197, [2.006540572532032, -51.03875292036106]
13, 3, 0.8576715409, [2.006540572532032, -54.13877225441359]
13, 4, 0.8563197358, [2.006540572532032, -49.83411652730944]
13, 5, 0.363720531, [0.06991015126197864, -52.47862798228252]
13, 6, 0.3227349148, [2.996126437185249, -51.56681789612549]
13, 7, 0.2142438862, [-1.5311526280068706, -51.56681789612549]
13, 8, 0, [4.619348619780164, -57.43026882370561]
13, 9, 0, [3.4666257486372434, -48.86466080964986]
14, 0, 0.9742164806, [1.1823346161637038, -51.56681789612549]
14, 1, 0.9705030468, [1.1823346161637038, -54.654572643357476]
14, 2, 0.9616783339, [1.4220186659262688, -49.95235890261257]
14, 3, 0.9090234406, [0.8807185938931134, -52.90559935003642]
14, 4, 0.858539402, [2.006540572532032, -53.39381235542297]
14, 5, 0.7128415637, [2.381214920529599, -52.022722939204]
14, 6, 0.2962690985, [3.032014868706061, -51.676265839333674]
14, 7, 0.2522515437, [-4.125681724703021, -50.390288660189626]
14, 8, 0.2447997507, [-2.38366657331409, -49.27835683819396]
14, 9, 0, [5.698280775965214, -55.407559354408114]
15, 0, 0.9742164806, [1.1823346161637038, -51.56681789612549]
15, 1, 0.973250452, [1.2549427402994262, -51.486513059000956]
15, 2, 0.9610677534, [1.1823346161637038, -58.757879345521744]
15, 3, 0.9591660335, [1.4544172550512076, -48.65381329654003]
15, 4, 0.9168127144, [0.854923657485561, -50.53858143809349]
15, 5, 0.8948706972, [0.9669531323614439, -56.596463764917196]
15, 6, 0.8705392077, [1.9563667312995872, -47.296297326119046]
15, 7, 0.7502517134, [0.6275014727304625, -55.06639920554068]
15, 8, 0.2774191999, [-0.28747320745924254, -44.85274685963965]
15, 9, 0, [3.406797555828465, -57.17137550988159]
16, 0, 0.9742164806, [1.1823346161637038, -51.56681789612549]
16, 1, 0.9706705482, [1.1823346161637038, -47.39958723944129]
16, 2, 0.9660429326, [1.218638678231565, -57.29003728364124]
16, 3, 0.9624643718, [1.218638678231565, -59.20302485602487]
16, 4, 0.8172963792, [0.8593032873059577, -59.193689732875654]
16, 5, 0.2492296065, [-2.8855487830726134, -49.47160152637126]
16, 6, 0.2265365462, [-2.0900958281764144, -51.05612657403972]
16, 7, 0.2002722875, [-0.9640402787376496, -52.31282799985205]
16, 8, 0.1787837848, [-1.6374590583641793, -55.139002240897625]
16, 9, 0, [5.047833955903397, -49.439561605002744]
17, 0, 0.9742164806, [1.1823346161637038, -51.56681789612549]
17, 1, 0.9727470452, [1.1823346161637038, -49.51267935132827]
17, 2, 0.9625752186, [1.403980798104071, -54.29113401500943]
17, 3, 0.8433354133, [0.6951089819518486, -51.30625082715614]
17, 4, 0.7337429351, [0.5103950220026026, -50.53683263574443]
17, 5, 0.7295835454, [0.4319715543271675, -47.39958723944129]
17, 6, 0.5622951619, [2.6579916106900887, -51.56681789612549]
17, 7, 0.265386211, [-2.8379809959099243, -47.39958723944129]
17, 8, 0.1259374329, [-1.047538986422905, -60.678398577408736]
17, 9, 0, [8.594284880731031, -49.44483892476623]
18, 0, 0.9742164806, [1.1823346161637038, -51.56681789612549]
18, 1, 0.9735386519, [1.1823346161637038, -50.62490306425748]
18, 2, 0.7984634034, [2.194315360218305, -50.43065200066529]
18, 3, 0.7832561361, [2.227506333856285, -50.923523472140076]
18, 4, 0.6812146135, [2.434256971781256, -48.69432403465272]
18, 5, 0.4816942777, [0.18936604542627367, -50.915164895920114]
18, 6, 0.4081337402, [0.1181417430748225, -51.9103705783321]
18, 7, 0.2292823568, [-0.6694399252998567, -49.554188389817206]
18, 8, 0.2122595355, [-4.0381736669352195, -53.628870221512855]
18, 9, 0, [3.470261130025179, -49.82887501714925]
19, 0, 0.9742164806, [1.18206161393184, -51.68081619098363]
19, 1, 0.9742164806, [1.1823346161637038, -51.73092699211846]
19, 2, 0.9742164806, [1.1823346161637038, -51.56681789612549]
19, 3, 0.932732183, [1.6883249881910043, -51.81868755124192]
19, 4, 0.9314924045, [1.6691756408921532, -56.93512601674155]
19, 5, 0.8884639968, [1.8998405992591114, -54.84199394321436]
19, 6, 0.7429570788, [2.31428616599978, -57.06052998313395]
19, 7, 0.5749084367, [0.3649304560859923, -53.27580992879543]
19, 8, 0.2824038361, [3.062051003262956, -41.612700535129456]
19, 9, 0.2107823791, [-0.5277625717902497, -51.32298721583134]
20, 0, 0.9742164806, [1.1823346161637038, -51.79430656667034]
20, 1, 0.9742164806, [1.1823346161637038, -51.82997685108589]
20, 2, 0.9742164806, [1.18206161393184, -51.68081619098363]
20, 3, 0.9716963883, [1.1823346161637038, -54.124850165892646]
20, 4, 0.8219183526, [0.6867116171630703, -52.60479373388026]
20, 5, 0.3468359527, [2.955774893891843, -44.64238239383274]
20, 6, 0.2405207878, [-2.9381335825745216, -50.515523907367]
20, 7, 0.2155804057, [-0.7092553521507055, -50.93320045854111]
20, 8, 0.1816175977, [-0.5657451992611324, -54.332783638575535]
20, 9, 0.133318989, [-1.6988938196357044, -60.168030261128656]
21, 0, 0.9742164806, [1.18206161393184, -51.68081619098363]
21, 1, 0.9742164806, [1.1823346161637038, -51.79430656667034]
21, 2, 0.9740261711, [1.1823346161637038, -52.97741350848926]
21, 3, 0.9737972578, [1.1823346161637038, -52.24860183017287]
21, 4, 0.8228578957, [2.145175920279921, -51.68081619098363]
21, 5, 0.6221849717, [0.4235327830872453, -52.97741350848926]
21, 6, 0.4232577726, [0.022388381142400604, -47.334954271899136]
21, 7, 0.3066253953, [3.0211411762095572, -52.81498390168679]
21, 8, 0.2440994337, [-6.728516236752032, -52.21738529248307]
21, 9, 0.2077089444, [-0.39071861841189914, -51.486702938334446]
22, 0, 0.9742164806, [1.1821981150477718, -51.73756137882698]
22, 1, 0.9742164806, [1.18206161393184, -51.68081619098363]
22, 2, 0.9735883399, [1.1824542307203387, -51.49614227132361]
22, 3, 0.9710951056, [1.1823569060593846, -54.32090249840844]
22, 4, 0.9696852055, [1.1821981150477718, -55.096692647287774]
22, 5, 0.8622510004, [0.6625549358743588, -47.27673229294329]
22, 6, 0.284644165, [3.060745674331577, -45.936170997985215]
22, 7, 0.2518902254, [-3.620755220902282, -49.9374576279585]
22, 8, 0.2310336584, [-4.219305340742581, -52.03002631111836]
22, 9, 0.2077635986, [-2.915637523068603, -53.21313325293728]
23, 0, 0.9742164806, [1.1821981150477718, -51.73756137882698]
23, 1, 0.9735883399, [1.182215763388134, -51.52450292716313]
23, 2, 0.9731236104, [1.1824542307203387, -49.06221638901141]
23, 3, 0.9726493159, [1.1822092599956124, -53.59488629618997]
23, 4, 0.9719740049, [1.1826083801766327, -48.731315082777456]
23, 5, 0.9715402108, [1.1821981150477718, -48.5543890277804]
23, 6, 0.2342294114, [-1.2619307538170408, -49.117507800142555]
23, 7, 0.2148235792, [-3.4588396359307043, -53.06548428497252]
23, 8, 0.2059197683, [-0.6189313439873323, -51.780204490577354]
23, 9, 0, [5.8156390923988415, -54.32090249840844]
24, 0, 0.9742164806, [1.1821981150477718, -51.73756137882698]
24, 1, 0.9737972578, [1.1826212290393396, -51.96285439268099]
24, 2, 0.9718958697, [1.182215763388134, -53.99146923324199]
24, 3, 0.844840972, [2.060737922869997, -54.64201908775887]
24, 4, 0.7866102996, [0.5790385360043101, -50.3404249396961]
24, 5, 0.7864940491, [2.21790319292419, -50.95183279282316]
24, 6, 0.6594748241, [2.468152912112289, -57.58742170747311]
24, 7, 0.4218411388, [2.8560108531465542, -51.75794038100968]
24, 8, 0.2184007158, [-2.383300026792762, -51.73756137882698]
24, 9, 0, [3.900627872130904, -50.07646569401072]
25, 0, 0.9742164806, [1.1821981150477718, -51.73756137882698]
25, 1, 0.9716963883, [1.182206939217953, -54.118347658787314]
25, 2, 0.8353142511, [2.102162712182631, -54.888455733434]
25, 3, 0.2754205175, [-0.5998580736575754, -44.9186442944397]
25, 4, 0.2718951048, [-5.438176630893213, -49.00380045209959]
25, 5, 0.2207114835, [-6.608710716287942, -54.18830301454848]
25, 6, 0.1847622998, [-0.30179707725879923, -53.99146923324199]
25, 7, 0.1786469318, [-0.6988271442740044, -54.65009523249834]
25, 8, 0, [3.9848733247858155, -53.05845090137624]
25, 9, 0, [4.763613966666863, -56.89338978853172]
26, 0, 0.9742164806, [1.1821981150477718, -51.73756137882698]
26, 1, 0.9648759312, [1.3787451464447003, -54.18101474290066]
26, 2, 0.9648755976, [1.1822025271328624, -56.977115103473274]
26, 3, 0.938644541, [1.6421804136152014, -53.31300855613049]
26, 4, 0.9232118515, [1.1913804569324502, -40.222266326805965]
26, 5, 0.5930285798, [0.29117443278018884, -49.51849597661351]
26, 6, 0.33363142, [2.9734366456377974, -47.32039809088304]
26, 7, 0.2281847001, [-1.4789782050242564, -49.94474993862342]
26, 8, 0.2081779031, [-2.91360893113837, -53.16897314971903]
26, 9, 0, [6.380790887711919, -54.43094025518662]
27, 0, 0.9742164806, [1.1821981150477718, -51.73756137882698]
27, 1, 0.9648759312, [1.3787451464447003, -54.18101474290066]
27, 2, 0.9623165832, [1.412191470374032, -55.06465132748033]
27, 3, 0.6706871609, [0.49985081406116316, -53.513508416322765]
27, 4, 0.3981211226, [2.8940161466638363, -54.18101474290066]
27, 5, 0.3353104185, [0.17085266276306843, -57.085531943451954]
27, 6, 0.2134998108, [-3.648635206560198, -53.274383003713446]
27, 7, 0.190176085, [-0.6888840804610494, -53.47174240391777]
27, 8, 0.1742613084, [-0.41495945686202695, -55.05736695544829]
27, 9, 0, [8.07813299771149, -54.475684995389926]
28, 0, 0.9742164806, [1.1821981150477718, -51.73756137882698]
28, 1, 0.9709591768, [1.297194792710902, -51.60635705334587]
28, 2, 0.9707455452, [1.280471630746236, -53.35780537043472]
28, 3, 0.8271430093, [2.1288737841607563, -53.40110635315365]
28, 4, 0.2174754577, [-3.186631563794811, -52.61497045023152]
28, 5, 0.1750545924, [-3.2380754848034883, -56.51793275890611]
28, 6, 0, [3.812847057134932, -53.40110635315365]
28, 7, 0, [5.22917867217628, -48.77914958000532]
28, 8, 0, [3.7201077266432265, -52.33424652456705]
28, 9, 0, [4.584994911644081, -51.47759666081667]
29, 0, 0.9742164806, [1.1821981150477718, -51.73756137882698]
29, 1, 0.9720716988, [1.1891365838581591, -53.77053610101851]
29, 2, 0.9707491894, [1.288833211728569, -50.92712187577515]
29, 3, 0.8129582163, [0.5197355885956634, -43.61368092201634]
29, 4, 0.4509186756, [0.17129359822498236, -51.73756137882698]
29, 5, 0.2723107742, [-5.399291032167425, -48.97299544965911]
29, 6, 0.2446573477, [-7.293526664878854, -52.18872325493475]
29, 7, 0.2190176962, [-3.1961587761792867, -52.409241606424146]
29, 8, 0.2114550619, [-1.0708049489470335, -51.247423006226526]
29, 9, 0.2015091063, [-1.0022167243735196, -52.17626591452925]
30, 0, 0.9742164806, [1.1846585580881075, -51.74065695111955]
30, 1, 0.9742164806, [1.1821981150477718, -51.73756137882698]
30, 2, 0.9735916537, [1.1888521158413319, -53.52249037848572]
30, 3, 0.9659859267, [1.1821981150477718, -46.21587343640189]
30, 4, 0.8827380354, [1.8012457543543088, -42.411571944113426]
30, 5, 0.6316354692, [2.5161724534176635, -44.064750885716855]
30, 6, 0.5878629258, [2.612129737051613, -51.70607814042414]
30, 7, 0.3953227992, [2.903997624873533, -49.51678199085059]
30, 8, 0, [7.860133028202724, -59.859398570097945]
30, 9, 0, [4.261334348705146, -54.89463779805236]
