0, 0, 0.837526371, [2.3745955322283314, -43.6517555819035]
0, 1, 0.8331013073, [2.337993794602593, -59.249677343319995]
0, 2, 0.8168020331, [2.6776492495740434, -39.69901537731266]
0, 3, 0.8138592214, [2.933006598372393, -59.80503720965817]
0, 4, 0.7646576993, [3.222628486966959, -57.391835021117515]
0, 5, 0.7488399222, [1.5767263688984465, -59.10608341685789]
0, 6, 0.5933211889, [0.8715421771424384, -42.32202948372274]
0, 7, 0.5771789709, [0.8652329118126117, -44.839341356899126]
0, 8, 0.5389109088, [1.0626026142919174, -53.30367785553532]
0, 9, 0.2361136564, [0.1928758938935227, -54.034870479400546]
1, 0, 0.837526371, [2.3745955322283314, -43.6517555819035]
1, 1, 0.8370691839, [2.5894277252003675, -45.6237559269404]
1, 2, 0.8362742226, [1.9756609505633889, -50.59482666178129]
1, 3, 0.7862354685, [3.1329087089233187, -57.391835021117515]
1, 4, 0.7843206127, [3.1394083021291896, -58.70627733026646]
1, 5, 0.7646576993, [3.222628486966959, -57.391835021117515]
1, 6, 0.2915018171, [-2.766056753996141, -45.416942034171505]
1, 7, 0, [5.066765223531249, -48.9511141777228]
1, 8, 0, [8.25155165726845, -51.62784011963809]
1, 9, 0, [4.401860664492758, -53.19287658514668]
2, 0, 0.837526371, [2.3745955322283314, -43.6517555819035]
2, 1, 0.837526371, [2.3745955322283314, -43.6517555819035]
2, 2, 0.8341152034, [2.0593349363053393, -42.83104880206835]
2, 3, 0.7900845779, [1.5315291042099322, -45.25791453721876]
2, 4, 0.7850772502, [1.5053263836558475, -47.417271369836186]
2, 5, 0.7706162282, [1.471834860999801, -40.02188486444493]
2, 6, 0.7639054752, [1.4070068451832118, -42.94679041502948]
2, 7, 0.5897903753, [1.1407482533649735, -53.24341040747655]
2, 8, 0.4783829085, [0.6006053043905462, -44.637755754421946]
2, 9, 0.2704901566, [-0.8479849423167898, -46.604925720760704]
3, 0, 0.837526371, [2.3745955322283314, -43.6517555819035]
3, 1, 0.837526371, [2.3745955322283314, -43.6517555819035]
3, 2, 0.8285608759, [2.646299841833767, -42.15779212768066]
3, 3, 0.8177690878, [1.7714440099750677, -45.91146739112733]
3, 4, 0.796263919, [1.5894265069534306, -43.6517555819035]
3, 5, 0.7887705918, [2.2169652342668353, -36.29288814867137]
3, 6, 0.7883373921, [1.5513081638943556, -43.24140219198593]
3, 7, 0.7807241426, [1.5315291042099322, -39.73475721985706]
3, 8, 0.5576122036, [0.8128602023176272, -45.406190516019684]
3, 9, 0.3779589002, [0.23307112196908708, -42.536344108837675]
4, 0, 0.8444681933, [2.3745955322283314, -50.29655808941971]
4, 1, 0.8436545474, [2.4273637632902396, -44.51833182289677]
4, 2, 0.8433097817, [2.117863174393599, -47.42265813850321]
4, 3, 0.8417806814, [2.3745955322283314, -45.9216671958091]
4, 4, 0.8385705294, [2.155659453684804, -42.86428327520832]
4, 5, 0.8379385001, [2.117863174393599, -43.17208124855431]
4, 6, 0.837526371, [2.3745955322283314, -43.6517555819035]
4, 7, 0.8291993569, [2.3745955322283314, -40.59085887965326]
4, 8, 0.8060401128, [1.6958051081460597, -43.6517555819035]
4, 9, 0.6967843481, [1.2246874207166367, -49.04664710265625]
5, 0, 0.8473126352, [2.3292296240169508, -52.32210499547428]
5, 1, 0.8444681933, [2.3745955322283314, -50.29655808941971]
5, 2, 0.8422506743, [2.3745955322283314, -45.70358413021338]
5, 3, 0.8419074045, [2.2726134688419193, -43.25301324299259]
5, 4, 0.8366907643, [2.4248576748832424, -42.097156578043574]
5, 5, 0.8331386173, [2.3745955322283314, -42.69907849410469]
5, 6, 0.7258349795, [3.389602797882641, -45.28401488300991]
5, 7, 0.5436823559, [3.6210583264087886, -42.812932476691564]
5, 8, 0.4111867814, [0.4642618520938995, -46.58042068231401]
5, 9, 0, [4.607666838835661, -45.060327714955356]
6, 0, 0.8486821038, [2.351912578122641, -51.309331542447]
6, 1, 0.8473126352, [2.3292296240169508, -52.32210499547428]
6, 2, 0.839119134, [2.2726134688419193, -41.391632122267055]
6, 3, 0.8384881613, [2.3292296240169508, -57.09211220491779]
6, 4, 0.8370035518, [2.0418887050687946, -52.70502386391805]
6, 5, 0.7888423808, [1.55546396804976, -43.25301324299259]
6, 6, 0.7680568924, [1.5239329043193561, -53.7125257408429]
6, 7, 0.2701195288, [-3.777823688475415, -47.787559119233435]
6, 8, 0.1826805914, [-3.7428134194599014, -55.59518733874777]
6, 9, 0, [5.477340617888785, -48.869362643099386]
7, 0, 0.8486821038, [2.351912578122641, -51.309331542447]
7, 1, 0.8473126352, [2.3292296240169508, -52.32210499547428]
7, 2, 0.8417933139, [2.0449552895867456, -50.97073434939624]
7, 3, 0.8412005524, [2.4028007567975957, -54.44107982335976]
7, 4, 0.807641087, [3.040371207690304, -54.2007218736824]
7, 5, 0.2442324107, [-0.31561248907904815, -49.22046435097367]
7, 6, 0, [5.944925276348826, -55.51107730139583]
7, 7, 0, [4.666598546406475, -58.368119125714514]
7, 8, 0, [3.6695518797516415, -56.930173669729975]
7, 9, 0, [3.6935400306610986, -51.07319686649868]
8, 0, 0.8486821038, [2.351912578122641, -51.309331542447]
8, 1, 0.8481994974, [2.198433933854693, -51.14003294592162]
8, 2, 0.8431817893, [2.223878023192171, -52.76345944498643]
8, 3, 0.8397650722, [2.377356667460118, -55.08948636627722]
8, 4, 0.7668802139, [3.2373940970531625, -52.87520568290338]
8, 5, 0.7599149913, [1.3798689431168008, -47.28718174001539]
8, 6, 0.2158491231, [-0.040494303240285134, -52.705907086378]
8, 7, 0, [3.778249850874678, -54.79788482761066]
8, 8, 0, [4.190152474838152, -51.761637406718314]
8, 9, 0, [5.802615351272566, -53.38159240941702]
9, 0, 0.8486821038, [2.351912578122641, -51.309331542447]
9, 1, 0.8463090186, [2.3611774499158753, -51.12391021678965]
9, 2, 0.8462005517, [2.287895300657406, -46.73089731472437]
9, 3, 0.831596422, [1.9009873927088403, -50.51571169106739]
9, 4, 0.8165023712, [3.006309487032894, -52.23636332481001]
9, 5, 0.7065073211, [1.2148384464318351, -45.83808666030087]
9, 6, 0.3429035549, [0.6051061303319194, -53.926472905631826]
9, 7, 0.2271288118, [-3.4063524961560736, -51.309331542447]
9, 8, 0.2037124815, [-1.0708013913393688, -52.76345944498643]
9, 9, 0.1994895998, [0.14203281601289497, -56.03835161290979]
10, 0, 0.8486821038, [2.351912578122641, -51.309331542447]
10, 1, 0.8486821038, [2.351912578122641, -51.309331542447]
10, 2, 0.8463090186, [2.3611774499158753, -51.12391021678965]
10, 3, 0.8463090186, [2.3611774499158753, -51.12391021678965]
10, 4, 0.8406283495, [2.502749330794611, -54.52690479094119]
10, 5, 0.8395817243, [2.294720958490179, -56.114140359072906]
10, 6, 0.825732688, [2.3680031077486485, -62.75467337261505]
10, 7, 0.8098842656, [3.0280400329760235, -53.30738024056235]
10, 8, 0, [5.850798567097476, -51.38203386969569]
10, 9, 0, [4.283224882761736, -51.7728474336285]
11, 0, 0.8486821038, [2.351912578122641, -51.309331542447]
11, 1, 0.8486214568, [2.351912578122641, -50.25320159091814]
11, 2, 0.824578843, [2.8655285591215756, -53.4912544207224]
11, 3, 0.5974010743, [1.0535521248402273, -49.20074251646749]
11, 4, 0.3395969847, [0.20979211163753453, -46.63819465813302]
11, 5, 0.1988597388, [0.052648791039806575, -55.455599982649936]
11, 6, 0, [4.224035620737291, -55.0045063430042]
11, 7, 0, [6.991469004126943, -49.17540785625594]
11, 8, 0, [4.1811679458822315, -53.26477624216362]
11, 9, 0, [6.282215459043646, -50.66683783629783]
12, 0, 0.8486821038, [2.351912578122641, -51.309331542447]
12, 1, 0.8424402796, [2.583252163402358, -51.309331542447]
12, 2, 0.836056409, [2.155384010450616, -55.98572762788098]
12, 3, 0.8237065794, [2.9072944299352805, -50.50314025989061]
12, 4, 0.778583715, [3.2034678886644166, -48.29756073229482]
12, 5, 0.635818413, [1.0613474221793102, -44.6825537995097]
12, 6, 0.4506170989, [0.6061292554008659, -48.14810055822441]
12, 7, 0.2864710329, [0.003010253872945512, -48.1456814264039]
12, 8, 0, [3.76898490557958, -50.25320159091814]
12, 9, 0, [4.3906221247952, -50.25320159091814]
13, 0, 0.8503896118, [2.351912578122641, -48.956273070575264]
13, 1, 0.8486821038, [2.351912578122641, -51.309331542447]
13, 2, 0.8235480529, [2.8933600260333874, -49.80344613737091]
13, 3, 0.8219624808, [2.8933600260333874, -52.90346547142344]
13, 4, 0.8211101357, [2.8933600260333874, -48.59880974431929]
13, 5, 0.5291735066, [0.9567296047633338, -51.24332119929237]
13, 6, 0.2199672022, [-0.36157466604793376, -51.309331542447]
13, 7, 0, [5.7889265817391005, -57.172782470027116]
13, 8, 0, [4.63620371059618, -48.60717445597137]
13, 9, 0, [4.165704399144186, -51.309331542447]
14, 0, 0.8503896118, [2.351912578122641, -48.956273070575264]
14, 1, 0.843224937, [2.351912578122641, -54.39708628967898]
14, 2, 0.8397104728, [2.5915966278852056, -47.341814077062345]
14, 3, 0.8256311919, [1.9089173016232595, -53.335732017637966]
14, 4, 0.8227262391, [2.8933600260333874, -52.15850557243282]
14, 5, 0.7223811133, [3.4094136282597454, -50.099797134933816]
14, 6, 0.2631378547, [-1.3554678655839436, -47.355431033923765]
14, 7, 0.2421291502, [-2.9561037627440845, -50.13280230651113]
14, 8, 0, [6.7264794836953605, -53.48463355013793]
14, 9, 0, [4.783372416044795, -54.62788344163921]
15, 0, 0.8503896118, [2.351912578122641, -48.956273070575264]
15, 1, 0.847718837, [2.4245207022583632, -48.87596823345073]
15, 2, 0.8371714845, [1.9538119923301023, -49.448375359119154]
15, 3, 0.8367807969, [2.351912578122641, -57.32386375590738]
15, 4, 0.8359053134, [2.6239952170101444, -46.0432684709898]
15, 5, 0.8318500155, [2.136531094320381, -56.54526355095972]
15, 6, 0.7972644473, [1.726389807575004, -53.97619312656634]
15, 7, 0.5949889015, [0.8821047544996945, -42.44848817381044]
15, 8, 0.365492366, [0.2767247180196579, -45.35094625721487]
15, 9, 0, [4.576375517787402, -55.73735992026723]
16, 0, 0.8503896118, [2.351912578122641, -48.956273070575264]
16, 1, 0.8487977076, [2.1891663472942327, -51.33001287766483]
16, 2, 0.8441041636, [2.1891663472942327, -53.243000450048456]
16, 3, 0.8436412367, [2.351912578122641, -44.78904241389106]
16, 4, 0.8146328783, [2.028881249264895, -59.52209814126935]
16, 5, 0.2986004691, [0.20553768322128763, -50.081891796653]
16, 6, 0.2689544652, [-1.7159708211136762, -46.861056700821024]
16, 7, 0.2529071032, [-0.9205178662174776, -48.445581748489495]
16, 8, 0, [6.217411917862334, -46.829016779452516]
16, 9, 0, [4.303603223827652, -48.91612065201299]
17, 0, 0.8505141055, [2.2705394627084368, -50.172619757664926]
17, 1, 0.8503896118, [2.351912578122641, -48.956273070575264]
17, 2, 0.8427075278, [2.2972480390806247, -54.08817266894805]
17, 3, 0.8173425953, [1.7833138284965815, -51.96619123349279]
17, 4, 0.8095695991, [1.6799729839615396, -47.926287810194204]
17, 5, 0.758522175, [1.4388032854576962, -51.33001287766483]
17, 6, 0.3492046606, [0.24068381789749171, -46.26335038547263]
17, 7, 0.2191354725, [-1.8311492647793957, -51.33001287766483]
17, 8, 0, [7.403297386544214, -52.56201294664665]
17, 9, 0, [3.827569572649026, -48.956273070575264]
18, 0, 0.8505141055, [2.2705394627084368, -50.172619757664926]
18, 1, 0.8491774986, [2.351912578122641, -50.06849678350447]
18, 2, 0.7664976028, [3.25892893532403, -50.54383965873288]
18, 3, 0.7603601353, [3.2825202067630377, -50.06352313460334]
18, 4, 0.7147049639, [1.2775708919710067, -50.54803602985816]
18, 5, 0.6589833342, [1.2063465896195555, -51.543241712270145]
18, 6, 0.5668469113, [3.6038349337401927, -48.137917753899714]
18, 7, 0.3652578855, [0.4187649212448763, -49.18705952375525]
18, 8, 0.2056719143, [-3.006751065467474, -53.24918640810566]
18, 9, 0, [4.558465976569912, -49.4617461510873]
19, 0, 0.8505141055, [2.263849365002694, -50.190761023290484]
19, 1, 0.8505141055, [2.2705394627084368, -50.172619757664926]
19, 2, 0.8335969681, [2.2682499136475185, -58.04397980977046]
19, 3, 0.8254175949, [2.8054207567233354, -51.59707823989921]
19, 4, 0.8213880749, [2.8320635051453475, -56.23275190562113]
19, 5, 0.812218792, [3.0169363677914425, -54.62038463187165]
19, 6, 0.8110593376, [3.0160147509106943, -42.59615036176597]
19, 7, 0.6794639826, [1.2378421284379997, -51.88634622411637]
19, 8, 0.4134529004, [0.5997856544021394, -50.172619757664926]
19, 9, 0.4026239371, [0.5604422747544833, -49.92878907737077]
20, 0, 0.8505141055, [2.263849365002694, -50.190761023290484]
20, 1, 0.8500105786, [2.2705394627084368, -50.23599933221681]
20, 2, 0.8498507521, [2.2705394627084368, -50.27166961663235]
20, 3, 0.8460650355, [2.2705394627084368, -52.56654293143911]
20, 4, 0.8163022716, [1.7717079159708637, -51.08061253280692]
20, 5, 0.3431952582, [0.420145767712369, -50.58991003993348]
20, 6, 0.3341318725, [0.519251099546661, -52.808602437502195]
20, 7, 0.2489169785, [-1.849928736029789, -48.95721667291346]
20, 8, 0, [4.042834965906117, -47.10180973342846]
20, 9, 0, [7.055824902488692, -54.1082997837177]
21, 0, 0.8505141055, [2.263849365002694, -50.190761023290484]
21, 1, 0.8498507521, [2.2705394627084368, -50.27166961663235]
21, 2, 0.8495231612, [2.2671944138555653, -50.64984029904841]
21, 3, 0.848490174, [2.2705394627084368, -51.401271131827954]
21, 4, 0.7752769709, [1.5083925807791068, -51.3786519773648]
21, 5, 0.7684209726, [3.233653769056518, -50.27166961663235]
21, 6, 0.648755417, [1.1105932276871335, -45.75881189523783]
21, 7, 0.4585551991, [0.6941411792799623, -49.88794140720998]
21, 8, 0.246103914, [-5.641915664075769, -50.658305932511865]
21, 9, 0, [4.106000973901419, -51.21622237056232]
22, 0, 0.8505949897, [2.263849365002694, -49.83715991512503]
22, 1, 0.8505141055, [2.263849365002694, -50.190761023290484]
22, 2, 0.8500105786, [2.2671944138555653, -50.23121531996142]
22, 3, 0.844374943, [2.2655218894291296, -53.18787845872078]
22, 4, 0.8429932904, [2.271085691136452, -53.5847339238983]
22, 5, 0.8174057234, [1.7442230723885777, -45.73124031243142]
22, 6, 0.2563656485, [-2.538443531299094, -48.55856458410014]
22, 7, 0.2413202512, [-3.1378375913838146, -50.28222701485729]
22, 8, 0.2261484424, [-1.830824724856965, -50.74130629061521]
22, 9, 0, [5.692581397588846, -50.240426753145826]
23, 0, 0.850881342, [2.26516270023708, -50.002009702248124]
23, 1, 0.8505949897, [2.263849365002694, -49.83715991512503]
23, 2, 0.8470626186, [2.263849365002694, -46.65398756407845]
23, 3, 0.846557, [2.2646856272159117, -52.28334669249957]
23, 4, 0.8464195178, [2.2671944138555653, -47.79728943764922]
23, 5, 0.8458023727, [2.2685077490899515, -47.433950074193405]
23, 6, 0.3716964356, [0.4627199059675897, -49.8798030268754]
23, 7, 0.2622647899, [-0.1771905706818142, -47.85258084878036]
23, 8, 0.216825544, [-2.376363268710405, -51.75394468128212]
23, 9, 0, [6.898804075768586, -53.18787845872078]
24, 0, 0.8517290563, [2.263849365002694, -49.07996815650336]
24, 1, 0.850881342, [2.26516270023708, -50.002009702248124]
24, 2, 0.846557, [2.263849365002694, -52.304126221203894]
24, 3, 0.8096077067, [1.6636756456200539, -48.912429624613175]
24, 4, 0.7895144415, [3.142204526165556, -52.480018664476106]
24, 5, 0.7544669111, [3.3008677781134983, -49.2162811162443]
24, 6, 0.6186383654, [3.5511174973015973, -55.85187003089425]
24, 7, 0.2344462222, [-1.3003354416034538, -50.002009702248124]
24, 8, 0, [4.983592457320212, -48.340914017431864]
24, 9, 0, [3.940647962762298, -50.32994506592676]
25, 0, 0.8517290563, [2.263849365002694, -49.07996815650336]
25, 1, 0.8475670111, [2.4444571985351207, -50.694864390699344]
25, 2, 0.8474992161, [2.263849365002694, -51.94587954160645]
25, 3, 0.4447802069, [0.7798365243557606, -52.304126221203894]
25, 4, 0.3260619321, [-0.2575635873050859, -40.72505295170504]
25, 5, 0.2832139182, [-4.356534205108472, -46.83133233491873]
25, 6, 0.2469036656, [-1.0958894215239474, -48.920505769352644]
25, 7, 0.2219382152, [-5.527077114673382, -52.50096000251038]
25, 8, 0, [4.327167811138305, -48.864859558641584]
25, 9, 0, [5.8452475682814224, -55.20604677649362]
26, 0, 0.8517290563, [2.263849365002694, -49.07996815650336]
26, 1, 0.8510247712, [2.271495988801898, -49.739796894686414]
26, 2, 0.8497993488, [2.263849365002694, -50.51292384905491]
26, 3, 0.8444791196, [2.0907136025133153, -50.9979850129429]
26, 4, 0.8423502822, [2.354153281768907, -53.93657685826748]
26, 5, 0.7948215973, [1.6121468614454406, -51.49949530595162]
26, 6, 0.2349465946, [-2.2919399797508775, -50.368888442643446]
26, 7, 0.2172655689, [-0.1580057763590046, -51.92574926796153]
26, 8, 0, [7.552741642347963, -51.390402009980825]
26, 9, 0, [4.012486072496226, -49.30817029661576]
27, 0, 0.8517290563, [2.263849365002694, -49.07996815650336]
27, 1, 0.8510247712, [2.271495988801898, -49.739796894686414]
27, 2, 0.8482750018, [2.1772814837580046, -50.67504392867735]
27, 3, 0.8001444671, [1.5814998579735398, -48.95261617795177]
27, 4, 0.5998976426, [1.1580537089191285, -53.53612640818302]
27, 5, 0.3761274096, [0.5722415892940331, -51.507961420179356]
27, 6, 0.3598782687, [0.3927649634513273, -48.910850165546776]
27, 7, 0.2338140434, [-2.344883259043961, -50.40169211405353]
27, 8, 0, [3.786766989021034, -49.739796894686414]
27, 9, 0, [9.192984537630004, -49.81936947983939]
28, 0, 0.8517290563, [2.263849365002694, -49.07996815650336]
28, 1, 0.8505949897, [2.267672676902296, -49.80839983516579]
28, 2, 0.8476536994, [2.220565424380349, -48.08275674278257]
28, 3, 0.8078068024, [3.052244415830204, -49.877506042590355]
28, 4, 0.2509898611, [-2.104981416861162, -49.005727719884206]
28, 5, 0.2039118249, [-2.250874438647428, -52.96852722363718]
28, 6, 0, [4.736217688804379, -49.877506042590355]
28, 7, 0, [6.310829922131202, -46.1215563576817]
28, 8, 0, [4.8017589765981485, -49.67665330224343]
28, 9, 0, [5.508365543313528, -47.95399635025338]
29, 0, 0.8517290563, [2.263849365002694, -49.07996815650336]
29, 1, 0.8495231612, [2.270787282302445, -50.63711812468304]
29, 2, 0.8469622239, [2.2441190506413227, -47.390618952859036]
29, 3, 0.7922558341, [1.6013868385505854, -40.95608769969272]
29, 4, 0.7128365164, [1.2529448481799044, -49.07996815650336]
29, 5, 0.2891609186, [-4.420451566993698, -46.2993140729346]
29, 6, 0.2884971035, [0.010845749497252019, -48.11400502989106]
29, 7, 0.2862787094, [0.07943397407076591, -49.04284793819379]
29, 8, 0.2679335189, [-6.211875966434568, -49.055305278599285]
29, 9, 0.2524005785, [-2.2408729372665332, -48.87273868350803]
30, 0, 0.8517290563, [2.26630961247243, -49.0823391994112]
30, 1, 0.8517290563, [2.263849365002694, -49.07996815650336]
30, 2, 0.8500105786, [2.270502836896822, -50.23338501311854]
30, 3, 0.8439178291, [2.263849365002694, -43.558280214078266]
30, 4, 0.8077187061, [2.882897004309231, -39.75397872178981]
30, 5, 0.5750538073, [3.597823703372585, -41.407157663393235]
30, 6, 0, [8.941784002402327, -56.9638929707684]
30, 7, 0, [5.34298532290475, -51.99913219872281]
30, 8, 0, [7.219096841828412, -48.83844981620679]
30, 9, 0, [3.9856488974396593, -46.70350137949526]
