0, 0, 0.8843062333, [1.5767263688984465, -59.10608341685789]
0, 1, 0.8479407024, [2.337993794602593, -59.249677343319995]
0, 2, 0.8351747593, [2.3745955322283314, -43.6517555819035]
0, 3, 0.7823019543, [0.8715421771424384, -42.32202948372274]
0, 4, 0.762039526, [1.0626026142919174, -53.30367785553532]
0, 5, 0.7535865999, [0.8652329118126117, -44.839341356899126]
0, 6, 0.7368729821, [2.6776492495740434, -39.69901537731266]
0, 7, 0.6310075949, [2.933006598372393, -59.80503720965817]
0, 8, 0.3610791632, [3.222628486966959, -57.391835021117515]
0, 9, 0.2457568876, [0.1928758938935227, -54.034870479400546]
1, 0, 0.8929949797, [1.401270694707231, -52.35429020282067]
1, 1, 0.8853158134, [1.9756609505633889, -50.59482666178129]
1, 2, 0.8843062333, [1.5767263688984465, -59.10608341685789]
1, 3, 0.8843062333, [1.5767263688984465, -59.10608341685789]
1, 4, 0.8783167239, [2.108676091514212, -49.96477346729874]
1, 5, 0.8774544907, [1.4870065908548062, -59.10608341685789]
1, 6, 0.2526219767, [-1.4280649244634198, -47.1050287643787]
1, 7, 0.2088486903, [-3.9542137844892773, -52.14747631005178]
1, 8, 0, [4.160557054650533, -51.52127716751603]
1, 9, 0, [7.345343488387735, -54.19800310943132]
2, 0, 0.8929949797, [1.401270694707231, -52.35429020282067]
2, 1, 0.8929949797, [1.401270694707231, -52.35429020282067]
2, 2, 0.8558282669, [1.225340629289749, -53.66560783608489]
2, 3, 0.7680461758, [0.9121888978450772, -45.654940861042476]
2, 4, 0.5212165575, [0.5583680931537329, -48.10310987310023]
2, 5, 0.4167607291, [0.5582042666888317, -53.96044915813593]
2, 6, 0.237139164, [-0.3886900450359271, -49.02540982155308]
2, 7, 0.2288227223, [0.4546185437719521, -61.850306095473435]
2, 8, 0.2126425458, [-0.1929405016884933, -51.47455843230098]
2, 9, 0.1728836631, [-1.5341146519098112, -55.21182140875759]
3, 0, 0.9085112751, [1.6729750043126665, -50.86032674859783]
3, 1, 0.8929949797, [1.401270694707231, -52.35429020282067]
3, 2, 0.8929949797, [1.401270694707231, -52.35429020282067]
3, 3, 0.8899255854, [1.31330566199849, -46.06143497613822]
3, 4, 0.7946986898, [0.9121888978450772, -40.131783543680775]
3, 5, 0.5747172134, [0.7981191724539674, -54.6140020120445]
3, 6, 0.4994482126, [0.6476485916260102, -53.009949019452776]
3, 7, 0.4854435226, [0.6161016694323302, -52.35429020282067]
3, 8, 0.2145522679, [-0.7402537155520132, -51.238878729754845]
3, 9, 0.1874038476, [-0.1604646352034731, -54.108725136936854]
4, 0, 0.9085112751, [1.6729750043126665, -50.86032674859783]
4, 1, 0.9064247128, [1.5371228495099487, -48.546411773459006]
4, 2, 0.9049536203, [1.6729750043126665, -53.13023836250343]
4, 3, 0.9010207367, [1.4540389257691393, -50.07285444190265]
4, 4, 0.8839789209, [1.5371228495099487, -58.25211098322546]
4, 5, 0.8542266281, [1.1567297962761542, -46.510344267012954]
4, 6, 0.8381337798, [1.1567297962761542, -50.76092115696185]
4, 7, 0.8281578453, [1.1823346161637038, -54.71482989803678]
4, 8, 0.664808747, [0.858332425427677, -51.607308475709246]
4, 9, 0.2784260459, [0.387214737998254, -57.002199996462]
5, 0, 0.9097258538, [1.6050489269113077, -48.120843330273814]
5, 1, 0.9085112751, [1.6729750043126665, -50.86032674859783]
5, 2, 0.9044548369, [1.534042730586072, -46.034412269051685]
5, 3, 0.9034383496, [1.4540389257691393, -46.85026574019824]
5, 4, 0.9019159438, [1.4540389257691393, -49.85477137630693]
5, 5, 0.8880664615, [1.6691510579716906, -60.29790317907191]
5, 6, 0.8181888063, [2.49936188410235, -49.31209483357215]
5, 7, 0.75273756, [2.7308174126284976, -46.8410124272538]
5, 8, 0.183276474, [-0.19581671395136047, -54.556218865911646]
5, 9, 0, [3.645959430201337, -48.30776647385987]
6, 0, 0.9097258538, [1.6050489269113077, -48.120843330273814]
6, 1, 0.9089672626, [1.6390119656119873, -49.49058503943582]
6, 2, 0.9027156288, [1.6050489269113077, -52.89085053971733]
6, 3, 0.900016866, [1.4540389257691393, -44.98888461947271]
6, 4, 0.8909194796, [1.3177080079631516, -48.50376219871759]
6, 5, 0.653651054, [0.7368894249769798, -46.85026574019824]
6, 6, 0.6310900789, [0.8110322918087026, -51.89377923783172]
6, 7, 0.264890383, [-4.549201308564626, -47.48555453523603]
6, 8, 0.2195842914, [-4.4669941165655445, -51.39392567354731]
6, 9, 0, [4.705962997799574, -48.56735805910198]
7, 0, 0.9097258538, [1.6050489269113077, -48.120843330273814]
7, 1, 0.9089672626, [1.6390119656119873, -49.49058503943582]
7, 2, 0.9071744222, [1.6031150591208687, -46.288835198036985]
7, 3, 0.8971433167, [1.3547376311817823, -48.13921439335778]
7, 4, 0.8712123578, [2.2293440329607317, -46.55486397487326]
7, 5, 0.6826400972, [2.8585247050220692, -49.284315770920834]
7, 6, 0.6165398038, [2.9662794429213575, -47.647060206356066]
7, 7, 0.46272788, [3.149402451284847, -47.82777681184165]
7, 8, 0.1616438551, [-0.9734986980043412, -56.55447045707503]
7, 9, 0, [5.145239578672099, -47.35883267607306]
8, 0, 0.9099014375, [1.6040819930160883, -47.204839264155396]
8, 1, 0.9097258538, [1.6050489269113077, -48.120843330273814]
8, 2, 0.9068716502, [1.4789263451513255, -47.27157715430582]
8, 3, 0.9036909593, [1.479893279046545, -50.344309545189645]
8, 4, 0.8534614346, [2.3399307086395895, -48.1300288618158]
8, 5, 0.7301456664, [0.7855170022781959, -43.35198805824917]
8, 6, 0.5517981286, [3.0597091960665295, -51.78788074350484]
8, 7, 0.2530865557, [-0.7854459812811305, -47.214024795697384]
8, 8, 0, [3.471611820030004, -48.7516333226125]
8, 9, 0, [4.933474959262178, -48.8148997163968]
9, 0, 0.9109864727, [1.6131385405418395, -47.522322732102985]
9, 1, 0.9099014375, [1.6040819930160883, -47.204839264155396]
9, 2, 0.8937419511, [1.5415041690837068, -41.93271003023827]
9, 3, 0.869121529, [2.261149484724565, -47.24738582773433]
9, 4, 0.8539853265, [1.1545962611351412, -45.71752440658128]
9, 5, 0.5569524958, [0.4670078613252826, -41.733594382009265]
9, 6, 0.267121278, [-4.154183081262627, -47.204839264155396]
9, 7, 0.2573344206, [-1.8157530693802142, -47.27157715430582]
9, 8, 0.2477358745, [-2.5426437551849945, -48.33155149492028]
9, 9, 0.2417268403, [-0.2161014028952899, -48.80794334974773]
10, 0, 0.9109864727, [1.6131385405418395, -47.522322732102985]
10, 1, 0.9109864727, [1.6131385405418395, -47.522322732102985]
10, 2, 0.9099014375, [1.6040819930160883, -47.204839264155396]
10, 3, 0.9099014375, [1.6040819930160883, -47.204839264155396]
10, 4, 0.9033341541, [1.751198713349428, -50.26402332294628]
10, 5, 0.8984746544, [1.54733280291069, -53.432927790110256]
10, 6, 0.882863998, [1.6099106268430716, -60.95257713550425]
10, 7, 0.8641126325, [2.289265995395222, -49.52037143021834]
10, 8, 0.6025359264, [2.9879812510224597, -46.619923569342134]
10, 9, 0, [5.0885436243262046, -47.99826873355263]
11, 0, 0.9109864727, [1.6131385405418395, -47.522322732102985]
11, 1, 0.9077263768, [1.6131385405418395, -46.466192780574126]
11, 2, 0.877983382, [2.126754521540774, -49.704245610378386]
11, 3, 0.4210073582, [0.3056173775999329, -45.34770263497836]
11, 4, 0.3827398128, [3.2091156695018412, -47.522322732102985]
11, 5, 0.2940423675, [-0.5289819259432669, -42.851185847789]
11, 6, 0.2098204837, [-0.6810756670642235, -51.59795485657176]
11, 7, 0, [3.477534582768879, -50.67098855927513]
11, 8, 0, [6.252694966546141, -45.388399045911925]
11, 9, 0, [3.4423939083014305, -49.47776743181961]
12, 0, 0.9109864727, [1.6131385405418395, -47.522322732102985]
12, 1, 0.9013953008, [1.8444781258215568, -47.522322732102985]
12, 2, 0.8951123561, [1.4152233462641692, -52.218076500097006]
12, 3, 0.8766088733, [2.164442667268829, -46.684423143606786]
12, 4, 0.8699134152, [2.247585958851194, -45.89484923307104]
12, 5, 0.5763994193, [3.030210867998779, -46.466192780574126]
12, 6, 0.2929670691, [-0.12756179760609276, -44.395414513085704]
12, 7, 0.2827435003, [-0.7357637837078559, -44.358672616059884]
12, 8, 0, [3.8435630878111957, -46.9509791845999]
12, 9, 0, [3.6518480872143986, -46.466192780574126]
13, 0, 0.9109864727, [1.6131385405418395, -47.522322732102985]
13, 1, 0.9057863126, [1.6131385405418395, -45.16926426023125]
13, 2, 0.8812654426, [2.0460320423363756, -46.70858598258701]
13, 3, 0.8810400328, [2.0460320423363756, -49.808605316639536]
13, 4, 0.8789767765, [2.0460320423363756, -45.50394958953539]
13, 5, 0.3097422702, [0.10940162106632201, -48.148461044508466]
13, 6, 0.248858462, [-1.1003487036287352, -47.522322732102985]
13, 7, 0, [5.0501525441582995, -53.3857736596831]
13, 8, 0, [3.897429673015379, -44.820165645627355]
13, 9, 0, [3.4269303615633846, -47.522322732102985]
14, 0, 0.9109864727, [1.6131385405418395, -47.522322732102985]
14, 1, 0.9079370772, [1.6131385405418395, -50.61007747933497]
14, 2, 0.8981007098, [1.8528225903044042, -45.907863738590066]
14, 3, 0.883155676, [2.0460320423363756, -49.06364541764892]
14, 4, 0.8280429174, [1.115866290984353, -48.71826829913814]
14, 5, 0.7892760389, [2.6163626176208385, -47.83539188830572]
14, 6, 0.3157615812, [3.2671625657973005, -47.488934788435394]
14, 7, 0.2776923502, [-2.14851887622285, -45.09102578729568]
14, 8, 0.2758003752, [-3.694877800324886, -46.34579349616712]
14, 9, 0, [5.933428473056454, -51.220228303509835]
15, 0, 0.9116966558, [1.6857466646775618, -47.44201789497845]
15, 1, 0.9109864727, [1.6131385405418395, -47.522322732102985]
15, 2, 0.91026515, [1.6529823438962599, -46.59535688988849]
15, 3, 0.89874566, [1.6131385405418395, -54.71338418149924]
15, 4, 0.8982813105, [1.4255601591411615, -51.12317465733568]
15, 5, 0.8931522543, [1.885221179429343, -44.60931813251752]
15, 6, 0.8923943917, [1.3977570567395796, -52.55196860089469]
15, 7, 0.7665971349, [2.656597304066838, -43.28165483447616]
15, 8, 0.4096720223, [0.1433307169188931, -40.808251695617145]
15, 9, 0, [3.8376014802066005, -53.126880345859085]
16, 0, 0.9116966558, [1.6857466646775618, -47.44201789497845]
16, 1, 0.9092815788, [1.6330604422190498, -49.226680892375626]
16, 2, 0.9069966241, [1.6330604422190498, -51.139668464759254]
16, 3, 0.905969956, [1.7855217984683405, -46.88068736315877]
16, 4, 0.9001814813, [1.6857466646775618, -43.274787238294245]
16, 5, 0.2762799483, [-2.454744858694478, -45.42710636234875]
16, 6, 0.2552047997, [-1.5866837796625566, -46.93132657289268]
16, 7, 0.2487256851, [-0.452677766129308, -47.862171261387786]
16, 8, 0.2151126724, [-1.1340470098503213, -51.01420223975058]
16, 9, 0, [5.551246004417255, -45.3147616038557]
17, 0, 0.9116966558, [1.6857466646775618, -47.44201789497845]
17, 1, 0.9115743001, [1.6594035534483058, -48.36382617722192]
17, 2, 0.8989472105, [1.8557921059715499, -51.95188553822356]
17, 3, 0.8466279752, [1.1721779192364505, -50.157397653049784]
17, 4, 0.7976243408, [1.0138070705164606, -46.41203263459739]
17, 5, 0.717427585, [0.8826973803825134, -49.226680892375626]
17, 6, 0.4440219261, [3.161403659203947, -47.44201789497845]
17, 7, 0.244654406, [-0.33831058967500116, -48.35414577203356]
17, 8, 0.2392978702, [-2.3872551698545785, -49.226680892375626]
17, 9, 0, [9.06601809027572, -52.9771792649372]
18, 0, 0.9116966558, [1.6857466646775618, -47.44201789497845]
18, 1, 0.910384462, [1.6594035534483058, -49.476049890151124]
18, 2, 0.7644472463, [2.684555853117535, -47.79382541303859]
18, 3, 0.7630603853, [2.6919464564323254, -49.17947264669396]
18, 4, 0.6479857488, [2.911325909065858, -47.54547086054637]
18, 5, 0.5962413922, [0.6796065383255037, -48.278338308293414]
18, 6, 0.5356625038, [0.6083822359740525, -49.2735439907054]
18, 7, 0.2642048509, [-0.17919943240062675, -46.917361802190506]
18, 8, 0.211958053, [-3.573733544359179, -51.88481939606674]
18, 9, 0, [3.9605016229244088, -47.19204842952255]
19, 0, 0.9116966558, [1.6857466646775618, -47.44201789497845]
19, 1, 0.9111574634, [1.6664776167698998, -48.530999775516776]
19, 2, 0.9110477653, [1.6835808635146114, -47.796405723532516]
19, 3, 0.874530865, [2.1719797032829202, -49.92584767037539]
19, 4, 0.8740219913, [2.144078777013805, -55.9765515751963]
19, 5, 0.8402704043, [2.3834953143510273, -52.94915406234783]
19, 6, 0.7197034221, [2.797940881091696, -55.167690102267414]
19, 7, 0.6505072093, [0.8361749033094239, -51.613966926848924]
19, 8, 0.2931239361, [0.014992856371264462, -47.44201789497845]
19, 9, 0.2759084007, [-0.024350523276391645, -47.198187214684296]
20, 0, 0.9120877585, [1.686534615558223, -47.6375563305078]
20, 1, 0.9116966558, [1.6857466646775618, -47.44201789497845]
20, 2, 0.9114501258, [1.667265567650561, -48.69086792663058]
20, 3, 0.9087438525, [1.6664776167698998, -50.92492294929096]
20, 4, 0.8567406513, [1.1806256428390292, -48.885430977576824]
20, 5, 0.2600308824, [-2.453990581968326, -47.31559669076531]
20, 6, 0.2372890691, [-0.21122915845276813, -49.27682225953757]
20, 7, 0.2324865455, [-0.07183117358517355, -50.6134208822721]
20, 8, 0.1295015135, [-1.2096192049080314, -59.445917501446395]
20, 9, 0, [3.4581040418242264, -40.612721758966245]
21, 0, 0.9120877585, [1.686534615558223, -47.6375563305078]
21, 1, 0.9114501258, [1.667265567650561, -48.69086792663058]
21, 2, 0.9104729844, [1.6861406401178924, -47.976247234037885]
21, 3, 0.910322896, [1.6761121407237307, -49.183470422134704]
21, 4, 0.7856676534, [2.630379873998642, -48.69086792663058]
21, 5, 0.7379071581, [0.9177042830876028, -49.28123963989938]
21, 6, 0.558223085, [0.5161659057024275, -43.541011185544576]
21, 7, 0.3112394407, [0.10345288158845833, -47.790529069744565]
21, 8, 0.2627631685, [-6.229853199657123, -48.16372443627763]
21, 9, 0, [3.524947200163746, -48.5426293055518]
22, 0, 0.9120877585, [1.686534615558223, -47.6375563305078]
22, 1, 0.911185803, [1.676900091604392, -48.16421212856919]
22, 2, 0.9108778816, [1.686534615558223, -47.28395522234234]
22, 3, 0.9093308862, [1.6863376278380577, -50.57447957982418]
22, 4, 0.9076599629, [1.6769631076744804, -51.42494286045467]
22, 5, 0.8612567342, [1.1669083229441068, -43.17803561964873]
22, 6, 0.2754970242, [-3.1154535422208305, -46.06336953756708]
22, 7, 0.2619524, [-3.71511087688483, -47.705036395415746]
22, 8, 0.2519030699, [-2.4118370346511826, -48.04372729894583]
22, 9, 0, [5.102287075337673, -48.173423561753594]
23, 0, 0.9120877585, [1.686534615558223, -47.6375563305078]
23, 1, 0.9111086039, [1.6806828046025124, -48.16435025640513]
23, 2, 0.9084418171, [1.6816188597212247, -49.96337280569062]
23, 3, 0.9062629143, [1.686534615558223, -44.45438397946122]
23, 4, 0.9061884787, [1.6903173285563435, -44.675579425452625]
23, 5, 0.9052011991, [1.686534615558223, -44.85002934003014]
23, 6, 0.2760459102, [-0.7578503689791565, -44.905320751161284]
23, 7, 0.261019121, [-0.11459484347688109, -47.68019944225817]
23, 8, 0.2373533984, [-2.959430036205092, -49.43397079447317]
23, 9, 0, [6.319619814177515, -50.57447957982418]
24, 0, 0.9120877585, [1.686534615558223, -47.6375563305078]
24, 1, 0.9092503983, [1.6806828046025124, -50.631316562483995]
24, 2, 0.9043360548, [1.6822743777323168, -53.300727918083446]
24, 3, 0.8223758444, [1.0833750365147612, -46.43824257166138]
24, 4, 0.8029523489, [2.5596934837764667, -51.71858352572412]
24, 5, 0.757311853, [2.7222396934346413, -46.85182774450398]
24, 6, 0.6145686945, [2.9724894126227404, -53.48741665915392]
24, 7, 0.2541904861, [-1.8789635262823108, -47.6375563305078]
24, 8, 0, [4.404964372641356, -45.97646064569154]
24, 9, 0, [3.3603473536570054, -47.85575801297496]
25, 0, 0.9120877585, [1.686534615558223, -47.6375563305078]
25, 1, 0.9070838293, [1.68440449664527, -51.722974477048446]
25, 2, 0.9004284703, [1.865649519260239, -48.73656495122566]
25, 3, 0.3278899275, [-0.8363712665799676, -38.76675351223136]
25, 4, 0.2729902215, [-4.935979073465896, -46.60842727036072]
25, 5, 0.2612792726, [-1.67619003062924, -46.446318716400846]
25, 6, 0.2598060577, [0.19826153708538352, -53.300727918083446]
25, 7, 0.2004566464, [-6.108652101943759, -53.497561699389934]
25, 8, 0, [3.748360131863423, -46.9065601191679]
25, 9, 0, [5.263672581011046, -56.20264847337317]
26, 0, 0.9120877585, [1.686534615558223, -47.6375563305078]
26, 1, 0.907977248, [1.7760920674092309, -48.18706064086673]
26, 2, 0.9041681363, [1.5115873286971628, -49.90738276092705]
26, 3, 0.9022951545, [1.6854695561017465, -53.72942598844425]
26, 4, 0.7792791837, [1.699534309114176, -32.85340379024469]
26, 5, 0.478956577, [0.4240166150326512, -45.2448639946399]
26, 6, 0.263954346, [-1.346136022771794, -45.67111795664981]
26, 7, 0.2515577662, [-2.7796972773443405, -48.04302523445527]
26, 8, 0, [6.884057916680803, -51.183251140157594]
26, 9, 0, [3.4333597986800735, -48.217568044599915]
27, 0, 0.9120877585, [1.686534615558223, -47.6375563305078]
27, 1, 0.907977248, [1.7760920674092309, -48.18706064086673]
27, 2, 0.9050053712, [1.5985284423994548, -51.73799387236409]
27, 3, 0.7509617268, [0.916711465098539, -47.92863972089006]
27, 4, 0.496004718, [0.6216943735005593, -52.0385523682754]
27, 5, 0.2886191113, [3.2913630676283674, -48.18706064086673]
27, 6, 0.2654861633, [0.035882253875463954, -50.01038738027173]
27, 7, 0.2511151693, [-0.27202342942367363, -47.88687370848507]
27, 8, 0.2430507036, [-3.018505116977433, -48.94597562365117]
27, 9, 0, [8.601273507748335, -48.25332856161291]
28, 0, 0.9120877585, [1.686534615558223, -47.6375563305078]
28, 1, 0.9104780526, [1.642531528978839, -47.89302580162816]
28, 2, 0.9083418657, [1.731313341483727, -48.31082579525816]
28, 3, 0.8238784306, [2.4742105204286933, -49.687775101435946]
28, 4, 0.2561983717, [-2.726032988020898, -47.77253357835558]
28, 5, 0.2128418264, [-2.7872337740659976, -51.470953183729556]
28, 6, 0, [4.158183793402869, -49.687775101435946]
28, 7, 0, [5.733515172686731, -44.679144531686134]
28, 8, 0, [4.224444227153677, -48.23424147624787]
28, 9, 0, [4.930331647912018, -47.76426540909897]
29, 0, 0.9120877585, [1.686534615558223, -47.6375563305078]
29, 1, 0.9109083245, [1.6716041220003413, -49.29931514092094]
29, 2, 0.9095534824, [1.686922435231283, -46.54696646232802]
29, 3, 0.8167736741, [1.0240720891061146, -39.51367587369716]
29, 4, 0.6025553202, [0.6756300987354336, -47.6375563305078]
29, 5, 0.2919693787, [-5.001201808664711, -44.592840036211975]
29, 6, 0.2681215553, [-6.811059126736671, -47.71750229483718]
29, 7, 0.2583253992, [-0.5883374108048514, -46.77620204612896]
29, 8, 0.2525388735, [-2.798069552676573, -48.02908619297702]
29, 9, 0.2495852172, [-0.5197491862313375, -47.705044954431685]
30, 0, 0.9120877585, [1.686534615558223, -47.6375563305078]
30, 1, 0.9116693029, [1.691829101988467, -47.64008665932807]
30, 2, 0.9115334212, [1.6709919915708862, -48.929809499406375]
30, 3, 0.898287, [1.686534615558223, -42.1158683880827]
30, 4, 0.8014476767, [2.3055822548647598, -38.31156689579424]
30, 5, 0.5658108084, [3.0205089539281147, -39.96474583739767]
30, 6, 0.4941102315, [3.116466237562064, -47.60607309210496]
30, 7, 0, [8.353535047529041, -55.573785565889565]
30, 8, 0, [4.7547363680314625, -50.60902479384398]
30, 9, 0, [6.622747920486816, -47.50080611835712]
