0, 0, 0.8493345164, [2.3745955322283314, -43.6517555819035]
0, 1, 0.8387171909, [2.337993794602593, -59.249677343319995]
0, 2, 0.8323895623, [1.5767263688984465, -59.10608341685789]
0, 3, 0.8044795114, [2.6776492495740434, -39.69901537731266]
0, 4, 0.7927420652, [2.933006598372393, -59.80503720965817]
0, 5, 0.7690333612, [0.8715421771424384, -42.32202948372274]
0, 6, 0.7380093346, [3.222628486966959, -57.391835021117515]
0, 7, 0.7379848574, [0.8652329118126117, -44.839341356899126]
0, 8, 0.7100134343, [1.0626026142919174, -53.30367785553532]
0, 9, 0.2804029894, [0.1928758938935227, -54.034870479400546]
1, 0, 0.8614533019, [1.9756609505633889, -50.59482666178129]
1, 1, 0.8493345164, [2.3745955322283314, -43.6517555819035]
1, 2, 0.8401496039, [2.5894277252003675, -45.6237559269404]
1, 3, 0.8323895623, [1.5767263688984465, -59.10608341685789]
1, 4, 0.8221952422, [1.4870065908548062, -59.10608341685789]
1, 5, 0.7534966368, [3.1394083021291896, -58.70627733026646]
1, 6, 0.2900758327, [-2.766056753996141, -45.416942034171505]
1, 7, 0.169340843, [-0.39733271384844215, -55.84653262734642]
1, 8, 0, [5.066765223531249, -48.9511141777228]
1, 9, 0, [8.25155165726845, -51.62784011963809]
2, 0, 0.8762785212, [1.413057751720273, -42.89182414501517]
2, 1, 0.8614533019, [1.9756609505633889, -50.59482666178129]
2, 2, 0.8614533019, [1.9756609505633889, -50.59482666178129]
2, 3, 0.851769778, [2.3399762578019234, -44.36323471001788]
2, 4, 0.8228494257, [1.2481643498509916, -54.229410579995]
2, 5, 0.7944758663, [1.390234938707008, -33.81911831991307]
2, 6, 0.7711028282, [1.1325945225449896, -52.20098561709655]
2, 7, 0.6969552087, [0.6186324747085634, -39.925025807204335]
2, 8, 0.4613805687, [0.29372191707205686, -47.1232911218424]
2, 9, 0.25547987, [-0.7405688458307718, -47.59092589327915]
3, 0, 0.8781830476, [1.694359351141831, -46.74332540339823]
3, 1, 0.8762785212, [1.413057751720273, -42.89182414501517]
3, 2, 0.8682039935, [1.9660636607472664, -45.24936194917539]
3, 3, 0.8564689476, [1.694359351141831, -39.79481136008368]
3, 4, 0.8211120886, [2.3399762578019234, -38.84007739265618]
3, 5, 0.7816102057, [1.0912078288885672, -49.00303721262206]
3, 6, 0.7789506939, [1.028702280769351, -46.74332540339823]
3, 7, 0.6704556864, [0.6278887264453721, -42.89182414501517]
3, 8, 0.2990340164, [-0.14867757819043126, -44.646259079131354]
3, 9, 0.2703745921, [-0.44716505911741344, -45.627913930332404]
4, 0, 0.8781830476, [1.694359351141831, -46.74332540339823]
4, 1, 0.8773346905, [1.5537085514310518, -41.756678071956465]
4, 2, 0.8769035477, [1.4754232725983036, -45.95585309670305]
4, 3, 0.8762746025, [1.747127582203739, -47.6099016443915]
4, 4, 0.8712189678, [1.694359351141831, -49.01323701730383]
4, 5, 0.8652606532, [2.153019959274595, -46.56260395462691]
4, 6, 0.8603096609, [1.5537085514310518, -51.462377281722915]
4, 7, 0.8582049519, [2.153019959274595, -42.31202706467801]
4, 8, 0.74306424, [0.87491812734878, -44.817574774206705]
4, 9, 0.6848877513, [3.3660426647914425, -48.37272704106071]
5, 0, 0.8781830476, [1.694359351141831, -46.74332540339823]
5, 1, 0.877006811, [1.747127582203739, -47.39181857879578]
5, 2, 0.8758390876, [1.747127582203739, -44.38731294268709]
5, 3, 0.8750340557, [1.5145659120146777, -41.13878384662236]
5, 4, 0.857202306, [1.7584614822022138, -53.6199655235113]
5, 5, 0.8497535412, [1.5488558066374725, -38.87998711916266]
5, 6, 0.8385349292, [2.5159475860234535, -42.522361132069605]
5, 7, 0.8002771811, [2.747403114549601, -40.05127872575126]
5, 8, 0.2830852979, [-0.10650628972083731, -47.878281210351034]
5, 9, 0, [4.640476967330075, -47.99533471308734]
6, 0, 0.8786276088, [1.720743466672785, -47.067571991097005]
6, 1, 0.8781830476, [1.694359351141831, -46.74332540339823]
6, 2, 0.8736996861, [1.4070184321936745, -47.126244271842005]
6, 3, 0.8648869664, [1.694359351141831, -51.513332612841744]
6, 4, 0.8545161924, [1.5145659120146777, -39.27740272589683]
6, 5, 0.7508512143, [0.7974164112225183, -41.13878384662236]
6, 6, 0.6903637287, [0.8927637928695004, -49.470766189492906]
6, 7, 0.3110920417, [-4.474282603326595, -43.941054625010295]
6, 8, 0.2504726365, [-4.3776836923350215, -50.016407746671725]
6, 9, 0, [4.780881703037605, -45.022858148876246]
7, 0, 0.8786276088, [1.720743466672785, -47.067571991097005]
7, 1, 0.8781830476, [1.694359351141831, -46.74332540339823]
7, 2, 0.8756529739, [1.410085016711626, -45.39195475732019]
7, 3, 0.8722979386, [1.8217042238329777, -44.93787945831112]
7, 4, 0.8501884759, [2.4073515155278162, -49.290452301969374]
7, 5, 0.7816904382, [3.0365321875891538, -52.01990409801695]
7, 6, 0.7175677653, [3.2540766325716697, -41.10537484518984]
7, 7, 0.666186011, [3.152116988498229, -32.751570106060306]
7, 8, 0.2427350506, [-1.2797825319035092, -49.12086774379973]
7, 9, 0, [5.363828743384208, -46.007876936347195]
8, 0, 0.8793133767, [1.615894620272302, -45.22246946642409]
8, 1, 0.8788668746, [1.5654142416922054, -46.2297633742086]
8, 2, 0.8786276088, [1.720743466672785, -47.067571991097005]
8, 3, 0.8734538386, [1.7712238452528815, -48.21700640807791]
8, 4, 0.8352163365, [2.631261274845926, -46.002725724704064]
8, 5, 0.7604765565, [3.14523015871219, -49.88761525589764]
8, 6, 0.7297477582, [0.746849250954313, -42.376912168302376]
8, 7, 0.2745681088, [-0.6484777061601541, -45.164917107815654]
8, 8, 0, [3.557132782675665, -46.8513678350053]
8, 9, 0, [5.194631948352697, -45.84060243085467]
9, 0, 0.8793133767, [1.615894620272302, -45.22246946642409]
9, 1, 0.8776124752, [1.6234817214271153, -44.89532662778696]
9, 2, 0.8750398686, [1.6683190434725435, -40.839522549768205]
9, 3, 0.8735386178, [1.2814111355239777, -44.62433692611122]
9, 4, 0.8481434488, [2.501497159875087, -46.398754357940796]
9, 5, 0.6483160421, [0.4788204885814962, -39.751224584277956]
9, 6, 0.3576989351, [0.050472440968608145, -47.64228919958745]
9, 7, 0.2963317573, [-4.142370454006413, -45.22246946642409]
9, 8, 0.2646912508, [-1.5739359478587547, -47.067571991097005]
9, 9, 0.2603993015, [-2.3008266336635352, -48.127546331711464]
10, 0, 0.8793133767, [1.615894620272302, -45.22246946642409]
10, 1, 0.8793133767, [1.615894620272302, -45.22246946642409]
10, 2, 0.8776124752, [1.6234817214271153, -44.89532662778696]
10, 3, 0.8776124752, [1.6234817214271153, -44.89532662778696]
10, 4, 0.8718498237, [1.67249528859522, -49.410742738331365]
10, 5, 0.8698171509, [1.869462664064851, -48.430199015350716]
10, 6, 0.8574851626, [2.2920220751256846, -47.22051816453944]
10, 7, 0.8504102074, [1.627657966549792, -55.714066927826984]
10, 8, 0, [5.099392429063818, -44.94811927005869]
10, 9, 0, [3.662809740257664, -45.81061191218244]
11, 0, 0.8793133767, [1.615894620272302, -45.22246946642409]
11, 1, 0.8780904704, [1.615894620272302, -44.16633951489523]
11, 2, 0.8652100253, [2.1295106012712366, -47.40439234469949]
11, 3, 0.743946921, [3.2118717492323037, -45.22246946642409]
11, 4, 0.6495077843, [3.4310257082307647, -50.03243047024643]
11, 5, 0.6311940533, [3.445149988031893, -47.17791416614071]
11, 6, 0.5437167349, [0.3166952816706776, -43.04301968395469]
11, 7, 0.319735442, [-0.5262258462128044, -40.551332582110106]
11, 8, 0.2350454939, [-0.6461250371176674, -49.51282408647908]
11, 9, 0, [6.255451046276604, -43.08854578023303]
12, 0, 0.8793133767, [1.615894620272302, -45.22246946642409]
12, 1, 0.8722553936, [1.8472342055520192, -45.22246946642409]
12, 2, 0.8577041798, [1.3743167915585106, -49.89994170694634]
12, 3, 0.8431161637, [2.3374621238108553, -40.99291070383424]
12, 4, 0.7750492435, [3.032966947729241, -44.16633951489523]
12, 5, 0.4488739413, [0.035249264762479804, -42.063146593789995]
12, 6, 0.3084956415, [-0.7330077039773935, -42.058819350380986]
12, 7, 0, [4.152593211769318, -46.85900165918545]
12, 8, 0, [3.654604166944861, -44.16633951489523]
12, 9, 0, [9.778253746185753, -45.53208474282798]
13, 0, 0.8793133767, [1.615894620272302, -45.22246946642409]
13, 1, 0.8764477282, [1.615894620272302, -42.869410994552354]
13, 2, 0.8481056111, [2.44010057664063, -47.79442382471218]
13, 3, 0.8451581668, [2.44010057664063, -44.69440449065966]
13, 4, 0.8404077073, [2.44010057664063, -43.489768097608035]
13, 5, 0.6474244183, [3.429686441293847, -45.22246946642409]
13, 6, 0.5759110905, [0.5034701553705765, -46.13427955258111]
13, 7, 0.276953637, [-1.0975926238982727, -45.22246946642409]
13, 8, 0, [5.0529086238887615, -51.085920394004205]
13, 9, 0, [3.9001857527458412, -42.52031237994846]
14, 0, 0.8793133767, [1.615894620272302, -45.22246946642409]
14, 1, 0.8755799696, [1.314278598001711, -45.011241253308754]
14, 2, 0.8743172236, [1.615894620272302, -48.31022421365607]
14, 3, 0.8690147755, [1.8555786700348667, -43.60801047291117]
14, 4, 0.8429965948, [2.44010057664063, -43.94944459166904]
14, 5, 0.6021374491, [3.465574872814659, -43.78190774260601]
14, 6, 0.3090919822, [-1.950106569205492, -42.93400840849255]
14, 7, 0.3065084669, [-3.6921217205944235, -44.04594023048822]
14, 8, 0, [7.594948923035448, -48.6073058816282]
14, 9, 0, [4.2778830675998325, -45.22246946642409]
15, 0, 0.8793133767, [1.615894620272302, -45.22246946642409]
15, 1, 0.8788753954, [1.6561041552830855, -45.068881395712275]
15, 2, 0.8778040417, [1.615894620272302, -46.93839537399625]
15, 3, 0.8755606956, [1.4392916727294542, -45.06871965505262]
15, 4, 0.8610394842, [1.4650866091370065, -50.76403943564668]
15, 5, 0.8454382153, [1.2118694879743557, -49.59653742249981]
15, 6, 0.5880187206, [0.5606821664416982, -46.70095523536204]
15, 7, 0.3971210816, [-0.04726394958531266, -38.27637417213586]
15, 8, 0.3287933261, [-0.3921281511083974, -38.25622129043181]
15, 9, 0, [3.6895495488017676, -49.17753560000653]
16, 0, 0.8793133767, [1.615894620272302, -45.22246946642409]
16, 1, 0.874697839, [1.6359993877776937, -48.17147946623415]
16, 2, 0.8743172312, [1.615894620272302, -41.05523880973988]
16, 3, 0.8664112801, [1.6359993877776937, -50.08446703861778]
16, 4, 0.6998222963, [1.0099336385104947, -52.096526376277865]
16, 5, 0.3122019209, [-2.468188073526485, -43.090611479876216]
16, 6, 0.2865713126, [-1.6565358240678165, -44.71177814433832]
16, 7, 0.268051396, [-0.6247662790374264, -45.87124255597024]
16, 8, 0.245253376, [-1.2038990542555812, -48.79465381119622]
16, 9, 0, [5.481393960011996, -43.09521317530134]
17, 0, 0.8793133767, [1.615894620272302, -45.22246946642409]
17, 1, 0.8783084821, [1.6259470040249977, -46.726451249874]
17, 2, 0.864058959, [1.8596236639642676, -50.88013463820673]
17, 3, 0.8137874535, [1.1387213698131424, -48.52002272570187]
17, 4, 0.7740646789, [0.9439550261112006, -44.19248420604303]
17, 5, 0.7679776325, [3.091551614798687, -45.22246946642409]
17, 6, 0.7144671795, [0.8856363259411574, -48.17147946623415]
17, 7, 0.26056818, [-2.384316224295935, -48.17147946623415]
17, 8, 0.2129052125, [-0.6746671898627767, -51.55783775554135]
17, 9, 0, [9.08623180865909, -53.18672182125143]
18, 0, 0.8793133767, [1.615894620272302, -45.22246946642409]
18, 1, 0.8745452381, [1.6259470040249977, -47.83867496280321]
18, 2, 0.8354066628, [2.632901556203251, -45.86536373508745]
18, 3, 0.8342734276, [2.67713396071703, -47.82490973301159]
18, 4, 0.8117012628, [2.87786935964255, -45.90809593319845]
18, 5, 0.6188193203, [0.6279522414112195, -46.34987663034227]
18, 6, 0.5775060721, [0.5567279390597684, -47.34508231275426]
18, 7, 0.2805388554, [-0.23085372931491088, -44.988900124239365]
18, 8, 0.2428061318, [-3.5885460400744744, -50.53025648238437]
18, 9, 0, [3.908847326010125, -45.26358675157141]
19, 0, 0.8793133767, [1.615894620272302, -45.22246946642409]
19, 1, 0.8787996926, [1.6150681626746195, -45.67828893588838]
19, 2, 0.8782121024, [1.622870402713404, -46.50218378967164]
19, 3, 0.8654527838, [2.129424280114124, -48.14292936772587]
19, 4, 0.8530060928, [2.1119615711557644, -54.44060828875861]
19, 5, 0.8521498425, [2.3409398911822312, -51.16623575969831]
19, 6, 0.8235889342, [2.7553854579229005, -53.384771799617894]
19, 7, 0.6438989754, [0.8107654367439041, -49.87623769160702]
19, 8, 0.5531906182, [3.5031502951860762, -37.9369423516134]
19, 9, 0.3333384167, [-0.054859188033995476, -45.22246946642409]
20, 0, 0.8793133767, [1.615894620272302, -45.22246946642409]
20, 1, 0.8791470106, [1.6159284158181453, -45.361906931984265]
20, 2, 0.8784705279, [1.6151019582204629, -45.782056117033015]
20, 3, 0.8742137465, [1.6150681626746195, -48.072212109662566]
20, 4, 0.818010337, [1.1199948935887591, -46.34930134348545]
20, 5, 0.6535360003, [3.3928227892209923, -38.85583657775863]
20, 6, 0.3002804055, [-2.505400036063606, -44.46288585113692]
20, 7, 0.2719792851, [-0.13246192283544356, -48.07729124818073]
20, 8, 0.254466861, [-0.27092578748581264, -47.556413095355175]
20, 9, 0.1394923933, [-1.2588776166303202, -57.97248335347584]
21, 0, 0.8793133767, [1.615894620272302, -45.22246946642409]
21, 1, 0.8786348575, [1.6159115180452237, -45.728648320498934]
21, 2, 0.8784705279, [1.6151019582204629, -45.782056117033015]
21, 3, 0.8782198269, [1.6154982892463825, -46.71705952082341]
21, 4, 0.8405245284, [2.578216264568544, -45.782056117033015]
21, 5, 0.7168537423, [0.8566795583970022, -46.64734078804332]
21, 6, 0.628400658, [0.4555520542250793, -41.074600284233284]
21, 7, 0.6222159893, [3.4547180780910773, -46.29503039201285]
21, 8, 0.3997742861, [0.04242815689785773, -45.156630217888505]
21, 9, 0.2958241653, [-6.295077698711967, -45.85560413773486]
22, 0, 0.8793133767, [1.615894620272302, -45.22246946642409]
22, 1, 0.8791470106, [1.6159030691587628, -45.47555889346151]
22, 2, 0.8780439032, [1.615894620272302, -44.86886835825863]
22, 3, 0.8743172236, [1.6154982892463825, -48.26984058927989]
22, 4, 0.8707018344, [1.615530648605361, -48.949655233183684]
22, 5, 0.8340118602, [1.0962683276581857, -40.76294875556502]
22, 6, 0.5718758976, [3.494045848530188, -39.10931893997733]
22, 7, 0.3055953435, [-3.1869121450985225, -43.63940594752367]
22, 8, 0.2951318552, [-3.7857564739016487, -45.33396033645082]
22, 9, 0.2855899075, [-2.4828813182795098, -45.89354698705975]
23, 0, 0.8793133767, [1.615894620272302, -45.22246946642409]
23, 1, 0.8791470106, [1.615906386366005, -45.41416613241193]
23, 2, 0.8771892414, [1.615894620272302, -42.03929711537751]
23, 3, 0.8771117089, [1.615894620272302, -42.43494247594643]
23, 4, 0.8765551334, [1.6158979374795441, -42.19896167248339]
23, 5, 0.8761124038, [1.6157006792025728, -47.46672669286463]
23, 6, 0.3042645898, [-0.8284903642650776, -42.49023388707757]
23, 7, 0.2820014309, [-0.18523483876280222, -45.26511257817446]
23, 8, 0.2767849645, [-3.025348216723744, -46.93732468164718]
23, 9, 0, [6.248780475585839, -48.26984058927989]
24, 0, 0.8793133767, [1.615894620272302, -45.22246946642409]
24, 1, 0.8768456486, [1.6159028600502685, -44.33905765797701]
24, 2, 0.8744627926, [1.615906386366005, -47.881132438490795]
24, 3, 0.8475899159, [2.494269787306834, -47.93080483193759]
24, 4, 0.831309237, [2.65159969814872, -44.43674088042027]
24, 5, 0.810656713, [2.9018494173368192, -51.07232979507022]
24, 6, 0.7742405232, [1.0126380706939755, -46.53904781603676]
24, 7, 0.7255039855, [3.2896103878362197, -47.956563257350346]
24, 8, 0.2851225641, [-1.949603521568232, -45.22246946642409]
24, 9, 0, [4.3343243773554345, -43.56137378160783]
25, 0, 0.8793133767, [1.615894620272302, -45.22246946642409]
25, 1, 0.8744627926, [1.6159005033191534, -47.805633305210264]
25, 2, 0.843361593, [2.5357768970133145, -48.275302649321915]
25, 3, 0.3823966252, [0.13189354571907175, -47.881132438490795]
25, 4, 0.3387120401, [-0.16624388882689178, -38.30549121032762]
25, 5, 0.3246908757, [-5.004483066792012, -42.69108609852254]
25, 6, 0.2772819954, [-6.175020093310072, -48.07796621979728]
25, 7, 0.2504319413, [-0.2652952798371673, -47.93888097667706]
25, 8, 0, [4.418487509616499, -46.445297817264155]
25, 9, 0, [5.197304589644734, -50.78305299378052]
26, 0, 0.8793133767, [1.615894620272302, -45.22246946642409]
26, 1, 0.8788904384, [1.6235411834447446, -45.65219778994895]
26, 2, 0.8723478079, [1.8123990209106422, -47.71808102405609]
26, 3, 0.8667867323, [2.0758357586428082, -46.748886057873]
26, 4, 0.8660999584, [1.6158975617957276, -50.5632119704833]
26, 5, 0.7546702912, [3.1075422579979746, -43.272749497572036]
26, 6, 0.7099385352, [0.8738970245191126, -47.84338287185053]
26, 7, 0.278375047, [-2.479953586110763, -46.60485065146154]
26, 8, 0.2488305161, [-0.8962556132853327, -48.26963683386044]
26, 9, 0, [6.814485922374784, -48.01703712219665]
27, 0, 0.8793133767, [1.615894620272302, -45.22246946642409]
27, 1, 0.8788904384, [1.6235411834447446, -45.65219778994895]
27, 2, 0.8705280076, [1.9441173897767252, -47.15307303864299]
27, 3, 0.7841121754, [1.031797313562318, -45.62644542041272]
27, 4, 0.7591392548, [3.138812183663881, -45.65219778994895]
27, 5, 0.5066795746, [0.5100989338753557, -49.56357751077466]
27, 6, 0.2966611646, [-0.07571318574973973, -47.53541252277099]
27, 7, 0.2849555565, [-0.15693758095989452, -45.58467940800773]
27, 8, 0.2821202603, [-2.9928379324921037, -46.51644427668864]
27, 9, 0, [8.5450298035551, -45.704021227816305]
28, 0, 0.8793133767, [1.615894620272302, -45.22246946642409]
28, 1, 0.8780498059, [1.6197179018585233, -45.83585093775742]
28, 2, 0.8719402189, [1.7800060050245134, -44.39302195272575]
28, 3, 0.8383013645, [2.6116849964743682, -46.18777125253354]
28, 4, 0.2898296764, [-2.7038100614319687, -45.41389299607505]
28, 5, 0.255266882, [-2.898829213691201, -48.995978326228816]
28, 6, 0, [4.295658269448543, -46.18777125253354]
28, 7, 0, [5.66287517740081, -42.26405766760242]
28, 8, 0, [4.153804231867756, -45.819154612164155]
28, 9, 0, [5.067806123957692, -44.26426156019656]
29, 0, 0.879495071, [1.6473955876518454, -46.91245141773882]
29, 1, 0.8793133767, [1.615894620272302, -45.22246946642409]
29, 2, 0.876664077, [1.6998619534415185, -43.55947710912645]
29, 3, 0.7942102502, [0.9534320938201934, -37.09858900961345]
29, 4, 0.6266721922, [0.6049901034495124, -45.22246946642409]
29, 5, 0.3274019471, [-5.068406342037471, -42.32676517552623]
29, 6, 0.2994870278, [-6.835267661085167, -45.330638571655065]
29, 7, 0.2925562386, [-2.7851300344663374, -45.041596839775444]
29, 8, 0.2817444656, [-0.6125459451533473, -44.38933832294684]
29, 9, 0.2722734316, [-0.5439577205798334, -45.31818123124957]
30, 0, 0.879495071, [1.6473955876518454, -46.91245141773882]
30, 1, 0.8787136387, [1.6585661121682642, -46.9150247214038]
30, 2, 0.8780439032, [1.6146031223981334, -44.86219829007805]
30, 3, 0.8762942856, [1.6473955876518454, -41.39076347531373]
30, 4, 0.8031470303, [2.2349422595788386, -35.89648003171053]
30, 5, 0.774205265, [3.0773272096556865, -46.88096817933598]
30, 6, 0.751600302, [2.9498689586421936, -37.54965897331396]
30, 7, 0.680314742, [3.368188067620265, -44.57944657594918]
30, 8, 0, [8.306110782711832, -53.172810272256655]
30, 9, 0, [4.707312103214254, -48.20804950021107]
