0, 0, 0.8467617447, [0.1928758938935227, -54.034870479400546]
0, 1, 0.8101119815, [0.8652329118126117, -44.839341356899126]
0, 2, 0.7976302983, [0.8715421771424384, -42.32202948372274]
0, 3, 0.7748676904, [1.0626026142919174, -53.30367785553532]
0, 4, 0.5529003545, [1.5767263688984465, -59.10608341685789]
0, 5, 0, [2.337993794602593, -59.249677343319995]
0, 6, 0, [2.6776492495740434, -39.69901537731266]
0, 7, 0, [3.222628486966959, -57.391835021117515]
0, 8, 0, [2.3745955322283314, -43.6517555819035]
0, 9, 0, [2.933006598372393, -59.80503720965817]
1, 0, 0.8518779628, [0.5322090355179806, -47.39435714396223]
1, 1, 0.8467617447, [0.1928758938935227, -54.034870479400546]
1, 2, 0.8467617447, [0.1928758938935227, -54.034870479400546]
1, 3, 0.8373869961, [0.6106606059651165, -45.586515484773905]
1, 4, 0.8314744997, [0.10315611584988231, -54.034870479400546]
1, 5, 0.7852571295, [1.0329625084947636, -48.616025971927215]
1, 6, 0.3479603956, [-2.5037785074828682, -45.756281269007175]
1, 7, 0.3298874015, [-4.744823873231391, -45.37970159200501]
1, 8, 0, [3.087998104295998, -48.91387373555631]
1, 9, 0, [6.2727845380332, -51.590599677471594]
2, 0, 0.8518779628, [0.5322090355179806, -47.39435714396223]
2, 1, 0.8518779628, [0.5322090355179806, -47.39435714396223]
2, 2, 0.8190029351, [0.062373253793922195, -54.034870479400546]
2, 3, 0.3926009683, [-0.6777544537715733, -37.15303246623175]
2, 4, 0.3401712683, [-0.644419713062529, -44.63070939425659]
2, 5, 0.3011282142, [-2.6605707190068983, -50.196248410599694]
2, 6, 0.2951040801, [-1.5188638596180517, -50.71461381168139]
2, 7, 0.2668934943, [-0.31085739250041877, -49.00051609927749]
2, 8, 0.2203365056, [-0.6497130593156921, -54.535460259434736]
2, 9, 0.1930482983, [-0.671837523325135, -56.83473309731554]
3, 0, 0.8522724036, [0.2972911446559514, -43.766099768366836]
3, 1, 0.8518779628, [0.5322090355179806, -47.39435714396223]
3, 2, 0.8518779628, [0.5322090355179806, -47.39435714396223]
3, 3, 0.8163663407, [0.8039133451234162, -45.90039368973939]
3, 4, 0.5734340044, [-0.07094248673528314, -49.65406895318606]
3, 5, 0.3787189196, [-0.6777544537715733, -31.629875148870045]
3, 6, 0.3407187886, [-1.6093153747412638, -46.278945670896405]
3, 7, 0.3360587989, [-1.0295262943927237, -49.148792078078415]
3, 8, 0.28830945, [-0.25295998975692024, -47.39435714396223]
3, 9, 0.247392335, [-0.3683659257165284, -50.71461381168139]
4, 0, 0.8748696095, [0.2972911446559514, -46.036011382272434]
4, 1, 0.8746517091, [0.23063327439134873, -48.79152044233638]
4, 2, 0.8606023394, [0.3429150126158864, -50.87625329802399]
4, 3, 0.857500312, [0.10799712175385723, -44.0999839205173]
4, 4, 0.8526921429, [0.414750090086966, -52.225030963680744]
4, 5, 0.8524186048, [0.23063327439134873, -53.04209733228527]
4, 6, 0.8522724036, [0.2972911446559514, -43.766099768366836]
4, 7, 0.8316063383, [0.414750090086966, -42.519331753914294]
4, 8, 0.306461912, [-0.26404033399530574, -45.580228456164534]
4, 9, 0.2796401414, [-0.7351580214247286, -50.975119976917284]
5, 0, 0.8784097781, [0.2867741435036176, -47.11640513247278]
5, 1, 0.8748696095, [0.2972911446559514, -46.036011382272434]
5, 2, 0.8747083326, [0.23063327439134873, -45.98794912275344]
5, 3, 0.8538888932, [0.10799712175385723, -43.88190085492158]
5, 4, 0.8460081064, [0.4201227484318417, -54.87220548613685]
5, 5, 0.835333339, [0.10799712175385723, -40.87739521881289]
5, 6, 0.7072988547, [1.19287230898375, -49.55720350244952]
5, 7, 0.6112197689, [1.4243278375098978, -47.08612109613117]
5, 8, 0.3222299722, [-1.4448450234912094, -49.130521172976586]
5, 9, 0, [2.7229430272404085, -54.547947723956575]
6, 0, 0.8792743305, [0.29203264407978446, -46.576208257372606]
6, 1, 0.8784097781, [0.2867741435036176, -47.11640513247278]
6, 2, 0.8609232447, [0.2867741435036176, -51.88641234191629]
6, 3, 0.8414664702, [0.10799712175385723, -42.02051973419605]
6, 4, 0.7996499361, [-0.000566775444538703, -47.49932400091655]
6, 5, 0.340141512, [-0.6091523790383022, -43.88190085492158]
6, 6, 0.3207603179, [-5.881359602276112, -45.49915299369718]
6, 7, 0.2911151151, [-5.785268899973235, -50.38948747574627]
6, 8, 0.2714427823, [-0.5359470297235002, -48.97940245576851]
6, 9, 0, [3.373804704088088, -46.58095651756313]
7, 0, 0.8792743305, [0.29203264407978446, -46.576208257372606]
7, 1, 0.8784097781, [0.2867741435036176, -47.11640513247278]
7, 2, 0.8594780961, [0.2709567654093825, -44.30243365649814]
7, 3, 0.8460099407, [0.002499809073412518, -45.76503448639474]
7, 4, 0.8055863034, [0.8998149895373291, -44.29836399578433]
7, 5, 0.5785435647, [1.5289956615986666, -47.027815791831905]
7, 6, 0.5151775263, [1.6487186585191966, -46.2291829474376]
7, 7, 0.431905564, [1.8371001674588532, -45.869702677823014]
7, 8, 0.2238542178, [-2.2772630894847277, -56.307682712684155]
7, 9, 0, [3.8130812849606133, -45.37243113453421]
8, 0, 0.8792743305, [0.29203264407978446, -46.576208257372606]
8, 1, 0.8746337254, [0.1472662265765985, -48.38490205525751]
8, 2, 0.8734042784, [0.2814947047445835, -45.439320956935376]
8, 3, 0.8690962156, [0.13672828724139752, -45.09128643005487]
8, 4, 0.7910263693, [1.007303656169643, -46.17062137188367]
8, 5, 0.4821915015, [1.7270821435965829, -49.82847325357271]
8, 6, 0.3510349081, [-0.537070285993309, -41.58646975102915]
8, 7, 0.3499398744, [-2.1276440391910585, -45.03373407144644]
8, 8, 0, [2.138984767560058, -46.792225832680366]
8, 9, 0, [3.581237137153808, -46.44071980943376]
9, 0, 0.879584109, [0.29279519335375614, -46.50578114249856]
9, 1, 0.8792743305, [0.29203264407978446, -46.576208257372606]
9, 2, 0.8327295364, [0.286763674412184, -40.70226642816165]
9, 3, 0.7825964078, [1.0554238460660437, -45.02721904754225]
9, 4, 0.5279119546, [-0.10014423353638169, -44.487080804504664]
9, 5, 0.4101889952, [-0.8450414876110213, -41.104963375226475]
9, 6, 0.3560674211, [-1.4863997190012346, -45.26530369349513]
9, 7, 0.3440916886, [-3.013184709786956, -45.439320956935376]
9, 8, 0.3306797166, [-3.7400753955917367, -46.499295297549835]
9, 9, 0.3280789336, [-1.949473033320259, -47.377182400773094]
10, 0, 0.879584109, [0.29279519335375614, -46.50578114249856]
10, 1, 0.879584109, [0.29279519335375614, -46.50578114249856]
10, 2, 0.8792743305, [0.29203264407978446, -46.576208257372606]
10, 3, 0.8792743305, [0.29203264407978446, -46.576208257372606]
10, 4, 0.852980493, [0.468835345224178, -49.400031544167994]
10, 5, 0.8528676345, [0.2872544376396032, -53.65169176336883]
10, 6, 0.8312013851, [0.29252340730720366, -61.77315370405665]
10, 7, 0.7935935061, [0.9689226482071389, -48.50382984061392]
10, 8, 0.4984108743, [1.7004393300926566, -45.49643097350162]
10, 9, 0, [3.748871401936174, -47.73608955006817]
11, 0, 0.879584109, [0.29279519335375614, -46.50578114249856]
11, 1, 0.8721735459, [0.29279519335375614, -45.4496511909697]
11, 2, 0.8146166041, [0.8064111743526908, -48.687704020773964]
11, 3, 0.3947777299, [-1.0105789704622608, -44.52511633678475]
11, 4, 0.3581981415, [-1.8493252731313503, -41.83464425818458]
11, 5, 0.2945722792, [-2.0164295197897504, -50.60405704872167]
11, 6, 0, [2.180160709106185, -49.82964056225118]
11, 7, 0, [4.932351619358058, -44.3718574563075]
11, 8, 0, [2.122050561113347, -48.461225842215185]
11, 9, 0, [4.218084363741157, -45.991211656615086]
12, 0, 0.879584109, [0.29279519335375614, -46.50578114249856]
12, 1, 0.8533474892, [0.5241347786334736, -46.50578114249856]
12, 2, 0.8521929156, [0.09550771674592698, -51.144674936894425]
12, 3, 0.810167811, [0.8459452821289244, -45.76101943003624]
12, 4, 0.7467482507, [1.1443505038955317, -43.494010332346384]
12, 5, 0.4911320608, [1.7098675208106955, -45.4496511909697]
12, 6, 0.4216038712, [-0.9977699625895747, -39.87900339956126]
12, 7, 0.3716179208, [-1.450206181871887, -43.27805550810435]
12, 8, 0.3543674264, [-2.0561071308959393, -43.34213102645546]
12, 9, 0, [2.331504740026315, -45.4496511909697]
13, 0, 0.879584109, [0.29279519335375614, -46.50578114249856]
13, 1, 0.8581534346, [0.29279519335375614, -44.15272267062683]
13, 2, 0.8115143113, [0.8342426412645026, -44.99989573742248]
13, 3, 0.8114229171, [0.8342426412645026, -48.099915071475]
13, 4, 0.8072380575, [0.8342426412645026, -43.795259344370855]
13, 5, 0.3708799324, [-1.102387780005551, -46.43977079934393]
13, 6, 0.3402996988, [-2.4206920508168186, -46.50578114249856]
13, 7, 0, [3.7298091969702156, -52.36923207007868]
13, 8, 0, [2.5770863258272954, -43.80362405602293]
13, 9, 0, [2.106587014375301, -46.50578114249856]
14, 0, 0.879584109, [0.29279519335375614, -46.50578114249856]
14, 1, 0.8698755269, [0.29279519335375614, -49.593535889730546]
14, 2, 0.8442743722, [0.532479243116321, -44.891322148985644]
14, 3, 0.8126732167, [0.8342426412645026, -47.35495517248439]
14, 4, 0.6374763543, [1.3502962434908605, -46.47277597092125]
14, 5, 0.3830062455, [-0.15020008314562516, -47.35565238175366]
14, 6, 0.3408051857, [-3.4145852503528284, -43.728409869911204]
14, 7, 0.3316756796, [-5.015221147512969, -45.329251906562696]
14, 8, 0, [4.667362098926476, -49.85761238612536]
14, 9, 0, [2.7242550312759106, -51.00086227762665]
15, 0, 0.879584109, [0.29279519335375614, -46.50578114249856]
15, 1, 0.8736873823, [0.3654033174894786, -46.425476305374026]
15, 2, 0.8665691798, [0.1594937850111834, -49.7605587399512]
15, 3, 0.8581764726, [0.3869159697662818, -45.23274097250401]
15, 4, 0.8527103653, [0.29279519335375614, -53.696842591894814]
15, 5, 0.8464834485, [0.07741370955149618, -51.53542701129027]
15, 6, 0.8281988228, [0.5648778322412598, -43.5927765429131]
15, 7, 0.4119416795, [-1.1770126302691901, -39.79171010601272]
15, 8, 0.3967195415, [-1.290171304544163, -40.5470472526318]
15, 9, 0, [2.517258133018517, -52.11033875625466]
16, 0, 0.879584109, [0.29279519335375614, -46.50578114249856]
16, 1, 0.8692641589, [0.26244855125033095, -50.260858604042504]
16, 2, 0.8585114558, [0.26244855125033095, -52.17384617642613]
16, 3, 0.8401752678, [0.29279519335375614, -42.33855048581436]
16, 4, 0.6706523855, [-0.03023613550398993, -54.13265297924872]
16, 5, 0.3392408683, [-2.9796352509863624, -45.995089820412794]
16, 6, 0.3377267264, [-3.775088205882561, -44.41056477274432]
16, 7, 0.3294875841, [-1.8535797015475972, -47.25179124622512]
16, 8, 0.3002731157, [-2.526998481174127, -50.077965487270696]
16, 9, 0, [4.15829453309345, -44.378524851375815]
17, 0, 0.879584109, [0.29279519335375614, -46.50578114249856]
17, 1, 0.8762643995, [0.27762187230204355, -48.412796656815416]
17, 2, 0.8455373015, [0.43909950846099655, -52.98004178027103]
17, 3, 0.4640544118, [1.7684521878801411, -46.50578114249856]
17, 4, 0.3541986766, [-1.9806830080264233, -43.81313820457333]
17, 5, 0.3066401691, [-0.3791444008073451, -45.4757958821175]
17, 6, 0.294466835, [-3.7578670608232976, -50.260858604042504]
17, 7, 0.2862985311, [-0.20960376190981173, -50.206368132643284]
17, 8, 0.2534357079, [-0.4879145105862054, -50.260858604042504]
17, 9, 0, [6.803603994088333, -54.47152976058751]
18, 0, 0.879584109, [0.29279519335375614, -46.50578114249856]
18, 1, 0.8794345552, [0.2100436346339949, -46.979617359189845]
18, 2, 0.8743200558, [0.28126793698544605, -45.98441167677786]
18, 3, 0.8717601477, [0.27762187230204355, -49.525020369744624]
18, 4, 0.6602765875, [1.2927093171039172, -49.71803600751445]
18, 5, 0.5783550395, [1.5295442279195957, -47.594441340139866]
18, 6, 0.3296602313, [-0.5775380337406844, -44.62343517067495]
18, 7, 0.2750062546, [-4.972970683687587, -52.42338275688723]
18, 8, 0, [3.562163021584351, -44.898121798007]
18, 9, 0, [3.4999130287801643, -50.246977829532796]
19, 0, 0.8801724731, [0.2859917668126961, -46.58833726173465]
19, 1, 0.879584109, [0.29279519335375614, -46.50578114249856]
19, 2, 0.8772723629, [0.24565578580972047, -47.77292453676439]
19, 3, 0.8525936617, [0.4571713968778277, -50.79623092873683]
19, 4, 0.8209158071, [0.6900812328213842, -53.20828733491703]
19, 5, 0.804483186, [0.7869886270446816, -55.349265807621094]
19, 6, 0.5760317983, [1.5347534643078575, -39.9014363596166]
19, 7, 0.5181175016, [1.6342731319719068, -48.326566291379024]
19, 8, 0.3535323508, [-1.4173019946001975, -46.26195046220441]
19, 9, 0.3514124369, [-1.3779586149525413, -46.50578114249856]
20, 0, 0.8817572085, [0.2862699728745748, -46.69470195538751]
20, 1, 0.8801724731, [0.2859917668126961, -46.58833726173465]
20, 2, 0.8792743305, [0.2930733994156348, -46.576475551735875]
20, 3, 0.8734883577, [0.29279519335375614, -48.89970431627275]
20, 4, 0.3323121792, [-3.8276730053844696, -45.2903780577471]
20, 5, 0.3263459716, [-0.20609301780147543, -47.44598134444582]
20, 6, 0.3173329152, [-1.4585498342256782, -49.1739712491411]
20, 7, 0.3108349842, [-1.5893803690994006, -49.22626734441783]
20, 8, 0.232948487, [-2.326959653341992, -55.75671508768595]
20, 9, 0, [2.039264054039348, -40.174140848960285]
21, 0, 0.8817572085, [0.2862699728745748, -46.69470195538751]
21, 1, 0.8792743305, [0.2930733994156348, -46.576475551735875]
21, 2, 0.878735284, [0.28613086984363545, -47.07797972985584]
21, 3, 0.8779371745, [0.28939348008322613, -47.7440207890037]
21, 4, 0.8214284528, [0.7629040968711656, -47.39271304379876]
21, 5, 0.6677795338, [1.2561877057637159, -46.576475551735875]
21, 6, 0.4036871805, [-0.8705527549380772, -42.10156155241357]
21, 7, 0.3601608933, [-1.2835206514614375, -46.30649256567531]
21, 8, 0.3111540742, [-9.433879972701305, -45.93935765974088]
21, 9, 0.2778521654, [-0.4692692499622931, -47.79720313583013]
22, 0, 0.8817572085, [0.2862699728745748, -46.69470195538751]
22, 1, 0.8805777281, [0.2896716861451048, -46.63558875356169]
22, 2, 0.879503742, [0.2862699728745748, -46.34110084722205]
22, 3, 0.8708120043, [0.2862004213591051, -49.65391864017301]
22, 4, 0.8697708854, [0.28964850601969505, -49.899604816037986]
22, 5, 0.3541735848, [-0.2333563197395414, -42.23518124452844]
22, 6, 0.330311417, [-4.516314125918759, -45.034626751161106]
22, 7, 0.3261928765, [-5.115371938493495, -46.77106541489978]
22, 8, 0.3234391727, [-3.8118432238504565, -47.15434318936811]
22, 9, 0, [3.715058669878386, -46.644800186746096]
23, 0, 0.8817572085, [0.2862699728745748, -46.69470195538751]
23, 1, 0.879584109, [0.29100726899963664, -46.50397498839364]
23, 2, 0.8758896979, [0.28793605375210496, -48.73878064836129]
23, 3, 0.8548291203, [0.2862699728745748, -43.90717496490985]
23, 4, 0.8515954811, [0.2862699728745748, -43.51152960434093]
23, 5, 0.8514098045, [0.2876055557291066, -43.60097315732834]
23, 6, 0.3518898424, [-2.1581150116628045, -43.96246637604099]
23, 7, 0.3418849781, [-1.5148594861605293, -46.73734506713788]
23, 8, 0.3098577505, [-4.353112842174212, -48.20937863714384]
23, 9, 0, [4.919482607698562, -49.65391864017301]
24, 0, 0.8817572085, [0.2862699728745748, -46.69470195538751]
24, 1, 0.8738675089, [0.29100726899963664, -48.9709412944725]
24, 2, 0.8617901791, [0.2900868212341172, -51.78920032731855]
24, 3, 0.7216651665, [1.171513197644511, -49.771272824277055]
24, 4, 0.649436014, [1.321975050750993, -45.90897336938369]
24, 5, 0.5553885067, [1.572224769939092, -52.54456228403363]
24, 6, 0.3322822641, [-3.2792281689659593, -46.69470195538751]
24, 7, 0.3042769965, [-0.31622181474162103, -45.342287292750335]
24, 8, 0, [3.004699729957707, -45.03360627057125]
24, 9, 0, [1.960750502400623, -46.75980273406392]
25, 0, 0.8817572085, [0.2862699728745748, -46.69470195538751]
25, 1, 0.8677592268, [0.288178397054346, -50.49578349410585]
25, 2, 0.7007246431, [1.2095862784832896, -49.93165288997336]
25, 3, 0.3730020233, [-1.4924345073569167, -39.96184145097905]
25, 4, 0.3181194676, [-6.33220517305682, -45.381236287418126]
25, 5, 0.3021162427, [-1.5880518694994903, -49.779348969016525]
25, 6, 0.2868609358, [-1.193926019412816, -51.78920032731855]
25, 7, 0.2735341091, [-7.50083965844196, -51.986034108625034]
25, 8, 0, [3.092296891086474, -48.1016480579156]
25, 9, 0, [3.8714850245128463, -54.691120882608274]
26, 0, 0.8817572085, [0.2862699728745748, -46.69470195538751]
26, 1, 0.8550171882, [0.2872241849644604, -52.64440330941281]
26, 2, 0.850994339, [0.48544265851322616, -49.89133123882961]
26, 3, 0.8214714765, [0.7479281256789322, -48.31317742268043]
26, 4, 0.7563486546, [0.29543504452204083, -35.316503570705315]
26, 5, 0.3500486197, [-2.3722806929557305, -45.65506643455236]
26, 6, 0.3274357875, [-0.6021280551512853, -45.22881247254245]
26, 7, 0.311264311, [-3.8078612190746393, -48.16914201626897]
26, 8, 0, [5.485812545543517, -50.098228461126155]
26, 9, 0, [2.4072151284961363, -48.20151652250247]
27, 0, 0.8817572085, [0.2862699728745748, -46.69470195538751]
27, 1, 0.8550171882, [0.2872241849644604, -52.64440330941281]
27, 2, 0.8351163937, [0.6166853920960792, -49.02184382843346]
27, 3, 0.4472288474, [1.8024951851835966, -52.64440330941281]
27, 4, 0.3366224102, [-1.4852280858574662, -47.4074207598762]
27, 5, 0.3047439702, [-4.314594011141549, -48.65436241799442]
27, 6, 0.2842171055, [-1.4086840086887453, -51.76763152698462]
27, 7, 0.2824087778, [-0.29649319133525354, -47.449186772281195]
27, 8, 0.2553533654, [-0.82287188906365, -53.79579651498829]
27, 9, 0, [7.216581373823097, -53.361912399622526]
28, 0, 0.8817572085, [0.2862699728745748, -46.69470195538751]
28, 1, 0.8675392143, [0.28674707891951756, -50.06806994197105]
28, 2, 0.8586087125, [0.451477682485327, -46.063523592102705]
28, 3, 0.660601013, [1.2831566739351816, -47.85827289191049]
28, 4, 0.3038738917, [-2.983273449320193, -49.6589881850568]
28, 5, 0.2595319905, [-4.231800036630207, -53.22819733044245]
28, 6, 0, [2.967129946909357, -47.85827289191049]
28, 7, 0, [4.333250530003083, -43.73629015656584]
28, 8, 0, [2.8241795844700297, -47.291387101127576]
28, 9, 0, [3.7392778014185057, -45.93476319957351]
29, 0, 0.8817572085, [0.2862699728745748, -46.69470195538751]
29, 1, 0.8735183885, [0.36911238070242225, -46.51083743092174]
29, 2, 0.8050652659, [0.8428515700088695, -49.77111525671141]
29, 3, 0.3567792165, [-0.3761925535775337, -38.57082149857687]
29, 4, 0.3437012333, [-1.4170899627963232, -47.24800216191943]
29, 5, 0.3344397023, [-0.7246345439482147, -46.69470195538751]
29, 6, 0.3309537316, [-1.3485017382228093, -48.17684507022216]
29, 7, 0.3162691435, [-6.401377164976477, -46.558984179739866]
29, 8, 0.3114820766, [-4.115879607205434, -47.992957161570736]
29, 9, 0.3045091292, [-7.639811678728144, -48.189302410627654]
30, 0, 0.8817572085, [0.2862699728745748, -46.69470195538751]
30, 1, 0.8789584892, [0.31564663094638623, -46.694981922433485]
30, 2, 0.86558031, [0.3657159518781395, -45.657772452268716]
30, 3, 0.8364068866, [0.2862699728745748, -41.17301401296241]
30, 4, 0.740008369, [0.9053176121811117, -37.36871252067395]
30, 5, 0.5249134629, [1.6202443112444662, -39.02189146227738]
30, 6, 0.4898725181, [1.716201594878416, -46.663218716984666]
30, 7, 0, [7.0021568555382565, -53.70811952332983]
30, 8, 0, [3.4033581760406793, -48.74335875128424]
30, 9, 0, [5.344338350830464, -44.710078046583625]
