0, 0, 0.8895273583, [1.0626026142919174, -53.30367785553532]
0, 1, 0.8876224565, [0.8715421771424384, -42.32202948372274]
0, 2, 0.8859310142, [0.8652329118126117, -44.839341356899126]
0, 3, 0.8537977016, [1.5767263688984465, -59.10608341685789]
0, 4, 0.7760809243, [0.1928758938935227, -54.034870479400546]
0, 5, 0.6229522492, [2.337993794602593, -59.249677343319995]
0, 6, 0.6021104234, [2.3745955322283314, -43.6517555819035]
0, 7, 0.4216740152, [2.6776492495740434, -39.69901537731266]
0, 8, 0, [3.222628486966959, -57.391835021117515]
0, 9, 0, [2.933006598372393, -59.80503720965817]
1, 0, 0.8909196126, [1.0626026142919174, -52.51958501793591]
1, 1, 0.8897051238, [1.0455239661643139, -45.220919172841285]
1, 2, 0.8895273583, [1.0626026142919174, -53.30367785553532]
1, 3, 0.8895273583, [1.0626026142919174, -53.30367785553532]
1, 4, 0.8855682046, [0.972882836248277, -53.30367785553532]
1, 5, 0.8755961978, [1.4709805013588744, -46.9917737234064]
1, 6, 0.3953874351, [-4.309960513032195, -45.01410528007239]
1, 7, 0.3837614887, [-2.0657605146187574, -44.13202902048637]
1, 8, 0, [3.4241766132555425, -44.316109174305595]
1, 9, 0, [6.608963046992745, -46.99283511622088]
2, 0, 0.8909196126, [1.0626026142919174, -52.51958501793591]
2, 1, 0.8909196126, [1.0626026142919174, -52.51958501793591]
2, 2, 0.8889699252, [0.9226438254721272, -48.13710228345553]
2, 3, 0.8720351009, [0.6477936166475612, -41.34619802713559]
2, 4, 0.8106104834, [1.00338285085346, -34.884695774627495]
2, 5, 0.8102850135, [0.19347886423490945, -40.55493338079569]
2, 6, 0.7838661916, [0.219536186273518, -54.12574397325117]
2, 7, 0.448722132, [0.02822262626103078, -59.03175072236977]
2, 8, 0.2741393384, [-0.8273430340956878, -48.870252095388594]
2, 9, 0.2682534306, [-1.9605105694207325, -52.39326603565392]
3, 0, 0.8909196126, [1.0626026142919174, -52.51958501793591]
3, 1, 0.8909196126, [1.0626026142919174, -52.51958501793591]
3, 2, 0.8862022048, [0.9926232198820223, -43.37982960738117]
3, 3, 0.8848002368, [1.3343069238973528, -51.02562156371307]
3, 4, 0.8462679061, [0.45945109203865364, -54.77929682715974]
3, 5, 0.8436056528, [0.3269661495095425, -50.32834365069572]
3, 6, 0.824194398, [0.27743358901701654, -52.51958501793591]
3, 7, 0.7882765993, [0.6477936166475612, -35.82304070977389]
3, 8, 0.2553633005, [-1.078921795967327, -51.40417354487008]
3, 9, 0.1941232988, [-0.4991327156187868, -54.27401995205209]
4, 0, 0.8915572801, [1.0626026142919174, -49.45868831568567]
4, 1, 0.8909196126, [1.0626026142919174, -52.51958501793591]
4, 2, 0.8878405969, [1.0626026142919174, -54.78949663184151]
4, 3, 0.88759255, [0.9362346619927412, -49.757462781319816]
4, 4, 0.8832386452, [1.0062140564026363, -55.74920618996327]
4, 5, 0.8797790372, [1.0626026142919174, -59.16438752545212]
4, 6, 0.8765452836, [0.726037155960338, -53.59744750098158]
4, 7, 0.874900313, [0.726037155960338, -49.346870611032685]
4, 8, 0.8477043732, [0.38381219020964563, -52.51958501793591]
4, 9, 0.2138111803, [-0.08730549721977732, -57.91447653868866]
5, 0, 0.8937216986, [1.0626026142919174, -50.93705908718131]
5, 1, 0.8920184277, [1.0626026142919174, -49.40077967204696]
5, 2, 0.8915572801, [1.0626026142919174, -49.45868831568567]
5, 3, 0.8882546671, [0.9362346619927412, -49.539379715724095]
5, 4, 0.8870917673, [0.9362346619927412, -46.534874079615406]
5, 5, 0.8820105646, [1.0985104664076597, -58.34563156598473]
5, 6, 0.7609076984, [2.024841648884319, -53.28526807804905]
5, 7, 0.6600811186, [2.2562971774104668, -50.814185671730705]
5, 8, 0.2218085544, [-0.7664573055153914, -52.60394725282447]
5, 9, 0, [3.554912367140977, -60.35500389081741]
6, 0, 0.8937216986, [1.0626026142919174, -50.93705908718131]
6, 1, 0.8916603437, [1.0626026142919174, -50.16891937961414]
6, 2, 0.8896579937, [0.9362346619927412, -47.67799859499856]
6, 3, 0.8859008775, [1.0626026142919174, -55.707066296624824]
6, 4, 0.8818470588, [0.7752616953437611, -51.319977955625085]
6, 5, 0.8096511297, [0.21908516120058175, -49.539379715724095]
6, 6, 0.8031417988, [0.23462294048863275, -52.57211357801004]
6, 7, 0.3442153064, [-5.07932659676252, -50.2382194014527]
6, 8, 0.2735469522, [-5.009440429184934, -54.210141430454804]
6, 9, 0, [4.17583770960168, -51.32002292531865]
7, 0, 0.8937216986, [1.0626026142919174, -50.93705908718131]
7, 1, 0.8916603437, [1.0626026142919174, -50.16891937961414]
7, 2, 0.8898001503, [1.1361737470725626, -53.05603391506679]
7, 3, 0.8765627205, [0.7783282798617124, -48.8175487335361]
7, 4, 0.8314340117, [1.7624027209124256, -53.32206269190307]
7, 5, 0.5951827639, [2.391583392973763, -56.05151448795065]
7, 6, 0.5782366845, [2.4238331303019667, -50.46327596326356]
7, 7, 0.4826585319, [2.6069561386654563, -50.64399256874915]
7, 8, 0.283998859, [-1.681792101528252, -50.83862920311494]
7, 9, 0, [4.678298266623793, -54.12603139310286]
8, 0, 0.8937216986, [1.0626026142919174, -50.93705908718131]
8, 1, 0.8905244789, [0.9572510134671375, -50.99434368290988]
8, 2, 0.8903756354, [1.09938818068224, -51.99654650112405]
8, 3, 0.8875176763, [0.9204654470768149, -52.09158459373255]
8, 4, 0.8393201526, [0.28082318994434763, -48.143695295217825]
8, 5, 0.8265277295, [1.7805028766698594, -49.877303910358705]
8, 6, 0.5457399573, [2.500281364096799, -53.535155792047746]
8, 7, 0.2731528499, [-1.3071213129653185, -50.936791324301446]
8, 8, 0, [2.9121839880602742, -50.4989083711554]
8, 9, 0, [4.357065607942108, -49.49323405657512]
9, 0, 0.8937216986, [1.0626026142919174, -50.93705908718131]
9, 1, 0.8923965439, [1.0652645015975195, -50.894688087455116]
9, 2, 0.8912604859, [1.0809953974870787, -46.16130461516035]
9, 3, 0.8731980996, [0.6940874895385131, -49.94611899150336]
9, 4, 0.8064088785, [1.8752166600353308, -51.61250070687878]
9, 5, 0.4831113801, [-0.07447151739888835, -45.46581420503518]
9, 6, 0.326961504, [-4.6956624599867975, -50.93705908718131]
9, 7, 0.2776355319, [-2.1952912338492996, -51.99654650112405]
9, 8, 0.2728904175, [-2.92218191965408, -53.05652084173851]
9, 9, 0.2234551554, [-0.6855844011146977, -52.0440655474283]
10, 0, 0.8937216986, [1.0626026142919174, -50.93705908718131]
10, 1, 0.8937216986, [1.0626026142919174, -50.93705908718131]
10, 2, 0.8923965439, [1.0652645015975195, -50.894688087455116]
10, 3, 0.8923965439, [1.0652645015975195, -50.894688087455116]
10, 4, 0.8863995207, [1.2681097177782648, -54.16456833199604]
10, 5, 0.8844779906, [1.0824606071436131, -56.36418422520239]
10, 6, 0.8750929592, [1.066729711254054, -63.34508780897403]
10, 7, 0.8363516407, [1.7387300691453, -52.935107785296665]
10, 8, 0, [4.527145908933101, -51.36006798098003]
10, 9, 0, [3.0730234873475935, -51.274779897030044]
11, 0, 0.8937216986, [1.0626026142919174, -50.93705908718131]
11, 1, 0.8904335382, [1.0626026142919174, -49.88092913565245]
11, 2, 0.8593493638, [1.576218595290852, -53.11898196545671]
11, 3, 0.448739733, [2.658579743251919, -50.93705908718131]
11, 4, 0.3277447279, [-1.079517852193189, -46.26592220286733]
11, 5, 0.2623816445, [-0.23905933123431256, -48.899995224167384]
11, 6, 0.2131953563, [-1.258268072633478, -55.084802380292786]
11, 7, 0, [2.9677891078783833, -54.64364473696759]
11, 8, 0, [5.70215904029622, -48.80313540099025]
11, 9, 0, [2.8918579820515085, -52.89250378689793]
12, 0, 0.8937216986, [1.0626026142919174, -50.93705908718131]
12, 1, 0.8854419239, [1.2939421995716347, -50.93705908718131]
12, 2, 0.8761906241, [0.8210247855781261, -55.61453132770357]
12, 3, 0.7997764769, [1.914157924833693, -47.92528827702913]
12, 4, 0.5536244167, [2.479674941748857, -49.88092913565245]
12, 5, 0.3212222369, [-1.286299709957778, -47.77340897113821]
12, 6, 0.3153073814, [-0.2279625416514134, -44.31028134424401]
12, 7, 0.2671089016, [-0.5180427412179047, -47.77773621454722]
12, 8, 0, [3.1013121609644765, -49.88092913565245]
12, 9, 0, [9.224961740205368, -51.24667436358521]
13, 0, 0.8937216986, [1.0626026142919174, -50.93705908718131]
13, 1, 0.892759002, [1.0626026142919174, -48.58400061530958]
13, 2, 0.8042691587, [1.8868085706602458, -50.40899411141688]
13, 3, 0.8039948929, [1.8868085706602458, -49.20435771836526]
13, 4, 0.803624796, [1.8868085706602458, -53.50901344546941]
13, 5, 0.3911397953, [-0.049821850609807816, -51.848869173338336]
13, 6, 0.2821164401, [-1.6508846298786573, -50.93705908718131]
13, 7, 0, [4.4996166179083765, -56.80051001476143]
13, 8, 0, [3.3468937467654567, -48.23490200070568]
13, 9, 0, [2.8763944353134625, -50.93705908718131]
14, 0, 0.8937216986, [1.0626026142919174, -50.93705908718131]
14, 1, 0.888461073, [1.0626026142919174, -54.024813834413294]
14, 2, 0.8855249969, [1.3022866640544821, -49.32260009366839]
14, 3, 0.8766870024, [0.7609865920213271, -50.12351267754016]
14, 4, 0.8044376026, [1.8868085706602458, -48.459397819374644]
14, 5, 0.6597023426, [2.261482918657813, -51.39296413025983]
14, 6, 0.3460480175, [-4.245413726574808, -49.760529851245444]
14, 7, 0.3052327611, [-2.503398575185876, -50.80092589280185]
14, 8, 0, [5.578548774093427, -54.77780054546394]
14, 9, 0, [3.635441706442863, -58.0733783005173]
15, 0, 0.8937216986, [1.0626026142919174, -50.93705908718131]
15, 1, 0.891230358, [1.1352107384276398, -50.856754250056774]
15, 2, 0.8844900596, [1.3346852531794209, -48.02405448759585]
15, 3, 0.8803960597, [1.0626026142919174, -58.12812053657756]
15, 4, 0.8762583719, [0.7351916556137745, -48.832658697373276]
15, 5, 0.8762258181, [0.8472211304896574, -55.966704955973015]
15, 6, 0.8583756612, [0.5077694708586761, -53.360476464820465]
15, 7, 0.5761372884, [2.4352595938863075, -52.16450542700009]
15, 8, 0.3688102898, [-1.7422135672767407, -44.94738599582681]
15, 9, 0.2998979638, [-0.407205209331029, -44.22298805069547]
16, 0, 0.8937216986, [1.0626026142919174, -50.93705908718131]
16, 1, 0.8927259576, [1.0626026142919174, -46.76982843049711]
16, 2, 0.8903458515, [1.2349479958035303, -51.6082454502062]
16, 3, 0.8887622967, [1.2349479958035303, -53.521233022589826]
16, 4, 0.8633964007, [0.7395712854341713, -58.563930923931466]
16, 5, 0.3481285579, [-3.0052807849444, -48.84184271742707]
16, 6, 0.3057231141, [-2.209827830048201, -50.42636776509554]
16, 7, 0.2497454706, [-1.083772280609436, -51.683069190907865]
16, 8, 0.2340704863, [-1.7571910602359657, -54.50924343195344]
16, 9, 0, [4.928101954031611, -48.80980279605856]
17, 0, 0.8937216986, [1.0626026142919174, -50.93705908718131]
17, 1, 0.8930064815, [1.0626026142919174, -48.882920542384085]
17, 2, 0.8843634722, [1.2842487962322844, -53.66137520606524]
17, 3, 0.8709814189, [0.5753769800800621, -50.67649201821195]
17, 4, 0.8543256179, [0.3906630201308161, -49.90707382680025]
17, 5, 0.84935802, [0.31223955245538104, -46.76982843049711]
17, 6, 0.5222270598, [2.5382596088183025, -50.93705908718131]
17, 7, 0.3722058177, [-2.957712997781711, -46.76982843049711]
17, 8, 0.1973504422, [-0.8645174587428677, -54.9955836110893]
17, 9, 0, [8.474552878859246, -48.81508011582204]
18, 0, 0.8937216986, [1.0626026142919174, -50.93705908718131]
18, 1, 0.8909200201, [1.0626026142919174, -49.99514425531329]
18, 2, 0.7426709564, [2.0745833583465183, -49.80089319172111]
18, 3, 0.728944395, [2.107774331984498, -50.29376466319588]
18, 4, 0.707005337, [0.06963404355448721, -50.28540608697593]
18, 5, 0.6350778335, [2.3145249699094697, -48.064565225708535]
18, 6, 0.4805085922, [-0.0015902587969639503, -51.28061176938792]
18, 7, 0.2881182996, [-4.157905668807006, -52.99911141256866]
18, 8, 0.2714521053, [-0.7891719271716432, -48.924429580873024]
18, 9, 0, [3.3505291281533927, -49.19911620820507]
19, 0, 0.8937216986, [1.0626026142919174, -50.93705908718131]
19, 1, 0.8935725614, [1.0626026142919174, -51.10116818317429]
19, 2, 0.8820220649, [1.0721087009505028, -57.54119160482346]
19, 3, 0.8620870119, [1.5685929863192178, -51.18892874229773]
19, 4, 0.8579145038, [1.5494436390203667, -56.305367207797374]
19, 5, 0.8250323943, [1.7801085973873252, -54.21223513427017]
19, 6, 0.7993672739, [1.8198735382136788, -42.09336215681897]
19, 7, 0.2367518701, [-0.6474945736620361, -50.69322840688716]
19, 8, 0.233371848, [-0.60815119401438, -50.93705908718131]
19, 9, 0.2316434965, [-1.9996924721407763, -54.86689198111864]
20, 0, 0.8937216986, [1.0626026142919174, -50.93705908718131]
20, 1, 0.8935725614, [1.0626026142919174, -51.05064973269093]
20, 2, 0.8934238708, [1.0626026142919174, -51.17908854426836]
20, 3, 0.8893656041, [1.0626026142919174, -53.49509135694847]
20, 4, 0.8710741805, [0.5671161164072158, -51.918035777507015]
20, 5, 0.3298775352, [-3.0578655844463083, -49.88576509842282]
20, 6, 0.253161683, [-0.8289873540224919, -50.30344164959693]
20, 7, 0.2047960125, [-0.6853407000169869, -53.64602568220229]
20, 8, 0.1492015701, [-1.8186258215074909, -59.53827145218449]
20, 9, 0, [2.8407959353493495, -47.232635295713145]
21, 0, 0.8937216986, [1.0626026142919174, -50.93705908718131]
21, 1, 0.8934238708, [1.0626026142919174, -51.17908854426836]
21, 2, 0.8919590654, [1.0626026142919174, -51.43031453123088]
21, 3, 0.890767904, [1.0626026142919174, -52.272870544819696]
21, 4, 0.8296548812, [0.30380078121545884, -52.21607522206489]
21, 5, 0.7608145196, [2.0257169206399985, -51.17908854426836]
21, 6, 0.4178624534, [-0.09734362072938585, -46.63041130822957]
21, 7, 0.3277804081, [-6.848179988065852, -51.48434275509897]
21, 8, 0.2334609402, [-0.5104506202836856, -50.72536465191007]
21, 9, 0, [2.901409174337771, -51.99669660274479]
22, 0, 0.8937216986, [1.0626026142919174, -50.93705908718131]
22, 1, 0.8935725614, [1.0626026142919174, -51.05807381572484]
22, 2, 0.8927562834, [1.0626026142919174, -50.583457979015854]
22, 3, 0.8887829879, [1.0626026142919174, -53.95126460675743]
22, 4, 0.8881446712, [1.0626026142919174, -54.478004775818675]
22, 5, 0.8744100367, [0.5429763216778012, -46.477538376322244]
22, 6, 0.3488163751, [-3.7402365104378856, -49.3265340869196]
22, 7, 0.3239089529, [-4.339037342614368, -51.03533426680303]
22, 8, 0.3003027588, [-3.0353695249403896, -51.52858971085259]
22, 9, 0, [4.487989598025198, -51.06728524890924]
23, 0, 0.8950130469, [1.0626026142919174, -47.88384488756218]
23, 1, 0.8944049015, [1.0626026142919174, -47.75388673613473]
23, 2, 0.8939982474, [1.0626026142919174, -48.14953209670365]
23, 3, 0.8937216986, [1.0626026142919174, -50.96697464899682]
23, 4, 0.8937216986, [1.0626026142919174, -50.93705908718131]
23, 5, 0.8896725479, [1.0626026142919174, -53.098696162735074]
23, 6, 0.320911746, [-1.3817823702454621, -48.204823507834796]
23, 7, 0.2924491426, [-3.5784462816343994, -52.569294151517624]
23, 8, 0.2396903835, [-0.7385268447431868, -50.97970219893168]
23, 9, 0, [5.695884800631374, -53.95126460675743]
24, 0, 0.8950130469, [1.0626026142919174, -47.88384488756218]
24, 1, 0.8916603437, [1.0626026142919174, -50.2208530422136]
24, 2, 0.8906035946, [1.0626026142919174, -52.41092173922694]
24, 3, 0.860703212, [0.45944303524845564, -50.68572026154103]
24, 4, 0.7893488777, [1.9409577754547795, -52.232154535584186]
24, 5, 0.7310087699, [2.0983076921683357, -47.098116301558356]
24, 6, 0.6201242826, [2.3485574113564347, -53.73370521620831]
24, 7, 0.3552717349, [-2.5028955275486164, -47.88384488756218]
24, 8, 0, [3.7810323713750496, -46.222749202745916]
24, 9, 0, [2.7364153523906998, -52.10323570285461]
25, 0, 0.8950130469, [1.0626026142919174, -47.88384488756218]
25, 1, 0.892699553, [1.0626026142919174, -51.40121566614738]
25, 2, 0.8901883824, [1.2417175179939333, -50.983448074692674]
25, 3, 0.3892832786, [-5.557780955819249, -46.286668459459655]
25, 4, 0.3824166001, [-1.4603032678462733, -41.013636635698376]
25, 5, 0.3092746958, [-6.728323865384159, -52.60775552053343]
25, 6, 0.3029996357, [-2.3001220318955458, -50.6937964062805]
25, 7, 0.2119122932, [-0.4214102263550159, -52.41092173922694]
25, 8, 0, [3.1244281305971175, -49.153443242634914]
25, 9, 0, [4.644000817570646, -55.31284229451667]
26, 0, 0.8950130469, [1.0626026142919174, -47.88384488756218]
26, 1, 0.8925211484, [1.1521600661429252, -49.433646481127425]
26, 2, 0.8914274298, [1.0967152453827653, -44.687300613929615]
26, 3, 0.887944989, [1.0626026142919174, -53.691690861520904]
26, 4, 0.88687534, [0.8887203868873335, -50.86994491721003]
26, 5, 0.3516225433, [-4.017741808568111, -49.27019602481343]
26, 6, 0.3470398476, [-3.403629278610646, -49.289611074715964]
26, 7, 0.3328305153, [-2.247589170763666, -48.84394206280352]
26, 8, 0, [6.261190974870974, -51.14551601323425]
26, 9, 0, [2.810492856870244, -49.180130200882886]
27, 0, 0.8951497709, [1.0796589298373414, -49.109085235403704]
27, 1, 0.8950130469, [1.0626026142919174, -47.88384488756218]
27, 2, 0.8925211484, [1.1521600661429252, -49.433646481127425]
27, 3, 0.8676631639, [0.3973094228081874, -45.44174292591853]
27, 4, 0.4421834849, [2.6674310663620613, -49.433646481127425]
27, 5, 0.4395279407, [-0.0022376277657463195, -52.784989566932936]
27, 6, 0.3493075562, [-3.6424371182437385, -49.31289584789453]
27, 7, 0.311202197, [-0.7914254717140252, -45.39997691351354]
27, 8, 0.2344351572, [-0.5880497473908417, -50.75682457892927]
27, 9, 0, [7.977341506482029, -49.620546069062584]
28, 0, 0.8953415558, [1.1159094979901334, -47.476616558457785]
28, 1, 0.8951497709, [1.0796589298373414, -49.109085235403704]
28, 2, 0.8948836, [1.0711307720646293, -48.894982371053835]
28, 3, 0.7876212318, [1.947588489439988, -49.27136585826557]
28, 4, 0.3720024305, [-3.2891718520265147, -47.264849633317766]
28, 5, 0.2997061563, [-3.447416343485095, -52.05510975952523]
28, 6, 0, [3.6315617624141634, -49.27136585826557]
28, 7, 0, [5.12663948696585, -46.15067343658204]
28, 8, 0, [3.617568541432796, -49.70577038114377]
28, 9, 0, [4.403709616923312, -47.34785616592859]
29, 0, 0.8967961288, [1.0753948509509854, -47.44707446711363]
29, 1, 0.8953415558, [1.1159094979901334, -47.476616558457785]
29, 2, 0.8929624104, [1.104722131213488, -48.965003282377026]
29, 3, 0.8428734826, [0.45344697153802493, -39.352736101647146]
29, 4, 0.7608112353, [0.10500498116734391, -47.476616558457785]
29, 5, 0.3941821469, [-5.612729392945009, -45.49294804099758]
29, 6, 0.3828203232, [-7.377941117523525, -47.38319043629327]
29, 7, 0.352546329, [-3.4095971369568705, -48.92919419776263]
29, 8, 0.33293536, [-1.1552194015917046, -46.441890187585045]
29, 9, 0.3131606194, [-1.0866311770181907, -47.37073309588777]
30, 0, 0.8967961288, [1.0753948509509854, -47.44707446711363]
30, 1, 0.8956438389, [1.0897617068183627, -47.44711945029932]
30, 2, 0.891863307, [1.1142484512072421, -46.573058080929066]
30, 3, 0.8894771033, [1.0753948509509854, -41.925386524688534]
30, 4, 0.8069898999, [1.7349571372966703, -38.15062712374423]
30, 5, 0.5556315964, [2.4498838363600246, -39.80380606534766]
30, 6, 0.5456957562, [2.5053264729548266, -47.41559122871079]
30, 7, 0, [7.7701178532203174, -54.56719534296091]
30, 8, 0, [4.17131917372274, -49.60243457091532]
30, 9, 0, [6.076125665913741, -45.67562219025938]
