0, 0, 0.8124399275, [2.3745955322283314, -43.6517555819035]
0, 1, 0.743335504, [2.337993794602593, -59.249677343319995]
0, 2, 0.7247097135, [2.6776492495740434, -39.69901537731266]
0, 3, 0.626520617, [2.933006598372393, -59.80503720965817]
0, 4, 0.4670549728, [0.8715421771424384, -42.32202948372274]
0, 5, 0.4576952114, [1.5767263688984465, -59.10608341685789]
0, 6, 0.4460949143, [0.8652329118126117, -44.839341356899126]
0, 7, 0.424344879, [3.222628486966959, -57.391835021117515]
0, 8, 0.4125502701, [1.0626026142919174, -53.30367785553532]
0, 9, 0.2052378478, [0.1928758938935227, -54.034870479400546]
1, 0, 0.8124399275, [2.3745955322283314, -43.6517555819035]
1, 1, 0.7884834107, [1.6230688546853849, -42.202799695213706]
1, 2, 0.7705326246, [2.5894277252003675, -45.6237559269404]
1, 3, 0.4893413052, [3.1394083021291896, -58.70627733026646]
1, 4, 0.4576952114, [1.5767263688984465, -59.10608341685789]
1, 5, 0.4256653234, [1.4870065908548062, -59.10608341685789]
1, 6, 0.2846304614, [-2.766056753996141, -45.416942034171505]
1, 7, 0, [5.066765223531249, -48.9511141777228]
1, 8, 0, [8.25155165726845, -51.62784011963809]
1, 9, 0, [4.049268568614754, -44.80084961857909]
2, 0, 0.8323127624, [1.9238690825185338, -43.437048443289264]
2, 1, 0.8124399275, [2.3745955322283314, -43.6517555819035]
2, 2, 0.8124399275, [2.3745955322283314, -43.6517555819035]
2, 3, 0.7519466112, [1.5315291042099322, -45.25791453721876]
2, 4, 0.6824761596, [1.4476316406834628, -50.7578750400561]
2, 5, 0.3577150193, [0.24542389889393723, -40.51668199159676]
2, 6, 0.339821164, [0.1475553283330845, -40.762609879593676]
2, 7, 0.3210257166, [-0.23130346687635983, -40.15081758549041]
2, 8, 0.3209503703, [0.11742586913305497, -42.92727763855861]
2, 9, 0.2900401634, [-0.5411015549983005, -44.11939035334025]
3, 0, 0.8323127624, [1.9238690825185338, -43.437048443289264]
3, 1, 0.8321052513, [2.1492323073734325, -43.54440201259638]
3, 2, 0.8005053174, [2.420936616978868, -42.050438558373536]
3, 3, 0.7789682051, [2.1492323073734325, -36.595887969281826]
3, 4, 0.768093162, [1.5315291042099322, -39.73475721985706]
3, 5, 0.7539844444, [1.5460807851201688, -45.80411382182021]
3, 6, 0.7445941918, [1.4835752370009527, -43.54440201259638]
3, 7, 0.5578148108, [1.138700057243633, -43.437048443289264]
3, 8, 0.3321185483, [0.36213375260782965, -45.19148337740545]
3, 9, 0.3170396842, [0.007707897114188178, -42.42899053953055]
4, 0, 0.836606957, [2.0204055509678778, -44.35457476711706]
4, 1, 0.8326105345, [1.9762328605944002, -45.41048217282642]
4, 2, 0.8323127624, [1.9238690825185338, -43.437048443289264]
4, 3, 0.8303865941, [1.9238690825185338, -45.70696005719486]
4, 4, 0.8294240358, [2.036550694945983, -50.13552773545903]
4, 5, 0.8283235112, [1.9762328605944002, -41.159905282877524]
4, 6, 0.8278355319, [2.036550694945983, -40.42982852569258]
4, 7, 0.7604294317, [1.5233380165075436, -42.593172650121495]
4, 8, 0.6999876493, [1.3577602708637113, -43.49072522794282]
4, 9, 0.4161772537, [0.8866425834342884, -48.88561674869557]
5, 0, 0.836606957, [2.0204055509678778, -44.35457476711706]
5, 1, 0.8335469389, [1.9762328605944002, -42.606910853243484]
5, 2, 0.8316843179, [1.9238690825185338, -42.48437135549045]
5, 3, 0.8295299958, [1.9238690825185338, -45.48887699159914]
5, 4, 0.8282553205, [1.950050971556467, -41.706283570350436]
5, 5, 0.8200298665, [2.0925802540173137, -52.98673556444831]
5, 6, 0.6283552471, [2.938471895186802, -46.17616523293956]
5, 7, 0.4618892021, [3.1699274237129496, -43.705082826621215]
5, 8, 0.2909685008, [0.22761248209426244, -47.24505125128805]
5, 9, 0, [4.46854261344346, -42.66575567454883]
6, 0, 0.836606957, [2.0204055509678778, -44.35457476711706]
6, 1, 0.8332290658, [1.998319205781139, -43.480742810180274]
6, 2, 0.8317431903, [2.0204055509678778, -49.12458197656057]
6, 3, 0.8313490535, [1.9238690825185338, -43.62749587087361]
6, 4, 0.800238341, [1.7330646320197216, -44.73749363556083]
6, 5, 0.5943767719, [1.2067195817263743, -45.48887699159914]
6, 6, 0.5611654517, [1.1703395319778545, -45.883937008576176]
6, 7, 0.2910267511, [-4.106607918161644, -44.9217258793581]
6, 8, 0.26603464, [-4.051637492508974, -47.62765711039055]
6, 9, 0, [5.1485563882025565, -46.00352940322405]
7, 0, 0.8381382181, [2.045708449523851, -43.72500654215906]
7, 1, 0.836606957, [2.0204055509678778, -44.35457476711706]
7, 2, 0.8332290658, [1.998319205781139, -43.480742810180274]
7, 3, 0.8022368994, [1.714044871350934, -42.129372164102236]
7, 4, 0.7462507214, [2.671937423363714, -43.99103531899533]
7, 5, 0.3539955961, [3.3011180954250516, -46.72048711504291]
7, 6, 0, [5.587832969075082, -44.79500402019513]
7, 7, 0, [4.350440667851261, -46.6025410841031]
7, 8, 0, [-0.553067867272492, -54.02919834894978]
7, 9, 0, [3.3816360669779275, -43.88079164319931]
8, 0, 0.8381382181, [2.045708449523851, -43.72500654215906]
8, 1, 0.8348318749, [2.022013827652495, -43.60287467616966]
8, 2, 0.8287967025, [1.8561820385660366, -42.86260984574969]
8, 3, 0.8257983892, [1.8798766604373924, -45.14147003650449]
8, 4, 0.7080971246, [2.739914090030437, -42.92718935313064]
8, 5, 0.6392383892, [1.2034488369146024, -39.750023470263436]
8, 6, 0.3022878874, [-0.4081902878664194, -42.805057487141255]
8, 7, 0, [3.4707357500507463, -47.021957213288076]
8, 8, 0, [3.882638374014221, -43.98570979239573]
8, 9, 0, [5.303825372024699, -43.24197346560965]
9, 0, 0.8389058023, [2.059423011970759, -43.75407750593085]
9, 1, 0.8381382181, [2.045708449523851, -43.72500654215906]
9, 2, 0.8028045825, [1.9509452440449437, -37.98831001496204]
9, 3, 0.773972596, [1.5640373360963782, -41.77312439130505]
9, 4, 0.7458853926, [2.643063193060433, -42.5500060150024]
9, 5, 0.5250083288, [0.9086343178330452, -38.25376166001293]
9, 6, 0.3159619063, [0.17251813450748954, -44.00203994112709]
9, 7, 0.2993520114, [-1.438497375965503, -42.86260984574969]
9, 8, 0.2966825005, [-3.7125566247548636, -43.72500654215906]
9, 9, 0.2938843459, [-2.1653880617702836, -43.92258418636415]
10, 0, 0.8389058023, [2.059423011970759, -43.75407750593085]
10, 1, 0.8389058023, [2.059423011970759, -43.75407750593085]
10, 2, 0.8381382181, [2.045708449523851, -43.72500654215906]
10, 3, 0.8381382181, [2.045708449523851, -43.72500654215906]
10, 4, 0.8377005434, [2.1761531454162175, -46.60250461158172]
10, 5, 0.8186523711, [1.9597716939004797, -50.60723889178144]
10, 6, 0.7160380955, [2.7355504668241415, -45.752126204046206]
10, 7, 0.6680600591, [2.054534899379387, -58.59145553045533]
10, 8, 0, [5.54568343793952, -44.80131731546796]
10, 9, 0, [3.9553569526995656, -43.15204176046663]
11, 0, 0.8389058023, [2.059423011970759, -43.75407750593085]
11, 1, 0.8372758985, [2.059423011970759, -42.69794755440199]
11, 2, 0.7736812307, [2.5730389929696935, -45.93600038420625]
11, 3, 0.4436033419, [0.7495728415682739, -41.72366366089412]
11, 4, 0.3316675553, [-0.08269745451434751, -39.08294062161687]
11, 5, 0.2543162295, [-0.226361104785874, -47.84555161601479]
11, 6, 0, [3.9109191056850987, -47.025311833525734]
11, 7, 0, [6.69897943797506, -41.62015381973979]
11, 8, 0, [3.88867837973035, -45.709522205647474]
11, 9, 0, [5.978236175771692, -43.189758980724456]
12, 0, 0.8389058023, [2.059423011970759, -43.75407750593085]
12, 1, 0.8186945924, [2.290762597250476, -43.75407750593085]
12, 2, 0.8148763438, [1.8611552834648872, -48.40755573904895]
12, 3, 0.7600671187, [2.6096904229301194, -42.98542616496931]
12, 4, 0.6226357326, [2.9109783225125345, -40.74230669577867]
12, 5, 0.4977844001, [0.7688578560274281, -37.12729976299355]
12, 6, 0.3701363655, [0.32001496551577624, -40.55221128236034]
12, 7, 0.3194153636, [-0.28947931227893653, -40.59042738988775]
12, 8, 0, [3.4764953394276983, -42.69794755440199]
12, 9, 0, [4.098132558643318, -42.69794755440199]
13, 0, 0.8389058023, [2.059423011970759, -43.75407750593085]
13, 1, 0.8319477854, [2.059423011970759, -41.40101903405912]
13, 2, 0.7673784945, [2.6008704598815053, -45.34821143490729]
13, 3, 0.7581816409, [2.6008704598815053, -42.248192100854766]
13, 4, 0.7486700955, [2.6008704598815053, -41.043555707803144]
13, 5, 0.4089298785, [0.6642400386114518, -43.68806716277622]
13, 6, 0.2929698016, [-0.6540642321998158, -43.75407750593085]
13, 7, 0, [5.496437015587219, -49.61752843351097]
13, 8, 0, [4.343714144444299, -41.05192041945522]
13, 9, 0, [3.873214832992304, -43.75407750593085]
14, 0, 0.8438589747, [2.059423011970759, -46.841832253162835]
14, 1, 0.8389058023, [2.059423011970759, -43.75407750593085]
14, 2, 0.81450587, [2.2991070617333236, -42.13961851241793]
14, 3, 0.7827867369, [1.6164277354713774, -43.05393907815969]
14, 4, 0.7526765389, [2.6008704598815053, -41.50323220186415]
14, 5, 0.5047100208, [3.1169240621078633, -43.721072334353536]
14, 6, 0.3175338303, [-1.6479574317358257, -40.97670623334349]
14, 7, 0.3094770903, [-3.2485933288959665, -42.577548269994985]
14, 8, 0, [6.433989917543478, -47.10590874955765]
14, 9, 0, [4.490882849892913, -48.24915864105894]
15, 0, 0.8438589747, [2.059423011970759, -46.841832253162835]
15, 1, 0.8378995843, [2.132031136106481, -46.607939345326486]
15, 2, 0.8313917063, [2.059423011970759, -50.9451389553271]
15, 3, 0.8221946181, [1.844041528168499, -45.69596862749057]
15, 4, 0.8014295625, [2.3315056508582623, -40.687484835633576]
15, 5, 0.7955667143, [1.6613224261782205, -41.70638110705781]
15, 6, 0.7178413268, [1.433900241423122, -46.234198874505]
15, 7, 0.4266926053, [0.5896151883478125, -40.127761216676994]
15, 8, 0.3469976824, [-0.01576484813222412, -37.02068738718559]
15, 9, 0, [4.28388595163552, -49.35863511968695]
16, 0, 0.8438589747, [2.059423011970759, -46.841832253162835]
16, 1, 0.8372758985, [2.059423011970759, -42.67460159647863]
16, 2, 0.8354918398, [2.09572707403862, -50.94438023170669]
16, 3, 0.8205453215, [2.09572707403862, -52.857367804090316]
16, 4, 0.7337079002, [1.4623477250084103, -44.31930038781849]
16, 5, 0.28792825, [-2.0084603872655586, -44.66982184805269]
16, 6, 0.2708063337, [-1.2130074323693596, -46.331140931077066]
16, 7, 0.2572762431, [-0.1782767390449187, -47.60353566969161]
16, 8, 0.227907953, [-0.7603706625571243, -50.41401659793497]
16, 9, 0, [5.924922351710452, -44.71457596204009]
17, 0, 0.8438589747, [2.059423011970759, -46.841832253162835]
17, 1, 0.8395308124, [2.059423011970759, -44.78769370836561]
17, 2, 0.8340483729, [2.281069193911126, -49.41355219033246]
17, 3, 0.7581689193, [1.5721973777589036, -46.58126518419348]
17, 4, 0.7028469067, [1.3874834178096576, -45.811846992781774]
17, 5, 0.6833999348, [1.3090599501342224, -42.67460159647863]
17, 6, 0.3059938792, [-1.9608926001028695, -42.67460159647863]
17, 7, 0, [9.471373276538086, -44.64405113544517]
17, 8, 0, [3.535080006497144, -46.841832253162835]
17, 9, 0, [8.038255459876996, -42.67666380052808]
18, 0, 0.8438589747, [2.059423011970759, -46.841832253162835]
18, 1, 0.8425934327, [2.059423011970759, -45.899917421294816]
18, 2, 0.5535608784, [3.0714037560253598, -45.70566635770263]
18, 3, 0.5178648465, [3.10459472966334, -46.12223973832025]
18, 4, 0.5003235595, [1.0664544412333288, -46.190179252957456]
18, 5, 0.4654008657, [0.9952301388818776, -47.18538493536944]
18, 6, 0.3463257457, [3.311345367588311, -43.96933839169006]
18, 7, 0.3148392365, [0.20764847050719837, -44.82920274685455]
18, 8, 0.2518731646, [-3.1610852711281643, -48.82758648769303]
18, 9, 0, [4.347349525832234, -45.10388937418659]
19, 0, 0.8438589747, [2.059423011970759, -46.841832253162835]
19, 1, 0.8409411898, [2.059423011970759, -47.00594134915581]
19, 2, 0.8103679065, [2.0689290986293445, -53.445964770804984]
19, 3, 0.7841252219, [2.546264036699208, -52.2101403737789]
19, 4, 0.7746488648, [2.5654133839980595, -47.09370190827926]
19, 5, 0.7076518125, [2.7769289950661666, -50.1170083002517]
19, 6, 0.6351858199, [2.8166939358925203, -37.99813532280049]
19, 7, 0.4715677819, [1.0267256777003217, -47.52848944721567]
19, 8, 0.319590318, [0.38866920366446145, -46.841832253162835]
19, 9, 0.3141939361, [0.34932582401680534, -46.59800157286868]
20, 0, 0.8438589747, [2.059423011970759, -46.841832253162835]
20, 1, 0.8413036243, [2.059423011970759, -46.95542289867245]
20, 2, 0.8412436475, [2.059423011970759, -47.083861710249884]
20, 3, 0.8387706728, [2.059423011970759, -49.399864522929995]
20, 4, 0.7465896817, [1.5639365140860573, -47.82280894348854]
20, 5, 0.2792668844, [-2.061045186767467, -45.79053826440435]
20, 6, 0.2769089841, [0.31147969766185457, -49.55079884818382]
20, 7, 0.235744954, [0.1486836963574989, -51.32465328107809]
20, 8, 0.2286356347, [-0.8026560765297974, -50.32660615266637]
20, 9, 0, [3.837616333028191, -43.13740846169467]
21, 0, 0.8438589747, [2.059423011970759, -46.841832253162835]
21, 1, 0.842808102, [2.059423011970759, -48.17764371080122]
21, 2, 0.8412436475, [2.059423011970759, -47.083861710249884]
21, 3, 0.840808602, [2.059423011970759, -47.3350876972124]
21, 4, 0.637354083, [1.3006211788943003, -48.12084838804641]
21, 5, 0.5782383779, [3.02253731831884, -47.083861710249884]
21, 6, 0.4721923093, [0.8994767769494556, -42.53518447421109]
21, 7, 0.3426418579, [0.48636977739515586, -46.630137817891594]
21, 8, 0.2726448175, [-5.851359590387011, -47.389115921080496]
21, 9, 0, [3.8982295720166125, -47.901469768726315]
22, 0, 0.844875144, [2.059423011970759, -46.48823114499738]
22, 1, 0.8438589747, [2.059423011970759, -46.841832253162835]
22, 2, 0.8416031656, [2.059423011970759, -47.50973798198203]
22, 3, 0.8387706728, [2.059423011970759, -49.39449802880037]
22, 4, 0.8377180261, [2.059423011970759, -49.730424779257696]
22, 5, 0.7680229736, [1.5397967193566426, -42.38231154230377]
22, 6, 0.2870552152, [-2.743416112759044, -45.085583353490115]
22, 7, 0.2720689379, [-3.3422169449355263, -46.890053694316535]
22, 8, 0.2650559885, [-2.038549127261548, -47.132083151403585]
22, 9, 0, [5.48480999570404, -47.51894941516643]
23, 0, 0.844875144, [2.059423011970759, -46.48823114499738]
23, 1, 0.8440417233, [2.059423011970759, -46.79420808970225]
23, 2, 0.8422575101, [2.059423011970759, -48.71219209247554]
23, 3, 0.840461101, [2.059423011970759, -45.075812099669825]
23, 4, 0.8403243121, [2.059423011970759, -44.85359989379579]
23, 5, 0.8399674324, [2.059423011970759, -43.3050587939508]
23, 6, 0.3021525285, [0.2582935529356547, -46.53087425674775]
23, 7, 0.2814659441, [-0.3849619725666207, -45.13110351080097]
23, 8, 0.2571512185, [-2.581625883955558, -48.18279008125809]
23, 9, 0, [6.692705198310216, -49.39449802880037]
24, 0, 0.844875144, [2.059423011970759, -46.48823114499738]
24, 1, 0.8392328791, [2.059423011970759, -49.26117439578112]
24, 2, 0.826725079, [2.059423011970759, -51.97121866165059]
24, 3, 0.7273204012, [1.456263432927297, -45.091094705866496]
24, 4, 0.6294617396, [2.937778173133621, -50.270112815803465]
24, 5, 0.5334998911, [3.095128089847177, -45.70250255899356]
24, 6, 0.3188622837, [3.345377809035276, -52.3380914736435]
24, 7, 0.2688408072, [-1.506075129869775, -46.48823114499738]
24, 8, 0, [4.777852769053891, -44.82713546018112]
24, 9, 0, [3.7332357500695412, -46.50861014718008]
25, 0, 0.844875144, [2.059423011970759, -46.48823114499738]
25, 1, 0.835031374, [2.2385379156727745, -47.488328425573016]
25, 2, 0.8341974098, [2.059423011970759, -50.48355725607681]
25, 3, 0.3420564259, [-0.46348287016743184, -37.51851698657872]
25, 4, 0.2946796369, [0.5754101713238255, -51.97121866165059]
25, 5, 0.2872010277, [-4.5609605581404065, -45.36901004938908]
25, 6, 0.2809693025, [-1.3033016342167043, -45.099170850605965]
25, 7, 0.2142993155, [-5.731503467705318, -52.16805244295708]
25, 8, 0, [4.121248528275959, -45.658323593515256]
25, 9, 0, [5.640821215249488, -54.87313921694032]
26, 0, 0.844875144, [2.059423011970759, -46.48823114499738]
26, 1, 0.8424990853, [2.059423011970759, -48.48589420053709]
26, 2, 0.8341035394, [2.1489804638217667, -51.03744036995133]
26, 3, 0.817648186, [1.885540784566175, -48.66355588761491]
26, 4, 0.6729328792, [2.0724227055267117, -31.54650302946911]
26, 5, 0.4692438502, [0.8875275227526713, -42.50342270607587]
26, 6, 0.299644729, [-0.8826251150517739, -42.929676668085776]
26, 7, 0.2539262419, [-2.4963663327828125, -48.34185879412563]
26, 8, 0, [7.347568824400823, -48.49126552166467]
26, 9, 0, [3.8073132545490855, -46.97374117128777]
27, 0, 0.844875144, [2.059423011970759, -46.48823114499738]
27, 1, 0.8424990853, [2.059423011970759, -48.48589420053709]
27, 2, 0.8271369418, [2.0172606241939706, -49.77008762646156]
27, 3, 0.7002332468, [1.4218522308671089, -47.91900593264698]
27, 4, 0.4002136775, [0.9498040439875912, -51.61330655535537]
27, 5, 0.2850751863, [0.36399192436249583, -49.585141567351705]
27, 6, 0.2844999968, [0.2331173363448964, -47.87723992024199]
27, 7, 0.2579734109, [-2.54031905191041, -47.971292323826475]
27, 8, 0, [3.5746940121898954, -48.48589420053709]
27, 9, 0, [8.98990212096435, -48.72680400696899]
28, 0, 0.844875144, [2.059423011970759, -46.48823114499738]
28, 1, 0.8428800131, [2.059423011970759, -47.885579982338136]
28, 2, 0.839827531, [2.0383418180823645, -46.33441008592168]
28, 3, 0.6627230472, [2.8700208095322193, -48.129159385729466]
28, 4, 0.2649893249, [-2.287018406930345, -47.19305409147883]
28, 5, 0.2238344254, [-2.4591241035789655, -51.04570737080953]
28, 6, 0, [4.553994082506394, -48.129159385729466]
28, 7, 0, [6.1064035690992675, -43.529819346175714]
28, 8, 0, [4.5973326235662135, -47.084916290737446]
28, 9, 0, [5.326141937015543, -46.20564969339249]
29, 0, 0.844875144, [2.059423011970759, -46.48823114499738]
29, 1, 0.8427849378, [2.0775556107518858, -48.43491280472736]
29, 2, 0.8396671245, [2.0488824150265614, -45.55503569801477]
29, 3, 0.7252328241, [1.3969604855186504, -38.36435068818674]
29, 4, 0.4888419045, [1.0485184951479694, -46.48823114499738]
29, 5, 0.2921969102, [-4.628701231925236, -44.37649422010695]
29, 6, 0.2771910494, [-0.18238592205330706, -45.91179970993538]
29, 7, 0.2766471073, [-6.405107637985127, -46.853099958643604]
29, 8, 0.2678418445, [-0.11379769747979318, -46.84064261823811]
29, 9, 0.2669121217, [-2.4361095728812945, -47.037155428663766]
30, 0, 0.844875144, [2.059423011970759, -46.48823114499738]
30, 1, 0.8441333668, [2.0658529935262617, -46.49119532047016]
30, 2, 0.843546339, [2.07681219825611, -48.15863244019053]
30, 3, 0.8295790937, [2.059423011970759, -40.96654320257228]
30, 4, 0.6830055584, [2.678470651277296, -37.16224171028382]
30, 5, 0, [8.74295499011108, -54.566921805037566]
30, 6, 0, [5.144156310613503, -49.60216103299198]
30, 7, 0, [7.02983490436362, -46.63683762881605]
30, 8, 0, [3.7807635773175714, -44.23921711501694]
30, 9, 0, [3.39339735034065, -38.81542065188725]
