0, 0, 0.8718636424, [0.8652329118126117, -44.839341356899126]
0, 1, 0.8686978163, [1.0626026142919174, -53.30367785553532]
0, 2, 0.8593600606, [0.8715421771424384, -42.32202948372274]
0, 3, 0.8539350514, [0.1928758938935227, -54.034870479400546]
0, 4, 0.6827728396, [1.5767263688984465, -59.10608341685789]
0, 5, 0, [2.337993794602593, -59.249677343319995]
0, 6, 0, [2.6776492495740434, -39.69901537731266]
0, 7, 0, [3.222628486966959, -57.391835021117515]
0, 8, 0, [2.3745955322283314, -43.6517555819035]
0, 9, 0, [2.933006598372393, -59.80503720965817]
1, 0, 0.8738966311, [0.972882836248277, -53.30367785553532]
1, 1, 0.8718636424, [0.8652329118126117, -44.839341356899126]
1, 2, 0.8686978163, [1.0626026142919174, -53.30367785553532]
1, 3, 0.8680131943, [1.0626026142919174, -52.51958501793591]
1, 4, 0.8678442371, [1.0455239661643139, -45.220919172841285]
1, 5, 0.7220472261, [1.4678258686939611, -48.250429659994595]
1, 6, 0.3264271295, [-2.068915147283671, -45.390684957074555]
1, 7, 0.3043857482, [-4.309960513032195, -45.01410528007239]
1, 8, 0, [3.4241766132555425, -44.316109174305595]
1, 9, 0, [6.608963046992745, -46.99283511622088]
2, 0, 0.8830817121, [0.822819822416875, -47.89319414514684]
2, 1, 0.8738966311, [0.972882836248277, -53.30367785553532]
2, 2, 0.8738966311, [0.972882836248277, -53.30367785553532]
2, 3, 0.8570783949, [0.3345915951481083, -40.47949158998189]
2, 4, 0.8414805704, [0.1298164082298776, -54.90983681085058]
2, 5, 0.7287228455, [-0.08663619317204496, -39.92944742654484]
2, 6, 0.6900228919, [0.5996095530459453, -32.852318683932225]
2, 7, 0.657536198, [-0.016637262760789362, -59.42379714116947]
2, 8, 0.3442940505, [-0.9623484502933589, -49.07150960621722]
2, 9, 0.268109641, [-2.0053704584425525, -52.785312454453624]
3, 0, 0.8830817121, [0.822819822416875, -47.89319414514684]
3, 1, 0.8802782267, [0.23219425896009627, -50.59843600034108]
3, 2, 0.8747883603, [0.897851329332576, -50.59843600034108]
3, 3, 0.8719215653, [0.2946998070793123, -52.85814780956491]
3, 4, 0.8663386861, [0.897851329332576, -43.64992195702653]
3, 5, 0.8590992338, [0.03765079714197417, -47.89319414514684]
3, 6, 0.8484803684, [1.1695556389380115, -49.10447254611824]
3, 7, 0.7608621172, [0.3345915951481083, -34.95633427262019]
3, 8, 0.3308765792, [-1.2436730809266683, -49.483024527275255]
3, 9, 0.3128893534, [-0.7389155074938292, -49.64762907926303]
4, 0, 0.897494598, [0.5275070406884856, -46.184918370493726]
4, 1, 0.8893324553, [0.76236033277834, -47.74212662074894]
4, 2, 0.8830817121, [0.822819822416875, -47.89319414514684]
4, 3, 0.8799031927, [0.897851329332576, -47.39148637244603]
4, 4, 0.8780111813, [0.822819822416875, -50.16310575905244]
4, 5, 0.8737728527, [0.8373918396940411, -53.59538047785447]
4, 6, 0.8730995544, [0.5275070406884856, -55.89061758026018]
4, 7, 0.8728884909, [0.897851329332576, -51.64206326239493]
4, 8, 0.3899672341, [-0.1512833833937861, -49.245815072743966]
4, 9, 0.2236302298, [-0.6224010708232091, -54.640706593496716]
5, 0, 0.897494598, [0.5275070406884856, -46.184918370493726]
5, 1, 0.8833166052, [0.7925900775976076, -45.10017864524049]
5, 2, 0.8774376183, [0.897851329332576, -47.17340330685031]
5, 3, 0.8766969118, [0.761752787602703, -44.72753996931184]
5, 4, 0.8760498228, [0.7392655626130633, -53.915696377933344]
5, 5, 0.8701635473, [0.897851329332576, -44.16889767074162]
5, 6, 0.6314122537, [1.7245993673707414, -48.50780968086208]
5, 7, 0.5059511841, [1.956054895896889, -46.036727274543736]
5, 8, 0.3561192721, [-1.125702209309988, -48.17401206477308]
5, 9, 0, [3.3290940473674637, -54.89021553767161]
6, 0, 0.897494598, [0.5275070406884856, -46.184918370493726]
6, 1, 0.8934984704, [0.24016612174032936, -46.5678372389375]
6, 2, 0.887979408, [0.5275070406884856, -50.95492557993724]
6, 3, 0.8877983361, [0.6600485591430466, -45.642548507867104]
6, 4, 0.86342736, [0.044603286810543596, -44.72753996931184]
6, 5, 0.8602626281, [0.761752787602703, -42.86615884858631]
6, 6, 0.3850122325, [-0.16793111466023802, -48.045742706263006]
6, 7, 0.3006857999, [-5.434115320759256, -45.456229169902784]
6, 8, 0.287491593, [-5.544536002788367, -49.45800071376722]
6, 9, 0, [3.821048985604945, -46.538032693768734]
7, 0, 0.897494598, [0.5275070406884856, -46.184918370493726]
7, 1, 0.8934984704, [0.24016612174032936, -46.5678372389375]
7, 2, 0.8767725007, [0.5695675152315183, -44.72755602753131]
7, 3, 0.7810907231, [1.2935779065362745, -45.91373343918042]
7, 4, 0.7805942246, [-0.04410821268987569, -45.21646659285946]
7, 5, 0.6314017148, [1.719728235957048, -43.048501601269614]
7, 6, 0.5247559392, [1.9227585785976118, -48.643185235227996]
7, 7, 0.2407998683, [-2.159293923408698, -55.16439057721376]
7, 8, 0, [4.111692034782749, -45.79755350556738]
7, 9, 0, [2.4789600379536374, -48.99448413774764]
8, 0, 0.897494598, [0.5275070406884856, -46.184918370493726]
8, 1, 0.8888777031, [0.548537277960002, -45.45623719901252]
8, 2, 0.8782282661, [0.91054247361238, -48.26360658821092]
8, 3, 0.8756148545, [0.9315727108838964, -45.378197091964296]
8, 4, 0.6047182876, [1.7705799032054246, -46.049325904837076]
8, 5, 0.5841777749, [1.8215153310192895, -49.35854436336564]
8, 6, 0.3584489408, [-1.3327996155485597, -45.32064473335586]
8, 7, 0.3511972513, [-0.2700277127778905, -41.60338599310629]
8, 8, 0, [2.233417954982764, -46.322296942473294]
8, 9, 0, [4.203472175003595, -46.24078533905896]
9, 0, 0.897494598, [0.5275070406884856, -46.184918370493726]
9, 1, 0.8920512893, [0.33211684920186724, -45.703578676702996]
9, 2, 0.89106856, [0.5552243563790276, -45.773104773309605]
9, 3, 0.8556900482, [0.7190247571504329, -41.91876430035998]
9, 4, 0.6347173163, [1.7114263813504107, -47.51011819650772]
9, 5, 0.368741149, [-0.6095670910023201, -40.713673488347595]
9, 6, 0.3600795018, [-0.7744536227460869, -46.82090184008761]
9, 7, 0.3403023553, [-1.2375269370651112, -48.932780547365574]
9, 8, 0.3098842232, [-2.3841369409191597, -48.26360658821092]
9, 9, 0.3011498944, [-3.1110276267239403, -49.32358092882538]
10, 0, 0.8991387213, [0.3528975648239361, -46.92307779563444]
10, 1, 0.897494598, [0.5275070406884856, -46.184918370493726]
10, 2, 0.897494598, [0.5275070406884856, -46.184918370493726]
10, 3, 0.8920512893, [0.33211684920186724, -45.703578676702996]
10, 4, 0.8920512893, [0.33211684920186724, -45.703578676702996]
10, 5, 0.8769847754, [0.5760050720010964, -44.74508378076418]
10, 6, 0.876248677, [0.8422942239298721, -50.93648269797464]
10, 7, 0.823171953, [1.2036344955418685, -48.18296706860908]
10, 8, 0, [3.8939538037971073, -43.32907277805725]
10, 9, 0, [2.7235805612034176, -46.84751828350072]
11, 0, 0.8991387213, [0.3528975648239361, -46.92307779563444]
11, 1, 0.8925403549, [0.44020230275621086, -45.49786813153523]
11, 2, 0.8766890553, [0.8665135458228708, -49.10500067390984]
11, 3, 0.5080186664, [1.9508308991579884, -46.58317292121435]
11, 4, 0.4726434323, [2.0357946607687945, -45.7750264937594]
11, 5, 0.4000208698, [-0.9604856821661294, -44.29744987301788]
11, 6, 0.3263238349, [-1.6126572204225704, -41.17387661175965]
11, 7, 0.3020179728, [-1.7893652247701013, -49.92503307569005]
11, 8, 0, [4.992453990828238, -44.78915410944338]
11, 9, 0, [2.269457670515802, -48.50944278278071]
12, 0, 0.8991387213, [0.3528975648239361, -46.92307779563444]
12, 1, 0.8953043058, [0.5842371501036535, -46.92307779563444]
12, 2, 0.8740409615, [0.2115434017671294, -51.24002322521067]
12, 3, 0.8650571429, [1.0744967634010723, -45.34793142946171]
12, 4, 0.5672628393, [1.85727463021315, -45.49786813153523]
12, 5, 0.381399876, [-1.1878002216323367, -43.409840209306566]
12, 6, 0.3273718054, [-1.9960047594257593, -43.75942767959134]
12, 7, 0, [2.670089121413656, -45.62508979168588]
12, 8, 0, [2.47891184942877, -45.49786813153523]
12, 9, 0, [8.530131823836147, -46.90134109924257]
13, 0, 0.8991387213, [0.3528975648239361, -46.92307779563444]
13, 1, 0.883874103, [0.3528975648239361, -44.57001932376271]
13, 2, 0.8180977629, [1.2207558901584017, -49.31049229763736]
13, 3, 0.8130387082, [1.2207558901584017, -46.210472963584834]
13, 4, 0.812839216, [1.2207558901584017, -45.00583657053321]
13, 5, 0.3372949604, [-0.7158745311116519, -47.65034802550629]
13, 6, 0.3178815919, [-2.3605896793466385, -46.92307779563444]
13, 7, 0, [3.7899115684403957, -52.78652872321456]
13, 8, 0, [2.6371886972974754, -44.22092070915881]
13, 9, 0, [2.166689385845481, -46.92307779563444]
14, 0, 0.8991387213, [0.3528975648239361, -46.92307779563444]
14, 1, 0.8871490955, [0.3528975648239361, -50.010832542866424]
14, 2, 0.8835675241, [0.5925816145865009, -45.30861880212152]
14, 3, 0.8741407762, [0.07310772703641433, -46.619579654376516]
14, 4, 0.8138574857, [1.2207558901584017, -45.46551306459422]
14, 5, 0.6851510471, [1.5736040536729001, -47.286712910570365]
14, 6, 0.3162302307, [-3.191277440170789, -44.542346809560314]
14, 7, 0.299912502, [-4.95511877604279, -45.746548559698574]
14, 8, 0, [4.890669909108515, -50.67154932577448]
14, 9, 0, [2.94756284145795, -51.81479921727576]
15, 0, 0.8991387213, [0.3528975648239361, -46.92307779563444]
15, 1, 0.8983267947, [0.4255056889596585, -46.842772958509904]
15, 2, 0.8724369261, [0.6249802037114397, -44.01007319604898]
15, 3, 0.8710780558, [0.3528975648239361, -54.11413924503069]
15, 4, 0.8628550831, [0.03639969838732754, -45.073701540018014]
15, 5, 0.8624732551, [0.13751608102167612, -51.952723664426145]
15, 6, 0.4131996643, [-1.1169102587990103, -40.2090067591486]
15, 7, 0.3287986411, [-1.5590848565671873, -40.58632796340241]
15, 8, 0.3272976792, [-0.19102248636777086, -49.6015193074652]
15, 9, 0, [2.577360504488697, -52.52763540939054]
16, 0, 0.8991387213, [0.3528975648239361, -46.92307779563444]
16, 1, 0.8974506046, [0.5252429463355491, -47.59426415865933]
16, 2, 0.8922241659, [0.5252429463355491, -49.507251731042956]
16, 3, 0.8677861409, [0.3528975648239361, -42.75584713895024]
16, 4, 0.8095720703, [0.029866235966190008, -54.549949632384596]
16, 5, 0.3196361912, [-1.7934773300774174, -47.669087899360996]
16, 6, 0.3162016951, [-2.9195328795161823, -46.41238647354867]
16, 7, 0.3099617641, [-3.7149858344123814, -44.8278614258802]
16, 8, 0.2914342321, [-2.466896109703947, -50.495262140406574]
16, 9, 0, [4.21839690456363, -44.79582150451169]
17, 0, 0.8991387213, [0.3528975648239361, -46.92307779563444]
17, 1, 0.898177142, [0.4390702555797426, -47.288147760691764]
17, 2, 0.8854456989, [0.6515827269573664, -50.51722600314639]
17, 3, 0.7564950932, [-0.048155378632112666, -49.08171923651963]
17, 4, 0.5777174008, [1.8285545593503212, -46.92307779563444]
17, 5, 0.3342014274, [-1.7465678897224617, -44.229810311040666]
17, 6, 0.3327116063, [-0.2251201155009872, -47.59426415865933]
17, 7, 0.3088028921, [-0.3190420293371652, -45.89309253525338]
17, 8, 0.3071286011, [-3.4950726657380793, -47.59426415865933]
17, 9, 0, [6.092723686760976, -47.66812145913149]
18, 0, 0.8991387213, [0.3528975648239361, -46.92307779563444]
18, 1, 0.8988865385, [0.4390702555797426, -48.40037147362097]
18, 2, 0.7394735658, [1.4079646542564404, -46.99651615510151]
18, 3, 0.716885593, [1.4796751179909517, -47.9243036708903]
18, 4, 0.6399221256, [1.6909926111972946, -46.469792444016214]
18, 5, 0.3438913377, [-1.4557906312617213, -46.120052544253426]
18, 6, 0.3112880236, [-0.5969846605355908, -47.481029050356334]
18, 7, 0.3103251432, [-0.668208962887042, -48.47623473276832]
18, 8, 0.2798254801, [-4.786004882800553, -50.62965042026308]
18, 9, 0, [2.6839104240633147, -46.39473917158547]
19, 0, 0.8991387213, [0.3528975648239361, -46.92307779563444]
19, 1, 0.8978116414, [0.34581286961731145, -47.18046553580804]
19, 2, 0.8753269959, [0.9235174549180915, -48.98935383314178]
19, 3, 0.8726002622, [0.9188265851015673, -54.803873070285675]
19, 4, 0.8646733179, [1.1350330659861987, -52.01266022511422]
19, 5, 0.8413420418, [0.020484806449113435, -50.406202457506666]
19, 6, 0.7514474204, [-0.06427635180907254, -46.24062795866468]
19, 7, 0.6980556859, [1.5494786327268675, -54.2311962650338]
19, 8, 0.3539643695, [-1.3178562434823613, -46.92307779563444]
19, 9, 0.3490140974, [-1.3571996231300174, -46.67924711534029]
20, 0, 0.8991387213, [0.3528975648239361, -46.92307779563444]
20, 1, 0.8981423299, [0.35318727253829885, -47.04493333862442]
20, 2, 0.8980714509, [0.3461025773316742, -47.26665079438247]
20, 3, 0.8899866501, [0.34581286961731145, -49.57438870958222]
20, 4, 0.4150147607, [-0.14613128066407777, -47.95069380805045]
20, 5, 0.314495155, [-1.3985880970882805, -49.67868371274573]
20, 6, 0.3078055913, [-3.774655329120914, -45.965062451056575]
20, 7, 0.2818207215, [-1.1551547350959632, -53.32987361508846]
20, 8, 0.2453778416, [-1.9094373743974797, -54.65705210700492]
20, 9, 0, [2.4116477875991533, -40.94972576409887]
21, 0, 0.8991387213, [0.3528975648239361, -46.92307779563444]
21, 1, 0.8987681522, [0.3495000710778051, -48.30966102410332]
21, 2, 0.8980714509, [0.3461025773316742, -47.26665079438247]
21, 3, 0.8977373597, [0.35304241868111746, -47.42046568842419]
21, 4, 0.7758274958, [1.3092168836797553, -47.26665079438247]
21, 5, 0.3933827567, [-0.8104461639434981, -42.66720178751319]
21, 6, 0.3606943342, [-1.2236980173549792, -46.758022682453515]
21, 7, 0.2914942467, [-7.559511357478309, -47.49781357333744]
21, 8, 0.2814751178, [-0.40944661585583475, -48.24873325260833]
21, 9, 0, [2.1918489787269713, -47.9868477599381]
22, 0, 0.9006482856, [0.3528975648239361, -46.569476687468985]
22, 1, 0.8991387213, [0.3528975648239361, -46.92307779563444]
22, 2, 0.8968058122, [0.3511988179508706, -47.61636940986888]
22, 3, 0.8903718103, [0.3530542456077455, -49.48059074584026]
22, 4, 0.8885262707, [0.3495000710778051, -49.86244209255979]
22, 5, 0.4429070747, [-0.1667287277901801, -42.463557084775374]
22, 6, 0.3067918704, [-3.75196503461099, -47.33510355769702]
22, 7, 0.3028433519, [-4.449929732979239, -45.167543621789825]
22, 8, 0.2962488176, [-5.048837864792706, -46.99153055894899]
22, 9, 0, [3.776585801684152, -47.625580843053285]
23, 0, 0.9006482856, [0.3528975648239361, -46.569476687468985]
23, 1, 0.8994375214, [0.3535645279150088, -46.88116345713845]
23, 2, 0.896165362, [0.35297590521584077, -48.79586122223129]
23, 3, 0.892223316, [0.3511988179508706, -45.18244352755668]
23, 4, 0.8876599338, [0.3518657810419433, -44.96594114664723]
23, 5, 0.8721165347, [0.3528975648239361, -43.386304336422405]
23, 6, 0.3437979848, [-1.448231894211168, -46.61211979921936]
23, 7, 0.3271224176, [-2.093186166586509, -45.23773493868782]
23, 8, 0.29663824, [-4.288072990710476, -48.26645921101384]
23, 9, 0, [4.986336431947203, -49.48059074584026]
24, 0, 0.9006482856, [0.3528975648239361, -46.569476687468985]
24, 1, 0.8924150383, [0.3535645279150088, -49.348129763217315]
24, 2, 0.8812222055, [0.3533881168189065, -52.05705156969443]
24, 3, 0.8088015096, [1.2323319006809368, -50.359231961527755]
24, 4, 0.7442521011, [1.3886026427003544, -45.783748101465164]
24, 5, 0.6622179597, [1.6388523618884534, -52.41933701611511]
24, 6, 0.4781774853, [2.0267103029227185, -46.589855689651685]
24, 7, 0.3234065496, [-0.25026201421952565, -45.1723402483381]
24, 8, 0.3128707667, [-3.2126005770165977, -46.569476687468985]
24, 9, 0, [3.0713273219070683, -44.908381002652725]
25, 0, 0.9006482856, [0.3528975648239361, -46.569476687468985]
25, 1, 0.8874484208, [0.3531428408214213, -50.56709648133453]
25, 2, 0.794181345, [1.2733094259761832, -50.16301982463945]
25, 3, 0.3542587896, [-1.4287113598640233, -40.19320838564515]
25, 4, 0.3060642565, [-1.130624723828027, -52.05705156969443]
25, 5, 0.3015429827, [-1.5272331664630645, -50.367308106267224]
25, 6, 0.3007840811, [-6.267240729289744, -45.452549274646806]
25, 7, 0.264065506, [-7.43753836285717, -52.25388535100092]
25, 8, 0, [3.1560200385793675, -48.33301499258169]
25, 9, 0, [3.9347863200976354, -54.95897212498416]
26, 0, 0.9006482856, [0.3528975648239361, -46.569476687468985]
26, 1, 0.8894069191, [0.5497864541432105, -50.04267119977699]
26, 2, 0.8849889521, [0.8131034954000597, -48.36624825605422]
26, 3, 0.8774083137, [0.35302020282267865, -52.61744716906789]
26, 4, 0.7856836209, [0.3620776021061298, -35.759365049731564]
26, 5, 0.3207148244, [-2.3079368973257464, -45.80640639549975]
26, 6, 0.318139629, [-0.537784259521301, -45.38015243348984]
26, 7, 0.3019669143, [-3.742685849353512, -48.22221284964276]
26, 8, 0, [5.551608563401735, -50.07127232078123]
26, 9, 0, [2.471558924126121, -48.352856483449855]
27, 0, 0.9006482856, [0.3528975648239361, -46.569476687468985]
27, 1, 0.8894069191, [0.5497864541432105, -50.04267119977699]
27, 2, 0.8874241257, [0.5830618491113692, -50.4114372102395]
27, 3, 0.6250743942, [-0.09934897691715616, -46.62403264693424]
27, 4, 0.453030619, [2.065057454362347, -50.04267119977699]
27, 5, 0.3591162944, [-1.2880838714393688, -46.58226663452925]
27, 6, 0.3194701461, [-1.2440890781246896, -50.40415283820746]
27, 7, 0.295714729, [-4.4783376981243705, -48.23048078647598]
27, 8, 0.2554786569, [-0.6582769584995943, -52.432317826211126]
27, 9, 0, [7.248772364069664, -50.46152392638679]
28, 0, 0.9014650564, [0.4679797069676526, -46.69570764904646]
28, 1, 0.9006482856, [0.3528975648239361, -46.569476687468985]
28, 2, 0.8977389188, [0.4513420094835733, -48.70459125319389]
28, 3, 0.7814429231, [1.2996586984175071, -48.490456948854245]
28, 4, 0.3059078164, [-3.900881734395889, -46.58619021985825]
28, 5, 0.2672569266, [-4.067205106066151, -51.864718641665284]
28, 6, 0, [2.9836319713916826, -48.490456948854245]
28, 7, 0, [4.399878121952444, -43.61106488864732]
28, 8, 0, [2.890807176419391, -47.16616183320905]
28, 9, 0, [3.7557798259008313, -46.56694725651727]
29, 0, 0.9014650564, [0.4679797069676526, -46.69570764904646]
29, 1, 0.8982219394, [0.4749022945175605, -48.23521912094161]
29, 2, 0.8963737477, [0.4021197871537547, -46.0820746342163]
29, 3, 0.4201579733, [-0.19448281948445584, -38.57182719223582]
29, 4, 0.3308771522, [-1.7850392382876321, -45.71210602614963]
29, 5, 0.3299616777, [-1.7164510137141182, -46.640948934452354]
29, 6, 0.310270581, [-0.5429248098551369, -46.69570764904646]
29, 7, 0.3055375684, [-1.8571537706211074, -49.43189384733273]
29, 8, 0.3005978003, [-6.28600445674224, -44.12794820810025]
29, 9, 0.2994384489, [-4.082872200754101, -47.564194364865294]
30, 0, 0.9014650564, [0.4704345183711119, -46.69805183414845]
30, 1, 0.9014650564, [0.4679797069676526, -46.69570764904646]
30, 2, 0.8980260705, [0.4746184776113452, -47.82571478497184]
30, 3, 0.8535098174, [0.4679797069676526, -41.174019706621365]
30, 4, 0.7941203482, [1.0870273462741895, -37.369718214332906]
30, 5, 0.583771556, [1.801954045337544, -39.022897155936334]
30, 6, 0.5439180396, [1.8979113289714937, -46.66422441064362]
30, 7, 0, [7.145906679492365, -54.57081321516924]
30, 8, 0, [3.547107999994787, -49.60605244312365]
30, 9, 0, [5.423206417977251, -46.436523954659506]
