0, 0, 0.8566693413, [0.8652329118126117, -44.839341356899126]
0, 1, 0.8541586504, [0.8715421771424384, -42.32202948372274]
0, 2, 0.8376855013, [1.0626026142919174, -53.30367785553532]
0, 3, 0.8128484188, [1.5767263688984465, -59.10608341685789]
0, 4, 0.7103320221, [2.337993794602593, -59.249677343319995]
0, 5, 0.6979556082, [2.3745955322283314, -43.6517555819035]
0, 6, 0.5764580039, [2.6776492495740434, -39.69901537731266]
0, 7, 0.4448893351, [0.1928758938935227, -54.034870479400546]
0, 8, 0, [3.222628486966959, -57.391835021117515]
0, 9, 0, [2.933006598372393, -59.80503720965817]
1, 0, 0.8566693413, [0.8652329118126117, -44.839341356899126]
1, 1, 0.8530059925, [1.0455239661643139, -45.220919172841285]
1, 2, 0.8508229922, [0.8715421771424384, -41.53793664612333]
1, 3, 0.838635986, [0.972882836248277, -53.30367785553532]
1, 4, 0.8376855013, [1.0626026142919174, -53.30367785553532]
1, 5, 0.8275313533, [1.4678258686939611, -48.250429659994595]
1, 6, 0.3114679587, [-4.309960513032195, -45.01410528007239]
1, 7, 0.2936261992, [-2.068915147283671, -45.390684957074555]
1, 8, 0, [3.4241766132555425, -44.316109174305595]
1, 9, 0, [6.608963046992745, -46.99283511622088]
2, 0, 0.8566693413, [0.8652329118126117, -44.839341356899126]
2, 1, 0.8566693413, [0.8652329118126117, -44.839341356899126]
2, 2, 0.8499032424, [0.6006605288369341, -44.680536364107624]
2, 3, 0.8351946148, [0.6447088638359562, -39.18373948375111]
2, 4, 0.5651742046, [0.10660433974821737, -43.36731179050326]
2, 5, 0.5082135165, [0.047701592151729755, -43.46179495557894]
2, 6, 0.4386424867, [0.022166483794212377, -46.445500312214385]
2, 7, 0.3257484556, [-2.154725639235125, -42.67027360042953]
2, 8, 0.2837087675, [-0.9260278853353405, -45.03013026487021]
2, 9, 0.2499301009, [-0.1659924435533615, -49.30875828714538]
3, 0, 0.8566693413, [0.8652329118126117, -44.839341356899126]
3, 1, 0.8566693413, [0.8652329118126117, -44.839341356899126]
3, 2, 0.842900249, [1.1369372214180473, -43.34537790267628]
3, 3, 0.8239619187, [0.7329467203247729, -37.81142481718882]
3, 4, 0.7819552625, [0.6447088638359562, -33.66058216638941]
3, 5, 0.6599447099, [0.262081389559348, -47.09905316612296]
3, 6, 0.5229240801, [0.0800638865377109, -44.839341356899126]
3, 7, 0.5095327915, [0.06728964995229314, -44.759938860503375]
3, 8, 0.3018036965, [-1.2762914984466325, -43.7239298838333]
3, 9, 0.2670988567, [-0.6965024180980924, -46.59377629101531]
4, 0, 0.8585121131, [0.91800114287452, -45.705917597892395]
4, 1, 0.8566693413, [0.8652329118126117, -44.839341356899126]
4, 2, 0.8549497532, [0.8908230426270017, -43.02086431824397]
4, 3, 0.8540387176, [0.8652329118126117, -47.109252970804725]
4, 4, 0.8524583527, [0.6462968332690844, -44.05186905020395]
4, 5, 0.8512127986, [0.8652329118126117, -41.77844465464889]
4, 6, 0.8419069635, [0.8652329118126117, -51.48414386441534]
4, 7, 0.8297577366, [0.8908230426270017, -38.77028742829508]
4, 8, 0.6464605917, [2.5369162254622233, -46.46874299456161]
4, 9, 0.6194962754, [0.18644248773034, -44.839341356899126]
5, 0, 0.8585121131, [0.91800114287452, -45.705917597892395]
5, 1, 0.8552561076, [0.8652329118126117, -46.891169905209004]
5, 2, 0.8541006697, [0.8652329118126117, -42.192408439659324]
5, 3, 0.8537731186, [0.8652329118126117, -43.886664269100315]
5, 4, 0.8463980999, [0.8780279772198067, -41.21262109986415]
5, 5, 0.8448653921, [0.8462511191321852, -50.62057763720844]
5, 6, 0.8025111294, [1.827471946405013, -45.60502441701227]
5, 7, 0.7701767025, [2.058927474931161, -43.13394201069392]
5, 8, 0.2868388705, [-1.018716652790866, -44.87889332404817]
5, 9, 0, [3.3575426646616715, -43.44093344866332]
6, 0, 0.8585121131, [0.91800114287452, -45.705917597892395]
6, 1, 0.8567150082, [0.8916170273435658, -46.298543751550696]
6, 2, 0.8546264014, [0.6306602239263637, -46.08883646633617]
6, 3, 0.8531510257, [0.8652329118126117, -42.02528314837478]
6, 4, 0.8452157376, [0.91800114287452, -50.47592480733591]
6, 5, 0.5958687125, [0.1480834110204523, -43.886664269100315]
6, 6, 0.4328721802, [0.06363735354028122, -48.7017379499466]
6, 7, 0.3164062437, [-5.187128207561284, -44.79629093349635]
6, 8, 0.2686122526, [-5.154041900602333, -48.97899994116589]
6, 9, 0, [4.068036098802916, -45.8780944573623]
7, 0, 0.8585121131, [0.91800114287452, -45.705917597892395]
7, 1, 0.8567150082, [0.8916170273435658, -46.298543751550696]
7, 2, 0.851318258, [0.6073426929133607, -44.94717310547266]
7, 3, 0.8512907242, [1.108858619598289, -45.793115766797186]
7, 4, 0.8114899505, [1.5914171339640741, -43.86560037313359]
7, 5, 0.7410548751, [2.2205978060254115, -46.595052169181166]
7, 6, 0.66898202, [2.423339528349566, -42.05519803045692]
7, 7, 0.6483962479, [2.5275574389342323, -46.26156976597108]
7, 8, 0.2659426937, [-2.04486837257193, -47.98765075493346]
7, 9, 0, [4.6509831391495196, -46.86311324483326]
8, 0, 0.8585121131, [0.91800114287452, -45.705917597892395]
8, 1, 0.8583143706, [0.8581006562558249, -45.427696794743355]
8, 2, 0.856833075, [0.7626719178939403, -45.326545351682526]
8, 3, 0.8485987016, [1.0134298812364044, -47.963797365718634]
8, 4, 0.7987809776, [1.873467310829449, -45.74951668234479]
8, 5, 0.7129899752, [2.342487834913925, -48.98439723337157]
8, 6, 0.5477689533, [2.7543904588774, -45.94814981247922]
8, 7, 0.3862139132, [-0.055893072843952174, -41.4736941457763]
8, 8, 0.2871470634, [-1.4062716701766311, -45.37014443613492]
8, 9, 0, [4.43683798433622, -46.04582975917394]
9, 0, 0.8585121131, [0.91800114287452, -45.705917597892395]
9, 1, 0.8575971406, [0.929241119113505, -45.910076539280105]
9, 2, 0.8356134812, [0.8403365303842301, -40.21073329579512]
9, 3, 0.8185932798, [1.547078486180414, -45.18902949855116]
9, 4, 0.8086323165, [0.4534286224356644, -43.99554767213814]
9, 5, 0.3312713149, [-0.21907298881628579, -40.234672715746264]
9, 6, 0.3026056302, [-4.840263931404195, -45.705917597892395]
9, 7, 0.296317417, [-2.5320074966375996, -45.326545351682526]
9, 8, 0.2876444362, [-3.2588981824423797, -46.386519692296986]
9, 9, 0.2682559273, [-0.8074603154290527, -46.64517135870058]
10, 0, 0.8585121131, [0.91800114287452, -45.705917597892395]
10, 1, 0.8585121131, [0.91800114287452, -45.705917597892395]
10, 2, 0.8575971406, [0.929241119113505, -45.910076539280105]
10, 3, 0.8575971406, [0.929241119113505, -45.910076539280105]
10, 4, 0.8470122392, [1.0627205778996707, -48.80218297310023]
10, 5, 0.8387170127, [0.8486172960081901, -52.739712806080085]
10, 6, 0.8244752106, [0.9375218847374651, -60.686576161041934]
10, 7, 0.8150229335, [1.5941285977279027, -47.70396629600775]
10, 8, 0.7255513051, [2.2898287328390614, -44.85073263501526]
10, 9, 0, [4.426392253673341, -46.963642393274434]
11, 0, 0.8585121131, [0.91800114287452, -45.705917597892395]
11, 1, 0.8561405757, [0.91800114287452, -44.649787646363535]
11, 2, 0.8343830548, [1.4316171238734547, -47.887840476167796]
11, 3, 0.6542665621, [2.513978271834522, -45.705917597892395]
11, 4, 0.5500350795, [2.747256510634111, -47.66136229760902]
11, 5, 0.5342777997, [2.78642456349879, -49.26177815076721]
11, 6, 0.3259845244, [-1.2241193236105863, -41.034780713578414]
11, 7, 0.2931929128, [-0.37937175818501845, -43.79211870543541]
11, 8, 0.2374921878, [-1.3788449485518748, -49.8341796636993]
11, 9, 0, [5.5575575688788215, -43.571993911701334]
12, 0, 0.8585121131, [0.91800114287452, -45.705917597892395]
12, 1, 0.8497087144, [1.1493407281542374, -45.705917597892395]
12, 2, 0.8411213562, [0.6764233141607287, -50.38338983841465]
12, 3, 0.8089368839, [1.645183459240087, -43.020590649988094]
12, 4, 0.7128990748, [2.335073470331459, -44.649787646363535]
12, 5, 0.3154583003, [-1.4309011813751753, -42.542267481849294]
12, 6, 0.3049346096, [-0.6626442126353023, -42.5465947252583]
12, 7, 0, [3.474438826999678, -46.032165301233576]
12, 8, 0, [2.956710689547079, -44.649787646363535]
12, 9, 0, [9.08036026878797, -46.01553287429629]
13, 0, 0.8585121131, [0.91800114287452, -45.705917597892395]
13, 1, 0.8532306297, [0.91800114287452, -43.35285912602066]
13, 2, 0.80388416, [1.7422070992428482, -45.177852622127965]
13, 3, 0.802741945, [1.7422070992428482, -48.27787195618049]
13, 4, 0.8027396112, [1.7422070992428482, -43.97321622907634]
13, 5, 0.5563121867, [2.731792963896065, -45.705917597892395]
13, 6, 0.2863011625, [-1.7954861012960546, -45.705917597892395]
13, 7, 0.2743170627, [-0.19442332202720536, -46.61772768404942]
13, 8, 0, [4.355015146490979, -51.56936852547251]
13, 9, 0, [3.2022922753480594, -43.003760511416765]
14, 0, 0.8585121131, [0.91800114287452, -45.705917597892395]
14, 1, 0.8507726978, [0.6163851206039296, -47.04469905180332]
14, 2, 0.8484880083, [0.91800114287452, -48.79367234512438]
14, 3, 0.8443707315, [1.1576851926370848, -44.091458604379476]
14, 4, 0.8036650311, [1.7422070992428482, -47.532912057189876]
14, 5, 0.5446583011, [2.7676813954168775, -45.815365541100576]
14, 6, 0.3213151119, [-2.648000046603274, -43.41745653996086]
14, 7, 0.3170442544, [-4.390015197992206, -44.52938836195653]
14, 8, 0, [6.897055445637665, -49.09075401309651]
14, 9, 0, [3.5799895902020507, -45.705917597892395]
15, 0, 0.859039106, [0.9582106778853036, -45.55232952718058]
15, 1, 0.8585121131, [0.91800114287452, -45.705917597892395]
15, 2, 0.8565378816, [0.7413981953316724, -45.552167786520926]
15, 3, 0.8516253719, [0.91800114287452, -47.42184350546456]
15, 4, 0.8381550675, [0.7671931317392248, -52.02249240062812]
15, 5, 0.8086613201, [0.5139760105765739, -50.079985553968115]
15, 6, 0.3372714933, [-1.0900216285061786, -38.83851890148344]
15, 7, 0.3358693537, [-0.7451574269830945, -38.75982230360417]
15, 8, 0.2620730534, [-0.13721131095608252, -48.83326251343993]
15, 9, 0, [2.9916560714039857, -50.435988564987966]
16, 0, 0.859039106, [0.9582106778853036, -45.55232952718058]
16, 1, 0.8522690226, [0.8296996691030962, -47.79688377358655]
16, 2, 0.8497383887, [0.9582106778853036, -41.38509887049638]
16, 3, 0.844345941, [0.8296996691030962, -49.70987134597018]
16, 4, 0.5869505144, [0.2919430286329405, -52.602755088238695]
16, 5, 0.5037401197, [2.853492494017062, -45.62912356253649]
16, 6, 0.3234172858, [-3.166081550924267, -43.57405961134452]
16, 7, 0.2988075147, [-2.3142197664548148, -45.04163820509481]
16, 8, 0.2756059991, [-1.3025473539041972, -46.22388319721926]
16, 9, 0.2512066845, [-1.8615829966425794, -49.124513871952715]
17, 0, 0.859039106, [0.9582106778853036, -45.55232952718058]
17, 1, 0.8564468204, [0.8939551734942, -46.704083433928446]
17, 2, 0.7656542417, [0.4067295392823447, -48.497654909756314]
17, 3, 0.7121871875, [0.2862710837242023, -44.52234426679952]
17, 4, 0.6734113995, [2.4338676724116888, -45.55232952718058]
17, 5, 0.4694369675, [0.07933660726655989, -47.79688377358655]
17, 6, 0.2750983458, [-3.190615942970532, -47.79688377358655]
17, 7, 0.2228799634, [-1.4809669085373742, -51.18324206289375]
17, 8, 0, [4.987555429614314, -50.54316529944812]
17, 9, 0, [6.086183288090991, -49.936644707184946]
18, 0, 0.859039106, [0.9582106778853036, -45.55232952718058]
18, 1, 0.8524618374, [0.8939551734942, -47.81630714685765]
18, 2, 0.8174914811, [1.5846909831106695, -46.6224859608136]
18, 3, 0.7946250308, [1.8778344419652817, -44.03145453601453]
18, 4, 0.7622746017, [2.1458775291117522, -45.885728117252896]
18, 5, 0.3111015247, [-0.1271148728267496, -44.51596743126935]
18, 6, 0.299936108, [-0.98592084355288, -43.154990925166445]
18, 7, 0.2845157806, [-0.19833917517820077, -45.51117311368134]
18, 8, 0.2635805135, [-4.680989017680835, -49.32783271018638]
18, 9, 0, [3.1537802117721556, -43.42967755249849]
19, 0, 0.859039106, [0.9582106778853036, -45.55232952718058]
19, 1, 0.8577958187, [0.9529279060469619, -45.94678060486102]
19, 2, 0.8567018406, [0.8780072282790098, -44.98820254790525]
19, 3, 0.844321972, [1.2393230783024347, -48.51030657261616]
19, 4, 0.8328353765, [1.3755134263843076, -54.356872081029195]
19, 5, 0.8300651213, [1.450838689370542, -51.5336129645886]
19, 6, 0.7980776481, [1.8652842561112108, -53.75214900450818]
19, 7, 0.5907187344, [2.6130490933743866, -38.30431955650369]
19, 8, 0.4265724792, [0.08897754601668151, -50.17379783296799]
19, 9, 0.2801484779, [-0.7518865100686499, -45.30849884688643]
20, 0, 0.859039106, [0.9582106778853036, -45.55232952718058]
20, 1, 0.8586700329, [0.9584267012582435, -45.68632948374732]
20, 2, 0.857021782, [0.9531439294199018, -46.04511027701221]
20, 3, 0.8515524915, [0.9529279060469619, -48.3407037786352]
20, 4, 0.8060741307, [0.46008279408143116, -46.648477208350016]
20, 5, 0.5612053671, [2.6915492308102964, -38.26377598725368]
20, 6, 0.3089494342, [-3.167540292691264, -44.731377520109554]
20, 7, 0.2558689215, [-0.966057403648495, -47.80961393048004]
20, 8, 0.2498201318, [-0.7923740223427715, -48.376467113045294]
20, 9, 0.1491685348, [-1.80035617575277, -57.774570775981]
21, 0, 0.859039106, [0.9582106778853036, -45.55232952718058]
21, 1, 0.857021782, [0.9531439294199018, -46.04511027701221]
21, 2, 0.8562226355, [0.9583186895717735, -46.05578962675871]
21, 3, 0.8547568449, [0.9556773036526027, -47.013516631191266]
21, 4, 0.7941626105, [1.916258235767983, -46.04511027701221]
21, 5, 0.6029163217, [0.19676745888967417, -46.94651665290789]
21, 6, 0.5318756348, [2.7971252496176273, -46.62217169827262]
21, 7, 0.3275227835, [-0.2042689313687005, -41.37105739460114]
21, 8, 0.3020305993, [-6.953784605745581, -46.16740334604867]
21, 9, 0.2764125347, [-0.6174839426094703, -45.45580608275307]
22, 0, 0.859039106, [0.9582106778853036, -45.55232952718058]
22, 1, 0.8585971837, [0.9556773036526027, -45.798719902096394]
22, 2, 0.857346225, [0.9582106778853036, -45.198728419015126]
22, 3, 0.8502452724, [0.9582646837285385, -48.57163737452098]
22, 4, 0.8471706805, [0.9558841468237442, -49.24033515117031]
22, 5, 0.8119268866, [0.43858438527118737, -41.092808816321515]
22, 6, 0.5017711081, [2.8368122430123437, -39.41111572521842]
22, 7, 0.3240936417, [-3.844421603673358, -43.963488815898934]
22, 8, 0.3015375825, [-4.4434307966350275, -45.65263786095629]
22, 9, 0.2883579663, [-3.139654967274579, -46.15609796053442]
23, 0, 0.859039106, [0.9582106778853036, -45.55232952718058]
23, 1, 0.8587402962, [0.9566719586750059, -45.73582038190025]
23, 2, 0.8546727594, [0.9592053329077067, -42.52731497409332]
23, 3, 0.8546345168, [0.9582106778853036, -42.369157176134]
23, 4, 0.8546337896, [0.9582106778853036, -42.76480253670292]
23, 5, 0.8532838654, [0.9569709936905706, -47.77920558980262]
23, 6, 0.3134508162, [-1.4861743066520758, -42.82009394783407]
23, 7, 0.2845013889, [-3.684077902235746, -47.24980357858517]
23, 8, 0.2782651901, [-0.8429187811498006, -45.594972638930955]
23, 9, 0, [5.591546870067996, -48.57163737452098]
24, 0, 0.859039106, [0.9582106778853036, -45.55232952718058]
24, 1, 0.8567816623, [0.9609794511248652, -44.93661536151809]
24, 2, 0.8510107771, [0.9566719586750059, -48.20278668797911]
24, 3, 0.7991007828, [1.8368012380550265, -48.36199892625118]
24, 4, 0.7790428486, [1.993915755761722, -44.76660094117676]
24, 5, 0.7465348218, [0.3544312567444753, -46.86021729488401]
24, 6, 0.7390604885, [2.244165474949821, -51.402189855826705]
24, 7, 0.6050810857, [2.631403573886719, -48.27773273619759]
24, 8, 0.2941794577, [-2.60728746395523, -45.55232952718058]
24, 9, 0, [3.676640434968436, -43.89123384236432]
25, 0, 0.859039106, [0.9582106778853036, -45.55232952718058]
25, 1, 0.8514289, [0.9574413182801547, -48.13139046033267]
25, 2, 0.7980204939, [1.8782006511939118, -48.65582972685696]
25, 3, 0.3354197009, [-0.8238201346462948, -38.68601828786265]
25, 4, 0.3315953528, [-5.662942251831011, -43.01684325364494]
25, 5, 0.2817263735, [-6.83425452100107, -48.3996204692856]
25, 6, 0.2507838505, [-0.9227638290889748, -48.37007507099065]
25, 7, 0.2495682155, [-0.5273408819719274, -48.20278668797911]
25, 8, 0, [3.7609112637970963, -46.8258248947992]
25, 9, 0, [4.538070161953735, -51.10470724326884]
26, 0, 0.859039106, [0.9582106778853036, -45.55232952718058]
26, 1, 0.8459885613, [1.1543813054814414, -48.07122314038482]
26, 2, 0.8437096136, [0.9578259980827291, -50.891020578422754]
26, 3, 0.8361769901, [1.4182056645396077, -47.10407962701877]
26, 4, 0.7800787495, [0.9673928890150121, -33.96153088561498]
26, 5, 0.5430539174, [2.7494237015466103, -41.1070568046227]
26, 6, 0.5234160502, [0.06681059181692994, -43.40870437409766]
26, 7, 0.3067701198, [-1.7033420459875153, -43.83495833610757]
26, 8, 0.2828693187, [-3.1375836802139636, -46.96004422060731]
26, 9, 0, [6.156414358661785, -48.3448457301361]
27, 0, 0.859039106, [0.9582106778853036, -45.55232952718058]
27, 1, 0.8470821832, [1.1880158313111684, -48.91713960039921]
27, 2, 0.8459885613, [1.1543813054814414, -48.07122314038482]
27, 3, 0.6689254045, [0.2756688309548624, -47.377845227974305]
27, 4, 0.5856899696, [2.669652305700578, -48.07122314038482]
27, 5, 0.2863519288, [-3.8721800848749464, -47.09824893047608]
27, 6, 0.2642157441, [-0.0533229762997951, -50.93802021637084]
27, 7, 0.2610718349, [-0.9130660635673502, -47.33607921556931]
27, 8, 0.2423277791, [-0.6391350959248905, -48.90985522836717]
27, 9, 0, [7.854211715595952, -48.37499117128312]
28, 0, 0.859039106, [0.9582106778853036, -45.55232952718058]
28, 1, 0.8514875015, [1.0562959916833725, -45.01702703397492]
28, 2, 0.8486831683, [1.073113254598236, -47.6332518733608]
28, 3, 0.7985121804, [1.887974983133227, -46.8117763337827]
28, 4, 0.2886475285, [-3.4107162739291956, -46.45452293023409]
28, 5, 0.2396151031, [-3.4454338609514883, -50.79337926183219]
28, 6, 0, [3.5719482561074027, -46.8117763337827]
28, 7, 0, [5.005191235013812, -42.59391772835892]
28, 8, 0, [3.4961202894807584, -46.14901467292065]
28, 9, 0, [4.344096110616551, -44.888266641445725]
29, 0, 0.859039106, [0.9582106778853036, -45.55232952718058]
29, 1, 0.8528101554, [0.9651005102097328, -47.597696415196594]
29, 2, 0.850248185, [1.0647046231408042, -44.77018011755272]
29, 3, 0.7375929678, [0.2957481514331951, -37.42844907036994]
29, 4, 0.3371973301, [-0.052693838937485915, -45.55232952718058]
29, 5, 0.332868138, [-5.62341962075519, -42.81605369143667]
29, 6, 0.3059903521, [-7.51756273852728, -46.01588356911284]
29, 7, 0.2901486138, [-3.4202873647670518, -46.252299848201716]
29, 8, 0.2880622743, [-1.2948410225954599, -45.074583320404614]
29, 9, 0.2762681314, [-1.226252798021946, -46.00342622870734]
30, 0, 0.859039106, [0.9582106778853036, -45.55232952718058]
30, 1, 0.8588908161, [0.9606538739931167, -45.555443968790485]
30, 2, 0.8524408158, [0.9648180362243098, -47.353705344981485]
30, 3, 0.8361552998, [0.9582106778853036, -40.030641584755486]
30, 4, 0.7752195683, [1.5772583171918404, -36.22634009246703]
30, 5, 0.6954695595, [2.388142299889145, -45.52084628877774]
30, 6, 0.6872795951, [2.292185016255195, -37.879519034070455]
30, 7, 0.5817704532, [2.6800121817424687, -43.33560479152187]
30, 8, 0, [7.6361212727972765, -53.680362801363785]
30, 9, 0, [4.037322593299699, -48.7156020293182]
