0, 0, 0.929636059, [2.3745955322283314, -43.6517555819035]
0, 1, 0.9206388569, [2.933006598372393, -59.80503720965817]
0, 2, 0.8979064416, [2.6776492495740434, -39.69901537731266]
0, 3, 0.8624647777, [2.337993794602593, -59.249677343319995]
0, 4, 0.8341678495, [3.222628486966959, -57.391835021117515]
0, 5, 0.6392630423, [0.8715421771424384, -42.32202948372274]
0, 6, 0.639112917, [1.5767263688984465, -59.10608341685789]
0, 7, 0.6074306836, [0.8652329118126117, -44.839341356899126]
0, 8, 0.5266221759, [1.0626026142919174, -53.30367785553532]
0, 9, 0.2795875047, [0.1928758938935227, -54.034870479400546]
1, 0, 0.929636059, [2.3745955322283314, -43.6517555819035]
1, 1, 0.9103436332, [3.0146128014844424, -55.95444677628223]
1, 2, 0.8712357024, [3.1329087089233187, -57.391835021117515]
1, 3, 0.8703467013, [3.1394083021291896, -58.70627733026646]
1, 4, 0.8627276527, [1.6230688546853849, -42.202799695213706]
1, 5, 0.8341678495, [3.222628486966959, -57.391835021117515]
1, 6, 0.1711034543, [-2.340871677712066, -55.74763288351334]
1, 7, 0.1687981652, [-0.39733271384844215, -55.84653262734642]
1, 8, 0, [5.364271625416149, -49.22879411089188]
1, 9, 0, [8.549058059153351, -51.90552005280717]
2, 0, 0.929636059, [2.3745955322283314, -43.6517555819035]
2, 1, 0.929636059, [2.3745955322283314, -43.6517555819035]
2, 2, 0.9256416473, [2.936907694164672, -56.47304290014758]
2, 3, 0.8715104463, [2.1065254736161814, -55.53624443534649]
2, 4, 0.8366856357, [1.5315291042099322, -45.25791453721876]
2, 5, 0.8071378635, [1.4353870136384208, -38.53162358047835]
2, 6, 0.7576051088, [1.7193721325449387, -56.64191458714466]
2, 7, 0.5245815847, [0.8131978425325836, -49.80310117909286]
2, 8, 0.5215091374, [0.42270186204880755, -25.391768793513098]
2, 9, 0.2290174687, [-0.2693610631368246, -50.00342990042881]
3, 0, 0.9310757816, [2.655751613196502, -43.11388519771099]
3, 1, 0.929636059, [2.3745955322283314, -43.6517555819035]
3, 2, 0.929636059, [2.3745955322283314, -43.6517555819035]
3, 3, 0.9283844235, [2.646299841833767, -42.15779212768066]
3, 4, 0.9112547326, [2.1065254736161814, -50.01308711798479]
3, 5, 0.8999725611, [1.9900945428240222, -50.062399241025545]
3, 6, 0.8824553911, [1.7714440099750677, -45.91146739112733]
3, 7, 0.8553859265, [1.5894265069534306, -43.6517555819035]
3, 8, 0.5903808507, [0.8128602023176272, -45.406190516019684]
3, 9, 0.471784388, [0.23307112196908708, -42.536344108837675]
4, 0, 0.9434210661, [2.515173572712417, -50.02762289732346]
4, 1, 0.9397291482, [2.655751613196502, -45.38379681161659]
4, 2, 0.9310757816, [2.655751613196502, -43.11388519771099]
4, 3, 0.9273538832, [2.240560502922256, -47.09972874370637]
4, 4, 0.921853398, [2.429199410490453, -41.824082294184706]
4, 5, 0.9216130426, [2.240560502922256, -51.35030563365527]
4, 6, 0.9166178187, [2.1480433295222823, -45.509964680288505]
4, 7, 0.9076713753, [2.515173572712417, -40.32192368755701]
4, 8, 0.8930769544, [1.8363831486301452, -43.38282038980725]
4, 9, 0.7783821392, [1.3652654612007222, -48.77771191056]
5, 0, 0.9434210661, [2.515173572712417, -50.02762289732346]
5, 1, 0.9412168987, [2.536288622661818, -51.66753690891434]
5, 2, 0.9287684669, [2.652389727418333, -42.35429852514683]
5, 3, 0.9270121832, [2.240560502922256, -46.88164567811065]
5, 4, 0.9227211172, [2.655751613196502, -41.531359266956386]
5, 5, 0.9206907176, [2.240560502922256, -43.87714004200196]
5, 6, 0.5500321225, [0.6713208507387667, -45.92585259575408]
5, 7, 0.4226036123, [3.6179906477889032, -46.14947987172973]
5, 8, 0, [4.729508369993146, -52.630229058439745]
5, 9, 0, [7.245853612394469, -44.24884100466379]
6, 0, 0.9440209511, [2.5257310976871175, -50.8475799031189]
6, 1, 0.9434210661, [2.515173572712417, -50.02762289732346]
6, 2, 0.9280957428, [2.515173572712417, -54.797630106766974]
6, 3, 0.9257054152, [2.2278326537642608, -50.410541765767235]
6, 4, 0.9228853531, [2.240560502922256, -45.02026455738512]
6, 5, 0.8313810098, [1.5234110021300968, -46.88164567811065]
6, 6, 0.8235263623, [1.6977514238838327, -53.2507741015148]
6, 7, 0.2568497059, [-3.7008781970875133, -48.454634287717056]
6, 8, 0.2074047176, [-3.5568694707644353, -53.300705240596955]
6, 9, 0, [5.554286109276687, -49.536437811583006]
7, 0, 0.9440209511, [2.5257310976871175, -50.8475799031189]
7, 1, 0.9434210661, [2.515173572712417, -50.02762289732346]
7, 2, 0.9419084163, [2.4514381705979815, -47.257914950518014]
7, 3, 0.9293940174, [2.2308992382822117, -48.67625225124542]
7, 4, 0.9004672634, [3.0765819823461973, -50.62906083444307]
7, 5, 0.1579481916, [-0.04886366027592848, -59.21890047753483]
7, 6, 0, [5.993562690149212, -48.327912428554086]
7, 7, 0, [4.876731220034563, -52.666075169624946]
7, 8, 0, [3.705762654407535, -53.358512630490644]
7, 9, 0, [3.888837251346515, -39.99669994201339]
8, 0, 0.9444336577, [2.4885846341425495, -49.052747426818456]
8, 1, 0.9440209511, [2.5257310976871175, -50.8475799031189]
8, 2, 0.9371756189, [2.3411687044400966, -48.024635959490155]
8, 3, 0.9327226313, [2.3783151679846646, -51.97619676055601]
8, 4, 0.8648120355, [1.670019643404657, -45.19989622091223]
8, 5, 0.8334905404, [3.238352597577709, -49.761916077182164]
8, 6, 0.3518467029, [0.07679637800764061, -47.96708360088172]
8, 7, 0, [3.9581310850046494, -53.419767958871205]
8, 8, 0, [4.3700337089681245, -50.38352053797886]
8, 9, 0, [5.809636566362608, -49.35193757428444]
9, 0, 0.9444336577, [2.4885846341425495, -49.052747426818456]
9, 1, 0.9442020878, [2.499251986325055, -49.02174966303557]
9, 2, 0.926787993, [2.4148766692913233, -43.23319351416197]
9, 3, 0.9094570035, [2.0279687613427577, -47.01800789050498]
9, 4, 0.880850507, [3.125002648670091, -47.65196340118819]
9, 5, 0.799618989, [1.3515105024517438, -43.581502544672325]
9, 6, 0.4795057544, [0.6642307212181555, -50.00041636002308]
9, 7, 0.3142251863, [0.20115740689913109, -52.11229506730105]
9, 8, 0.2507669937, [-3.269680440136165, -49.052747426818456]
9, 9, 0.2463025681, [-0.9535107100914431, -48.024635959490155]
10, 0, 0.9452466143, [2.6350776073991757, -51.8789661353487]
10, 1, 0.9444336577, [2.4885846341425495, -49.052747426818456]
10, 2, 0.9444336577, [2.4885846341425495, -49.052747426818456]
10, 3, 0.9442020878, [2.499251986325055, -49.02174966303557]
10, 4, 0.9442020878, [2.499251986325055, -49.02174966303557]
10, 5, 0.908499828, [2.4227355687563583, -55.97700405210884]
10, 6, 0.8701716752, [2.50711088579009, -64.01308031245931]
10, 7, 0.865508996, [3.164712088995932, -51.05079612493381]
10, 8, 0, [5.994220011477303, -50.12963846091152]
10, 9, 0, [4.410907491590289, -48.35235541400333]
11, 0, 0.9452466143, [2.6350776073991757, -51.8789661353487]
11, 1, 0.9451584845, [2.5618311207708624, -49.409726829554714]
11, 2, 0.8713314272, [3.1486935883981104, -54.0608890136241]
11, 3, 0.7422540004, [1.2641719076830844, -48.4344795360413]
11, 4, 0.4984905046, [0.3481053749294216, -43.080203986564925]
11, 5, 0.3185169335, [0.24471881235997062, -52.72601547830411]
11, 6, 0, [4.27593624156799, -49.026350826381304]
11, 7, 0, [7.274634033403478, -49.74504244915764]
11, 8, 0, [4.391086488530453, -52.421301480800196]
11, 9, 0, [6.492835241886503, -49.90057485587164]
12, 0, 0.9452466143, [2.6350776073991757, -51.8789661353487]
12, 1, 0.9400843855, [2.866417192678893, -51.8789661353487]
12, 2, 0.9113440223, [2.365408697529452, -55.11961744474781]
12, 3, 0.8869423425, [3.1175251170394467, -49.6967428127318]
12, 4, 0.7637696516, [1.2281258707176488, -39.656068509789]
12, 5, 0.7070219775, [3.4418516165590898, -45.98559135277879]
12, 6, 0.5707015481, [0.8156587023103965, -47.264491330128365]
12, 7, 0.3997344292, [0.2861752831494804, -48.7153160193056]
12, 8, 0, [3.9789034482278014, -49.409726829554714]
12, 9, 0, [4.600540667443422, -49.409726829554714]
13, 0, 0.9473695588, [2.6350776073991757, -49.525907663476964]
13, 1, 0.9452466143, [2.6350776073991757, -51.8789661353487]
13, 2, 0.9094244418, [2.047271531698271, -45.76751732256885]
13, 3, 0.9089631005, [2.047271531698271, -44.56288092951723]
13, 4, 0.9083724883, [2.047271531698271, -48.867536656621375]
13, 5, 0.3667884475, [0.11064111042821745, -47.207392384490305]
13, 6, 0.2357319935, [-0.0784096367713989, -51.8789661353487]
13, 7, 0, [6.072091611015635, -57.742417062928816]
13, 8, 0, [4.919368739872715, -49.17680904887307]
13, 9, 0, [4.448869428420721, -51.8789661353487]
14, 0, 0.9473695588, [2.6350776073991757, -49.525907663476964]
14, 1, 0.9370479671, [2.8747616571617405, -47.911448669964045]
14, 2, 0.9355541955, [2.6350776073991757, -54.96672088258068]
14, 3, 0.9070733625, [2.047271531698271, -43.81792103052661]
14, 4, 0.879014956, [3.1279518957304546, -48.36665002398364]
14, 5, 0.8428971712, [1.6274555690939687, -49.45025704313571]
14, 6, 0.2495515476, [-1.6369295981132344, -47.77461178652566]
14, 7, 0.2302758578, [-2.6729387334675496, -50.70243689941283]
14, 8, 0, [6.44501775116607, -51.75148643918775]
14, 9, 0, [4.501910683515504, -55.04706419424111]
15, 0, 0.9473695588, [2.6350776073991757, -49.525907663476964]
15, 1, 0.9459826269, [2.6752871424099594, -49.25527606419772]
15, 2, 0.9424580123, [2.6350776073991757, -53.47784851435343]
15, 3, 0.9385763315, [2.7549196322804583, -54.36586224250077]
15, 4, 0.9271664214, [2.2316789612349024, -49.72418002038543]
15, 5, 0.9099428768, [2.044729597124593, -48.50192326832264]
15, 6, 0.8550228286, [1.817307412369495, -53.02974103576983]
15, 7, 0.601988902, [0.7375685716516511, -42.68267685585279]
15, 8, 0.4898908225, [0.20517096679251834, -40.801631139960136]
15, 9, 0, [4.979382571945219, -52.77935840686062]
16, 0, 0.9473695588, [2.6350776073991757, -49.525907663476964]
16, 1, 0.9411690248, [2.6350776073991757, -45.35867700679276]
16, 2, 0.9410062356, [2.6551823749045678, -53.53440337065547]
16, 3, 0.9311576436, [2.6551823749045678, -55.447390943039096]
16, 4, 0.8533691593, [1.7496676878417186, -50.50501915050637]
16, 5, 0.3864223361, [0.30129064827043406, -49.677787681428796]
16, 6, 0.2553862625, [-1.4490050863996107, -47.335527912645375]
16, 7, 0.2373713552, [-0.6373528369409427, -49.015216341391195]
16, 8, 0.2003980877, [-0.18471606712870736, -53.0980920082491]
16, 9, 0, [6.500576947138869, -47.398651372354216]
17, 0, 0.9473915037, [2.6350776073991757, -47.471769118679745]
17, 1, 0.9473695588, [2.6350776073991757, -49.525907663476964]
17, 2, 0.9253747739, [2.762238324210827, -56.71539255645624]
17, 3, 0.9180655586, [2.1478519731873202, -49.26534059450761]
17, 4, 0.9030160804, [1.9631380132380745, -48.4959224030959]
17, 5, 0.8972844234, [1.8847145455626393, -45.35867700679276]
17, 6, 0.275961557, [-1.3852380046744526, -45.35867700679276]
17, 7, 0.2680561211, [0.36915324005160777, -56.922417400227246]
17, 8, 0, [8.218445966730211, -49.62200107850697]
17, 9, 0, [4.110734601925561, -49.525907663476964]
18, 0, 0.9479977029, [2.6350776073991757, -50.63813137640617]
18, 1, 0.9473915037, [2.6350776073991757, -47.471769118679745]
18, 2, 0.8566798266, [1.6421090366617452, -47.84718539087297]
18, 3, 0.8373760032, [1.570884734310294, -48.84239107328496]
18, 4, 0.5714148323, [0.7833030659356148, -46.486208884770065]
18, 5, 0.3845002204, [3.6330065925273987, -52.14226689893783]
18, 6, 0.3393213038, [3.6470583514537767, -47.36267249561815]
18, 7, 0.1838408902, [-2.6326734082641057, -54.847613648310606]
18, 8, 0, [4.92300412126065, -46.76089551210211]
18, 9, 0, [4.860754128456463, -52.10975154362791]
19, 0, 0.9479977029, [2.6350776073991757, -50.63813137640617]
19, 1, 0.9472308543, [2.6350776073991757, -51.189804234844146]
19, 2, 0.9305406406, [2.3501089330985674, -51.97369366552934]
19, 3, 0.9165392081, [2.1385933220304603, -48.9503872735569]
19, 4, 0.8845267386, [3.121918632127625, -54.169555833608825]
19, 5, 0.8767372024, [1.960470888561856, -39.216909655291964]
19, 6, 0.5907360666, [1.21270605129868, -54.664739103296455]
19, 7, 0.5463528527, [0.9643237990928784, -50.63813137640617]
19, 8, 0.5412787865, [0.9249804194452222, -50.39430069611202]
19, 9, 0.2039013466, [-1.01857402449681, -52.25201127264009]
20, 0, 0.9479977029, [2.6350776073991757, -50.78606187314161]
20, 1, 0.9479977029, [2.6350776073991757, -50.63813137640617]
20, 2, 0.9472308543, [2.6350776073991757, -51.30206444716404]
20, 3, 0.9413055109, [2.6350776073991757, -53.58372740861833]
20, 4, 0.9064680728, [2.139591109514474, -51.812889947954375]
20, 5, 0.7694416639, [1.3243426035635473, -48.090901068733764]
20, 6, 0.5962081258, [1.337178793474564, -57.42846096587361]
20, 7, 0.4674179987, [0.8871342930902715, -53.54087985264965]
20, 8, 0.2274240336, [-1.48539059133905, -49.97440115009268]
20, 9, 0, [4.2660335479770115, -44.299422470678515]
21, 0, 0.9479977029, [2.6350776073991757, -50.78606187314161]
21, 1, 0.9472308543, [2.6350776073991757, -51.14855674606865]
21, 2, 0.9472308543, [2.6350776073991757, -51.30206444716404]
21, 3, 0.9448282147, [2.6350776073991757, -52.11092939251225]
21, 4, 0.8694711898, [1.8762757743227172, -52.11092939251225]
21, 5, 0.8218700727, [1.4751313723778725, -46.46847015592212]
21, 6, 0.5775294484, [1.0620243728235728, -50.62021882235743]
21, 7, 0.4833802291, [3.598191913747257, -51.30206444716404]
21, 8, 0.2347746973, [-5.275704994958594, -51.22551066218027]
21, 9, 0, [4.473884167445029, -51.71493881758256]
22, 0, 0.9479977029, [2.6350776073991757, -50.78606187314161]
22, 1, 0.9477368084, [2.6350776073991757, -50.432460764976156]
22, 2, 0.9476357459, [2.6350776073991757, -50.96730930960513]
22, 3, 0.9400474274, [2.6350776073991757, -53.811640957704164]
22, 4, 0.9390624713, [2.6350776073991757, -54.31417081955094]
22, 5, 0.9145788455, [2.1154513147850595, -46.326541162282545]
22, 6, 0.2402400472, [-2.1677615173306273, -49.173644068919614]
22, 7, 0.229494764, [-2.7665623495071094, -50.888869143206385]
22, 8, 0.2139799415, [-1.4628945318331312, -51.404871717228815]
22, 9, 0, [6.060464591132456, -50.97652074278953]
23, 0, 0.9479977029, [2.6350776073991757, -50.78606187314161]
23, 1, 0.9477617248, [2.6350776073991757, -48.533383427292925]
23, 2, 0.9477368084, [2.6350776073991757, -50.354909213930675]
23, 3, 0.9474558261, [2.6350776073991757, -47.60288952209503]
23, 4, 0.9472588586, [2.6350776073991757, -48.28124383383399]
23, 5, 0.9435287267, [2.6350776073991757, -52.716077812834094]
23, 6, 0.5139826174, [0.8339481483640716, -50.828704984891985]
23, 7, 0.3730477386, [0.19069262286179622, -48.58867483842407]
23, 8, 0.2074862529, [-2.005971288527141, -52.186675801616644]
23, 9, 0, [7.268359793738632, -53.811640957704164]
24, 0, 0.9479977029, [2.6350776073991757, -50.78606187314161]
24, 1, 0.9476357459, [2.6350776073991757, -51.00034973337179]
24, 2, 0.9411052966, [2.6350776073991757, -53.677447377237826]
24, 3, 0.8924534034, [2.031918028355714, -51.94551957938026]
24, 4, 0.636037521, [3.513432768562038, -52.07279974752624]
24, 5, 0.2194799946, [-0.9304205344413581, -50.78606187314161]
24, 6, 0, [5.353507364482308, -49.12496618832535]
24, 7, 0, [3.670782685275594, -50.00033328713779]
24, 8, 0, [3.921032404463693, -56.635922201787736]
24, 9, 0, [4.308890345497958, -53.36303502069384]
25, 0, 0.9479977029, [2.6350776073991757, -50.78606187314161]
25, 1, 0.9424580123, [2.6350776073991757, -53.485586977942546]
25, 2, 0.9390827578, [2.8141925111011914, -53.064456226402015]
25, 3, 0.5650527038, [1.1510647667522425, -53.677447377237826]
25, 4, 0.4264912041, [0.11217172526098507, -43.09464478740772]
25, 5, 0.2580286148, [-3.98530596271199, -48.37103977125482]
25, 6, 0.2072768959, [-0.7276470387882874, -51.95359572411973]
25, 7, 0.2054985363, [-5.1558488722769, -53.87428115854431]
25, 8, 0, [4.6969031237043755, -51.234451394344255]
25, 9, 0, [6.216475810677904, -56.57936793252755]
26, 0, 0.9479977029, [2.6350776073991757, -50.78606187314161]
26, 1, 0.9464892208, [2.64272423119838, -51.310485184859715]
26, 2, 0.9430120042, [2.7246350592501836, -51.92525904977181]
26, 3, 0.9348926892, [2.461195379994592, -52.95263464896228]
26, 4, 0.9252845834, [2.6350776073991757, -56.18498501020821]
26, 5, 0.8595254945, [1.893071187075709, -53.581517177590186]
26, 6, 0.263235969, [0.12291854927126389, -54.007771139600095]
26, 7, 0.2108523634, [-1.8311542855033878, -51.78122364336035]
26, 8, 0, [7.833665967978233, -53.638810161921555]
26, 9, 0, [4.382967849977502, -51.26281993263514]
27, 0, 0.9479977029, [2.6350776073991757, -50.78606187314161]
27, 1, 0.9464892208, [2.64272423119838, -51.310485184859715]
27, 2, 0.9440328497, [2.5929152196223875, -52.35853634704549]
27, 3, 0.9003067076, [1.9975068262955258, -50.51183063662934]
27, 4, 0.7281261393, [1.5292819513156104, -55.1745174115888]
27, 5, 0.5123181852, [0.8087719317733133, -50.47006462422435]
27, 6, 0.4944215664, [0.943469831690515, -53.146352423585135]
27, 7, 0.2084343411, [-1.9736550166474793, -52.09145650278584]
27, 8, 0, [4.157995231417516, -51.310485184859715]
27, 9, 0, [9.564212780026484, -51.373728442106746]
28, 0, 0.9479977029, [2.6350776073991757, -50.78606187314161]
28, 1, 0.9478255154, [2.6139964135107814, -49.77754981028577]
28, 2, 0.9461276426, [2.638900919298778, -51.446790838571566]
28, 3, 0.7056151914, [3.445675404960636, -51.57229911009355]
28, 4, 0.2220116803, [-1.7113638115019283, -50.63838180754212]
28, 5, 0.182680013, [-1.8796461962509463, -54.60691822704296]
28, 6, 0, [5.129648677934812, -51.57229911009355]
28, 7, 0, [6.6820581645276835, -47.82765007431995]
28, 8, 0, [5.17298721899463, -51.38274701888168]
28, 9, 0, [5.90179653244396, -49.648789417756575]
29, 0, 0.9479977029, [2.6350776073991757, -50.78606187314161]
29, 1, 0.9469059947, [2.6264486664047797, -49.05721098831353]
29, 2, 0.9449681642, [2.6532102061803027, -52.30649202683112]
29, 3, 0.8983457448, [1.9726150809470673, -42.662181416330974]
29, 4, 0.8283551564, [1.6241730905763863, -50.78606187314161]
29, 5, 0.4167754554, [0.4618568979486237, -50.71222184034187]
29, 6, 0.4116423888, [0.39326867337510985, -49.78337893203914]
29, 7, 0.3561116069, [0.36717510862991753, -52.40703020142996]
29, 8, 0.2692782082, [-4.061675577491215, -47.10308456219748]
29, 9, 0.2439952618, [-5.82945304255671, -50.724679180747366]
30, 0, 0.9479977029, [2.6381375069815367, -50.78869436179907]
30, 1, 0.9479977029, [2.6350776073991757, -50.78606187314161]
30, 2, 0.9468590298, [2.626094891270946, -48.70965752520565]
30, 3, 0.9411690248, [2.6350776073991757, -45.264373930716516]
30, 4, 0.8048175672, [3.254125246705713, -41.46007243842806]
30, 5, 0, [9.305228815651736, -57.026986260902774]
30, 6, 0, [5.706430136154158, -52.06222548885719]
30, 7, 0, [7.575357878043372, -47.25880412558689]
30, 8, 0, [4.356807810107931, -48.46577474459013]
30, 9, 0, [3.969051945769067, -43.113251380031485]
