0, 0, 0.8366778446, [0.8652329118126117, -44.839341356899126]
0, 1, 0.8360889413, [1.0626026142919174, -53.30367785553532]
0, 2, 0.8349897066, [0.8715421771424384, -42.32202948372274]
0, 3, 0.8160421123, [1.5767263688984465, -59.10608341685789]
0, 4, 0.7126546803, [2.337993794602593, -59.249677343319995]
0, 5, 0.697277623, [2.3745955322283314, -43.6517555819035]
0, 6, 0.5659135817, [2.6776492495740434, -39.69901537731266]
0, 7, 0.3676672357, [0.1928758938935227, -54.034870479400546]
0, 8, 0, [3.222628486966959, -57.391835021117515]
0, 9, 0, [2.933006598372393, -59.80503720965817]
1, 0, 0.8430267255, [1.0455239661643139, -45.220919172841285]
1, 1, 0.8380975934, [1.0626026142919174, -52.51958501793591]
1, 2, 0.8366778446, [0.8652329118126117, -44.839341356899126]
1, 3, 0.8360889413, [1.0626026142919174, -53.30367785553532]
1, 4, 0.8339462524, [0.972882836248277, -53.30367785553532]
1, 5, 0.8292569802, [1.4678258686939611, -48.250429659994595]
1, 6, 0.3118041288, [-4.309960513032195, -45.01410528007239]
1, 7, 0.2944993482, [-2.068915147283671, -45.390684957074555]
1, 8, 0, [3.4241766132555425, -44.316109174305595]
1, 9, 0, [6.608963046992745, -46.99283511622088]
2, 0, 0.8430267255, [1.0455239661643139, -45.220919172841285]
2, 1, 0.8430267255, [1.0455239661643139, -45.220919172841285]
2, 2, 0.8385928472, [1.0204614989810634, -42.18336161972212]
2, 3, 0.7845550591, [0.6254501199375693, -39.93005718246334]
2, 4, 0.7271568806, [0.6307149685199577, -34.04753218204097]
2, 5, 0.5098375536, [0.2024575381459145, -46.82707812815654]
2, 6, 0.4124405428, [0.11073350930726067, -48.11089062353431]
2, 7, 0.301433622, [-2.067734744724187, -44.511764863788514]
2, 8, 0.2489986366, [-0.8273430340956878, -48.870252095388594]
2, 9, 0.2414272992, [-0.07900154904242385, -51.15024955050436]
3, 0, 0.8430267255, [1.0455239661643139, -45.220919172841285]
3, 1, 0.8430267255, [1.0455239661643139, -45.220919172841285]
3, 2, 0.8230156718, [1.3172282757697493, -43.72695571861844]
3, 3, 0.7993011741, [1.0329927325726886, -36.75362635296715]
3, 4, 0.7328947244, [0.6254501199375693, -34.406899865101636]
3, 5, 0.6953059314, [0.44237244391105013, -47.480630982065115]
3, 6, 0.6700188423, [0.36733566220020886, -43.702140396281706]
3, 7, 0.583872627, [0.260354940889413, -45.220919172841285]
3, 8, 0.2969242792, [-1.0960004440949305, -44.10550769977546]
3, 9, 0.270901054, [-0.5162113637463903, -46.97535410695747]
4, 0, 0.8469001496, [1.098292197226222, -46.08749541383455]
4, 1, 0.8432669101, [1.0455239661643139, -47.49083078674688]
4, 2, 0.8430267255, [1.0455239661643139, -45.220919172841285]
4, 3, 0.841956085, [1.0455239661643139, -51.865721680357495]
4, 4, 0.83941119, [1.0455239661643139, -42.160022470591045]
4, 5, 0.8379418563, [0.9713391978536593, -43.584812075571165]
4, 6, 0.8306723903, [0.8265878876207866, -44.433446866146106]
4, 7, 0.8220675343, [0.9713391978536593, -39.33423518562227]
4, 8, 0.6628413925, [0.3667335420820421, -45.220919172841285]
4, 9, 0.5534455635, [2.717207279813925, -46.85032081050377]
5, 0, 0.8469001496, [1.098292197226222, -46.08749541383455]
5, 1, 0.8453059015, [1.0455239661643139, -48.643132978653085]
5, 2, 0.8445672281, [1.1360102127556508, -49.865443255373066]
5, 3, 0.841654453, [1.0449232772011623, -44.73262547661368]
5, 4, 0.8408488133, [1.0455239661643139, -51.647638614761775]
5, 5, 0.8393839024, [1.0455239661643139, -43.63839324208668]
5, 6, 0.7854746863, [2.0077630007567153, -48.256513846860024]
5, 7, 0.7380692968, [2.239218529282863, -45.78543144054168]
5, 8, 0.2948022556, [-0.7289575591674002, -44.1237589422128]
5, 9, 0, [3.4630482617395675, -45.136028476692196]
6, 0, 0.8469001496, [1.098292197226222, -46.08749541383455]
6, 1, 0.8442174953, [1.098292197226222, -50.857502623278066]
6, 2, 0.8433004321, [1.071908081695268, -47.365314196243816]
6, 3, 0.8374410471, [1.0449232772011623, -42.871244355888145]
6, 4, 0.8318341023, [0.8109512782780658, -46.47041428227833]
6, 5, 0.6332779266, [0.32777377640900285, -44.73262547661368]
6, 6, 0.4967928272, [0.24392840789198333, -49.76850839463972]
6, 7, 0.3099102599, [-5.007137497691158, -45.41006044522412]
6, 8, 0.2648230958, [-4.97375084625063, -49.36057775710805]
6, 9, 0, [4.248026808673043, -46.49186396909007]
7, 0, 0.8469001496, [1.098292197226222, -46.08749541383455]
7, 1, 0.8442174953, [1.098292197226222, -50.857502623278066]
7, 2, 0.8404307944, [1.1451788699943373, -44.21334110802508]
7, 3, 0.8294660293, [0.8140178627960171, -49.50613197720003]
7, 4, 0.8060007339, [1.7714078438342002, -44.47936988486135]
7, 5, 0.6975186707, [2.400588515895538, -47.208821680908926]
7, 6, 0.6737919993, [2.4595227132362716, -45.613712289916805]
7, 7, 0.5950496599, [2.642645721599761, -45.79442889540239]
7, 8, 0.2246897517, [-1.5034015188919678, -51.07977979251102]
7, 9, 0, [4.687303389545567, -45.28333858606115]
8, 0, 0.8469001496, [1.098292197226222, -46.08749541383455]
8, 1, 0.842865635, [0.9795983663951772, -46.917288901220985]
8, 2, 0.8413554529, [1.1217355336102797, -45.15041826092981]
8, 3, 0.8392422383, [0.9561550300111196, -50.01109437889113]
8, 4, 0.8024556077, [1.816192459604164, -47.79681369551729]
8, 5, 0.6410441401, [2.535970947031104, -51.45466557720633]
8, 6, 0.6406452124, [0.3031705428723872, -41.297567055023585]
8, 7, 0.2730552408, [-1.284773960037279, -46.85973654261255]
8, 8, 0, [2.947873570994579, -48.41841815631398]
8, 9, 0, [4.392755190876413, -50.18181730023905]
9, 0, 0.8469001496, [1.099988610402508, -46.08949600862231]
9, 1, 0.8469001496, [1.098292197226222, -46.08749541383455]
9, 2, 0.8318906898, [1.1100138654182508, -40.31345865838985]
9, 3, 0.8092983413, [0.7231059574696851, -44.09827303473286]
9, 4, 0.7949220254, [1.8965985388340543, -44.81074406119849]
9, 5, 0.3655072147, [-0.03878193446458367, -40.61625053168842]
9, 6, 0.3005463228, [-4.659972877052493, -46.08749541383455]
9, 7, 0.2942957024, [-2.17294388092126, -45.15041826092981]
9, 8, 0.2912688107, [-2.8998345667260406, -46.21039260154427]
9, 9, 0.2627467027, [-0.6565659331835254, -47.58075631991047]
10, 0, 0.8469001496, [1.098292197226222, -46.08749541383455]
10, 1, 0.8469001496, [1.098292197226222, -46.08749541383455]
10, 2, 0.8469001496, [1.099988610402508, -46.08949600862231]
10, 3, 0.8469001496, [1.099988610402508, -46.08949600862231]
10, 4, 0.8405665735, [1.1111056469382754, -53.02230546325606]
10, 5, 0.8342854412, [1.2951957375605978, -48.95039022467542]
10, 6, 0.8261776302, [1.0993839787462467, -61.043862330177625]
10, 7, 0.8084846882, [1.776116065255891, -48.08754470673767]
10, 8, 0, [4.558241156412965, -47.18654315680934]
10, 9, 0, [3.1024074248022506, -45.4501200349104]
11, 0, 0.8469001496, [1.098292197226222, -46.08749541383455]
11, 1, 0.8443210689, [1.098292197226222, -45.03136546230569]
11, 2, 0.8208748405, [1.6127563848132997, -48.270418589503834]
11, 3, 0.5686498447, [2.694269326186224, -46.08749541383455]
11, 4, 0.3209046543, [-1.0438282692588843, -41.416358529520565]
11, 5, 0.295782805, [-0.20300427877652294, -44.07361764547148]
11, 6, 0.2263654473, [-1.146421808511326, -50.78553313119054]
11, 7, 0, [2.8869417182262413, -54.05167629247212]
11, 8, 0, [5.738696829818667, -43.95457202503737]
11, 9, 0, [2.9275475649858134, -48.042940113551175]
12, 0, 0.8469001496, [1.098292197226222, -46.08749541383455]
12, 1, 0.8302734206, [0.8567143685124308, -50.76496765435681]
12, 2, 0.8298588214, [1.3296317825059396, -46.08749541383455]
12, 3, 0.7862089017, [1.9498475077679975, -43.075724603682374]
12, 4, 0.6496905782, [2.5153645246831613, -45.03136546230569]
12, 5, 0.3450560426, [-0.1922729587171087, -39.460717670897246]
12, 6, 0.3068259646, [-1.2506101270234733, -42.92384529779145]
12, 7, 0.2987039711, [-0.48235315828360004, -42.92817254120046]
12, 8, 0, [3.1370017438987814, -45.03136546230569]
12, 9, 0, [9.260651323139673, -46.39711069023845]
13, 0, 0.8469001496, [1.098292197226222, -46.08749541383455]
13, 1, 0.8403695856, [1.098292197226222, -43.73443694196282]
13, 2, 0.8208620297, [1.6860394465977961, -50.99818589238378]
13, 3, 0.8186857481, [1.6860394465977961, -47.898166558331255]
13, 4, 0.8181220911, [1.6860394465977961, -46.69353016527963]
13, 5, 0.6801647824, [2.4391666042542584, -50.76496765435681]
13, 6, 0.2622004913, [-1.8516537539411069, -48.42623153409568]
13, 7, 0.2443979216, [-0.25059097467225744, -49.33804162025271]
13, 8, 0, [4.298847493845927, -54.289682461675795]
13, 9, 0, [3.382583329699761, -43.38533832735892]
14, 0, 0.8480742171, [1.098292197226222, -49.175250161066536]
14, 1, 0.8469001496, [1.098292197226222, -46.08749541383455]
14, 2, 0.8268526534, [1.337976246988787, -44.473036420321634]
14, 3, 0.8186128539, [1.6860394465977961, -47.15320665934064]
14, 4, 0.7999689225, [0.6784468214572544, -47.04563526084978]
14, 5, 0.4793157773, [2.829743096270202, -45.81630175014703]
14, 6, 0.3119964276, [-4.2097241436405035, -44.910966177898686]
14, 7, 0.3015702988, [-2.5859383457499487, -44.968402416033584]
14, 8, 0, [6.840887792992612, -51.81106794929979]
14, 9, 0, [3.523821937556998, -48.42623153409568]
15, 0, 0.8480742171, [1.098292197226222, -49.175250161066536]
15, 1, 0.8435785255, [0.9881406896140631, -49.45054161904732]
15, 2, 0.8423422695, [1.1709003213619444, -48.94135725323019]
15, 3, 0.8399954109, [1.098292197226222, -53.278556863230804]
15, 4, 0.8387520985, [0.8829107134239621, -48.02938653539427]
15, 5, 0.832777051, [1.2155628743691616, -44.92272385160013]
15, 6, 0.8205720174, [1.3703748361137258, -43.02090274353728]
15, 7, 0.3243460409, [-1.2618423485213537, -41.03745115005367]
15, 8, 0.3044140147, [-0.3715156263967243, -42.461179124580696]
15, 9, 0, [3.322755136890983, -51.69205302759065]
16, 0, 0.8480742171, [1.098292197226222, -49.175250161066536]
16, 1, 0.8443210689, [1.098292197226222, -45.00801950438233]
16, 2, 0.8425517119, [1.0795205054880037, -51.363790517518645]
16, 3, 0.8405523363, [1.1569498032679357, -47.40468543351952]
16, 4, 0.8379042062, [1.0795205054880037, -53.27677808990227]
16, 5, 0.2804292909, [-3.060971017884036, -47.25783193886497]
16, 6, 0.2611690732, [-2.1741382471138966, -48.66455883898077]
16, 7, 0.2389307631, [-0.9990459237208711, -49.805995878754025]
16, 8, 0.2073989731, [-1.721501477301661, -52.74743450583867]
16, 9, 0, [4.963791536965916, -47.04799386994379]
17, 0, 0.8480742171, [1.098292197226222, -49.175250161066536]
17, 1, 0.845495834, [1.098292197226222, -47.12111161626932]
17, 2, 0.8309745857, [1.324917378146421, -52.25286609427424]
17, 3, 0.7764366656, [0.6110665630143668, -48.914683092097185]
17, 4, 0.6822299848, [0.4263526030651208, -48.145264900685476]
17, 5, 0.6467480081, [0.34792913538968573, -45.00801950438233]
17, 6, 0.6291890775, [2.5739491917526074, -49.175250161066536]
17, 7, 0.3026043922, [-2.9220234148474065, -45.00801950438233]
17, 8, 0.249845017, [-1.0818346492737265, -48.87815410452016]
17, 9, 0, [8.606601276647321, -47.22877285647837]
18, 0, 0.8480742171, [1.098292197226222, -49.175250161066536]
18, 1, 0.8471335391, [1.098292197226222, -48.233335329198525]
18, 2, 0.7702426822, [2.110272941280823, -48.039084265606334]
18, 3, 0.7629093916, [2.1459534144087185, -48.708605644243]
18, 4, 0.7087325342, [2.350214552843774, -46.30275629959377]
18, 5, 0.4027853972, [0.1053236264887919, -48.52359716086116]
18, 6, 0.3345030574, [0.034099324137340736, -49.51880284327314]
18, 7, 0.2674218508, [-0.7534823442373385, -47.16262065475825]
18, 8, 0.2337729467, [-4.119726586382786, -51.41395239361578]
18, 9, 0, [3.386218711087697, -47.437307282090295]
19, 0, 0.8480742171, [1.098292197226222, -49.175250161066536]
19, 1, 0.8473800319, [1.0980191949943583, -49.28924845592467]
19, 2, 0.8472410493, [1.098292197226222, -49.339359257059506]
19, 3, 0.8252396219, [1.6042825692535225, -49.427119816182966]
19, 4, 0.8208904824, [1.5851332219546714, -54.54355828168259]
19, 5, 0.8046921935, [1.8157981803216297, -52.450426208155406]
19, 6, 0.7434266758, [2.230243747062299, -54.66896224807499]
19, 7, 0.5031534448, [0.2808880371485105, -50.884242193736476]
19, 8, 0.2485508622, [-0.6118049907277314, -48.931419480772384]
19, 9, 0.2456340387, [-0.5724616110800753, -49.175250161066536]
20, 0, 0.8480742171, [1.098292197226222, -49.175250161066536]
20, 1, 0.8473800319, [1.0983033608472816, -49.28440076954865]
20, 2, 0.8472410493, [1.0980303586154179, -49.36272877999124]
20, 3, 0.8442845621, [1.0980191949943583, -51.683171629698855]
20, 4, 0.765170751, [0.6026691982255885, -50.131171450824816]
20, 5, 0.2710261741, [-3.0224490037438674, -48.073845371173206]
20, 6, 0.2519702034, [-0.7932977710881872, -48.54163272348215]
20, 7, 0.2127537963, [-0.6497876181986142, -51.859161355520094]
20, 8, 0.1503865943, [-1.7829362385731862, -57.7764625260697]
20, 9, 0, [2.871732474954362, -42.250814658773784]
21, 0, 0.8480742171, [1.098292197226222, -49.175250161066536]
21, 1, 0.8474589727, [1.0982977790367519, -49.66628558660235]
21, 2, 0.8472410493, [1.0980303586154179, -49.36272877999124]
21, 3, 0.84515586, [1.0981612779208199, -50.48378619962375]
21, 4, 0.7774408385, [2.061144664963499, -49.36272877999124]
21, 5, 0.5727940668, [0.3393538630338315, -50.429210895382695]
21, 6, 0.3171379072, [-0.06178495710048337, -44.84132696303362]
21, 7, 0.2619685397, [-6.812553073878984, -49.70778611018673]
21, 8, 0.2480643621, [-0.4748975384653129, -48.93850032522788]
21, 9, 0, [2.9371043390826053, -50.23266765811626]
22, 0, 0.8483853648, [1.098292197226222, -48.82164905290108]
22, 1, 0.8480742171, [1.098292197226222, -49.175250161066536]
22, 2, 0.8470804647, [1.098294988131487, -49.42076787383444]
22, 3, 0.8438276725, [1.0981612779208199, -52.03656726808022]
22, 4, 0.8410724166, [1.09817196712889, -52.6842030226849]
22, 5, 0.770637586, [0.5786659046121059, -44.71572945020747]
22, 6, 0.2809949251, [-3.7045362382955105, -47.560007752866994]
22, 7, 0.2644398809, [-4.303351438633391, -49.21260300769463]
22, 8, 0.2547728412, [-2.9999454595702173, -49.40008162661933]
22, 9, 0, [4.523681971864768, -49.42997930701885]
23, 0, 0.8483853648, [1.098292197226222, -48.82164905290108]
23, 1, 0.8482333717, [1.098293292993244, -49.03262195897012]
23, 2, 0.8471771492, [1.098292197226222, -45.6384767018545]
23, 3, 0.8467466261, [1.098296083898509, -46.66962574701237]
23, 4, 0.8460981728, [1.098294988131487, -46.98684199152224]
23, 5, 0.8453069048, [1.0982267375735209, -51.19993566606731]
23, 6, 0.2705269284, [-1.3460899964058926, -47.042133402653384]
23, 7, 0.2504478511, [-0.7028372618088821, -48.86429216465145]
23, 8, 0.2405716033, [-3.542822158352796, -50.67053365484986]
23, 9, 0, [5.731443464260277, -52.03656726808022]
24, 0, 0.8483853648, [1.098292197226222, -48.82164905290108]
24, 1, 0.8477402894, [1.0982929645902422, -47.92554506761849]
24, 2, 0.8442845621, [1.098293292993244, -51.499588265048985]
24, 3, 0.7942888482, [1.9766492215201263, -51.536568481660275]
24, 4, 0.7652054816, [2.13399727510264, -48.03592046689726]
24, 5, 0.7053081978, [0.4950998883564096, -50.205242095876606]
24, 6, 0.6985570025, [2.3842469942907396, -54.67150938154721]
24, 7, 0.5167831761, [2.7720722054986537, -51.62275753719019]
24, 8, 0.2597668638, [-2.467205944614312, -48.82164905290108]
24, 9, 0, [3.8167219543093545, -47.16055336808482]
25, 0, 0.8483853648, [1.098292197226222, -48.82164905290108]
25, 1, 0.8445521649, [1.098292745109733, -51.414451011727856]
25, 2, 0.7882144947, [2.018165402596921, -51.877774267421756]
25, 3, 0.3139028435, [-0.6838553832432854, -41.90796282842746]
25, 4, 0.3006864433, [-5.522090825001433, -46.29990380504013]
25, 5, 0.2341910383, [-6.692633186682833, -51.69642204635547]
25, 6, 0.2174931698, [-0.3857195476536892, -51.499588265048985]
25, 7, 0.2153413444, [-0.782915845623875, -51.544644626399744]
25, 8, 0, [3.9008760152001054, -50.047769435363996]
25, 9, 0, [4.679691496271973, -54.40150882033871]
26, 0, 0.8483853648, [1.098292197226222, -48.82164905290108]
26, 1, 0.8378817142, [1.0982924711679776, -54.1672106169806]
26, 2, 0.8335577811, [1.2947893945977351, -51.32372568636481]
26, 3, 0.8256209379, [1.5582287999115714, -50.34971166016142]
26, 4, 0.8044206721, [1.107475010022216, -37.15537736114373]
26, 5, 0.515647915, [0.20721868093322382, -46.66120692007766]
26, 6, 0.2721153144, [-1.5629339568712215, -47.08746088208757]
26, 7, 0.2446246131, [-2.997560544842, -50.20567625374996]
26, 8, 0, [6.296880831747034, -51.62103576869394]
26, 9, 0, [3.2165618645806457, -49.633910970037675]
27, 0, 0.8483853648, [1.098292197226222, -48.82164905290108]
27, 1, 0.8378817142, [1.0982924711679776, -54.1672106169806]
27, 2, 0.8305492766, [1.4265090972546532, -50.75630817094156]
27, 3, 0.7235197168, [0.5141912888828247, -49.22885754480558]
27, 4, 0.6062479563, [2.613563471387114, -54.1672106169806]
27, 5, 0.2454068551, [-0.6745436056393879, -49.187091532400586]
27, 6, 0.2396137985, [-3.501450188743479, -50.70845278451422]
27, 7, 0.2008867433, [-0.011326633786067797, -55.62067371752897]
27, 8, 0, [-0.5971387534111632, -53.592508729525306]
27, 9, 0, [8.028771258073036, -54.811862976196544]
28, 0, 0.8483853648, [1.098292197226222, -48.82164905290108]
28, 1, 0.8439975502, [1.0982923341970998, -51.89294714451174]
28, 2, 0.8376859458, [1.2624006472404377, -47.99422931211354]
28, 3, 0.7748240976, [2.0940796386902925, -49.78897861192132]
28, 4, 0.2599747596, [-3.221414285294755, -49.01468885150997]
28, 5, 0.1902571427, [-3.4202547813526243, -55.05307453298313]
28, 6, 0, [3.7780529116644677, -49.78897861192132]
28, 7, 0, [5.14527275435473, -45.863237254079415]
28, 8, 0, [3.636201808821677, -49.41833419864115]
28, 9, 0, [4.550200766173616, -47.865468919584345]
29, 0, 0.8483853648, [1.098292197226222, -48.82164905290108]
29, 1, 0.8429351888, [1.129792264197412, -50.51243913869478]
29, 2, 0.8407310209, [1.1803464907187688, -48.388628892197495]
29, 3, 0.7188009604, [0.4358296707741136, -40.69776859609044]
29, 4, 0.3864100525, [0.08738768040343259, -48.82164905290108]
29, 5, 0.27898247, [-5.589831909698894, -48.38386138228055]
29, 6, 0.2761598877, [-7.352870984539601, -48.930626292611024]
29, 7, 0.2603508266, [-1.1301492686077805, -47.9893260439028]
29, 8, 0.2489678507, [-1.0615610440342667, -48.91816895220553]
29, 9, 0.248912199, [-3.304645497189087, -49.87074862284649]
30, 0, 0.8483853648, [1.098292197226222, -48.82164905290108]
30, 1, 0.8473413422, [1.109462402449793, -48.8242235870972]
30, 2, 0.8440447532, [1.1285008032387915, -50.15243237975442]
30, 3, 0.8407501943, [1.098292197226222, -43.29996111047599]
30, 4, 0.7913941701, [1.717339836532759, -39.495659618187524]
30, 5, 0.6702057281, [2.4322665355961135, -41.14883855979095]
30, 6, 0.6436870652, [2.528223819230063, -48.79016581449824]
30, 7, 0.4911034861, [2.81908471411019, -46.488908628517116]
30, 8, 0, [7.7885079094615755, -56.772393925973134]
30, 9, 0, [4.189709229963998, -51.80763315392755]
