0, 0, 0.8407759669, [0.1928758938935227, -54.034870479400546]
0, 1, 0.6732682976, [0.8652329118126117, -44.839341356899126]
0, 2, 0.664682701, [0.8715421771424384, -42.32202948372274]
0, 3, 0.593823571, [1.0626026142919174, -53.30367785553532]
0, 4, 0, [2.337993794602593, -59.249677343319995]
0, 5, 0, [2.6776492495740434, -39.69901537731266]
0, 6, 0, [3.222628486966959, -57.391835021117515]
0, 7, 0, [1.5767263688984465, -59.10608341685789]
0, 8, 0, [2.3745955322283314, -43.6517555819035]
0, 9, 0, [2.933006598372393, -59.80503720965817]
1, 0, 0.8603764421, [0.10315611584988231, -54.034870479400546]
1, 1, 0.8407759669, [0.1928758938935227, -54.034870479400546]
1, 2, 0.8407759669, [0.1928758938935227, -54.034870479400546]
1, 3, 0.7696521814, [0.5322090355179806, -47.39435714396223]
1, 4, 0.7366520048, [0.6106606059651165, -45.586515484773905]
1, 5, 0.6109284461, [1.0329625084947636, -48.616025971927215]
1, 6, 0, [3.087998104295998, -48.91387373555631]
1, 7, 0, [6.2727845380332, -51.590599677471594]
1, 8, 0, [-4.744823873231391, -45.37970159200501]
1, 9, 0, [2.9584087494473494, -49.99240706732762]
2, 0, 0.8646799421, [0.062373253793922195, -54.034870479400546]
2, 1, 0.8603764421, [0.10315611584988231, -54.034870479400546]
2, 2, 0.8603764421, [0.10315611584988231, -54.034870479400546]
2, 3, 0.794410302, [-0.028505299978044574, -54.034870479400546]
2, 4, 0.1646145187, [-0.4908929603551872, -53.19770688681402]
2, 5, 0, [-0.8863639831591841, -60.1549897650347]
2, 6, 0, [-2.8750971788409476, -53.51650507831885]
2, 7, 0, [-1.7333903194521008, -54.034870479400546]
2, 8, 0, [2.595741441681848, -54.678867487697445]
2, 9, 0, [-0.7399103121685171, -55.641029434715804]
3, 0, 0.8670766925, [0.08276468482190225, -47.08635643608599]
3, 1, 0.8659423811, [0.08276468482190225, -54.034870479400546]
3, 2, 0.8646799421, [0.062373253793922195, -54.034870479400546]
3, 3, 0.814638409, [-0.028505299978044574, -48.511713162038845]
3, 4, 0.8091039954, [0.35446899442733776, -52.5409070251777]
3, 5, 0.1235049129, [-0.5203868374313615, -56.294582288624376]
3, 6, 0, [-0.5828923855505775, -54.034870479400546]
3, 7, 0, [2.411922898920065, -58.080211688840684]
3, 8, 0, [-0.7227957714809786, -54.034870479400546]
3, 9, 0, [-1.499362076116782, -55.78930541351673]
4, 0, 0.8803983245, [0.08276468482190225, -49.35626804999159]
4, 1, 0.8799081371, [0.06633351392277327, -49.16470100303154]
4, 2, 0.8682415845, [0.08276468482190225, -47.49971675549303]
4, 3, 0.8670766925, [0.08276468482190225, -47.08635643608599]
4, 4, 0.8500866632, [0.08276468482190225, -57.20541596525948]
4, 5, 0.8379019913, [0.20842112411062996, -53.55519614605135]
4, 6, 0.8377856496, [0.04594208289479322, -59.26122704825738]
4, 7, 0.8272220981, [0.20842112411062996, -57.80577303600025]
4, 8, 0.1155712505, [-0.5960257392603695, -50.56061345774327]
4, 9, 0, [1.7544479984715138, -48.715758073748475]
5, 0, 0.8803983245, [0.08276468482190225, -49.35626804999159]
5, 1, 0.8674005768, [0.08276468482190225, -46.86827337049027]
5, 2, 0.8662650834, [0.06518300201602971, -46.342707445399846]
5, 3, 0.8618411171, [0.07454909937233775, -45.61472714155488]
5, 4, 0.8564781731, [0.08276468482190225, -43.86376773438158]
5, 5, 0.8384694514, [0.1468668158822852, -59.0225263207858]
5, 6, 0.613129721, [1.0285725485151747, -49.93038406314468]
5, 7, 0, [2.699580365052946, -55.042624299673896]
5, 8, 0, [4.664651098570305, -48.33220887926228]
5, 9, 0, [-1.7181009560407658, -53.28084200762554]
6, 0, 0.8803983245, [0.08276468482190225, -49.35626804999159]
6, 1, 0.8769284555, [0.08276468482190225, -48.112270710240935]
6, 2, 0.865164287, [0.08276468482190225, -54.126275259435104]
6, 3, 0.8534227793, [0.07454909937233775, -43.75334602082935]
6, 4, 0.3304205643, [-0.20457623412625403, -49.739186918435365]
6, 5, 0, [3.2550759635564703, -48.56730111963919]
6, 6, 0, [-6.00008834280773, -47.48549759577324]
6, 7, 0, [-5.98927835865495, -52.629350393265085]
6, 8, 0, [-0.6426004014198217, -45.61472714155488]
6, 9, 0, [-0.7452149889813824, -50.51546490863684]
7, 0, 0.8803983245, [0.08276468482190225, -49.35626804999159]
7, 1, 0.8769284555, [0.08276468482190225, -48.112270710240935]
7, 2, 0.8560741349, [0.1522280248777651, -46.2887782585742]
7, 3, 0.697309635, [0.7784569987176283, -46.55480703541047]
7, 4, 0.365028507, [-0.2015096496083028, -46.7609000641629]
7, 5, 0, [3.6943525444289955, -47.35877573661027]
7, 6, 0, [2.444322332144049, -51.43881997352894]
7, 7, 0, [-2.481272548166443, -59.23564262118949]
7, 8, 0, [1.4076376707789657, -49.28425883145805]
7, 9, 0, [1.4439952008319517, -48.88248492607384]
8, 0, 0.8803983245, [0.08276468482190225, -49.35626804999159]
8, 1, 0.8633699408, [0.11749635484983367, -47.82252315428289]
8, 2, 0.7966383704, [0.4306108417697653, -50.169818226074874]
8, 3, 0.7838367153, [0.4653425117976967, -46.47934500560076]
8, 4, 0, [-1.7990298146347592, -46.42179264699233]
8, 5, 0, [1.2906482713628098, -47.95553754270103]
8, 6, 0, [1.520443434626784, -51.71643593876628]
8, 7, 0, [1.9323460585902592, -48.68018851787394]
8, 8, 0, [-0.7010686358880588, -43.969671948376664]
8, 9, 0, [3.867211002635058, -47.3335388728257]
9, 0, 0.8803983245, [0.08276468482190225, -49.35626804999159]
9, 1, 0.8701438923, [0.10793562441427504, -49.40304502937799]
9, 2, 0.8316173844, [0.25668776329583376, -44.457544959040895]
9, 3, 0.5090474279, [-0.1302201446527319, -48.24235933538391]
9, 4, 0.3973197522, [1.2289483734096267, -49.874920410942195]
9, 5, 0, [-1.0543094468689036, -43.88502316784546]
9, 6, 0, [-5.675500389456812, -49.35626804999159]
9, 7, 0, [-1.7106078525295185, -50.43646032311578]
9, 8, 0, [-1.247534538210494, -48.324581615837815]
9, 9, 0, [-2.8640685727617745, -50.169818226074874]
10, 0, 0.8803983245, [0.08276468482190225, -49.35626804999159]
10, 1, 0.8803983245, [0.08276468482190225, -49.35626804999159]
10, 2, 0.8701438923, [0.10793562441427504, -49.40304502937799]
10, 3, 0.8701438923, [0.10793562441427504, -49.40304502937799]
10, 4, 0.8337987748, [0.12179072026193556, -62.36423662056056]
10, 5, 0.8177502285, [0.2705428591434943, -55.1712164387466]
10, 6, 0.7707216154, [0.5079183359351953, -52.58996933936602]
10, 7, 0.7059032231, [0.758892139675285, -51.354316748106946]
10, 8, 0, [3.633933284098032, -49.99758558639234]
10, 9, 0, [2.259970379299734, -49.6155942304669]
11, 0, 0.8803983245, [0.08276468482190225, -49.35626804999159]
11, 1, 0.8763905062, [0.08276468482190225, -48.30013809846273]
11, 2, 0.7486498129, [0.5963806658208369, -51.53819092826699]
11, 3, 0, [1.8872670132422404, -64.29507874867625]
11, 4, 0, [-2.172309099223307, -54.9557770662472]
11, 5, 0, [4.722321110826204, -47.22234436380053]
11, 6, 0, [1.9120200525814934, -51.311712749708214]
11, 7, 0, [-1.2076427345609424, -47.363778176533955]
11, 8, 0, [4.021020599642476, -48.82987349636429]
11, 9, 0, [-2.059355781663204, -44.6851311656776]
12, 0, 0.8803983245, [0.08276468482190225, -49.35626804999159]
12, 1, 0.8335080949, [0.2625619476677157, -47.31953408399311]
12, 2, 0.8236100355, [0.3141042701016197, -49.35626804999159]
12, 3, 0.7487999176, [0.5957392387418414, -47.793587556306385]
12, 4, 0.2129668875, [-0.2585784450098085, -55.67529351915242]
12, 5, 0, [-0.6946681806410032, -46.85722763437761]
12, 6, 0, [-2.266137639427793, -46.19261793394849]
12, 7, 0, [1.4998370122788414, -48.30013809846273]
12, 8, 0, [2.1214742314944615, -48.30013809846273]
12, 9, 0, [4.294307596612222, -56.90694557128967]
13, 0, 0.8803983245, [0.08276468482190225, -49.35626804999159]
13, 1, 0.8670766925, [0.08276468482190225, -47.00320957811986]
13, 2, 0.8648660859, [0.0019917513289536004, -50.29277740852114]
13, 3, 0.8620519166, [0.0019917513289536004, -51.49741380157276]
13, 4, 0.8436297843, [0.0019917513289536004, -54.59743313562529]
13, 5, 0, [-2.6564937205656243, -48.33790106699235]
13, 6, 0, [3.49400752722141, -54.20135199457247]
13, 7, 0, [-1.9346386699411, -52.93728886349422]
13, 8, 0, [2.3670558172954417, -46.65411096351596]
13, 9, 0, [1.8450141834095435, -47.31953408399311]
14, 0, 0.8803983245, [0.08276468482190225, -49.35626804999159]
14, 1, 0.8736997271, [0.08276468482190225, -52.444022797223575]
14, 2, 0.8627501229, [0.0019917513289536004, -50.75245390258215]
14, 3, 0.8218443993, [0.3224487345844671, -47.74180905647867]
14, 4, 0, [6.036047826368096, -51.722737482196464]
14, 5, 0, [2.718981970932481, -48.33790106699235]
14, 6, 0, [2.203114332042209, -57.82719262700038]
14, 7, 0, [-3.93572594958653, -50.55474021928493]
14, 8, 0, [-5.225251656044823, -48.179738814055725]
14, 9, 0, [-0.6713407823793266, -50.47964520054906]
15, 0, 0.8803983245, [0.08276468482190225, -49.35626804999159]
15, 1, 0.8656398417, [0.012909995939917162, -49.46476542518296]
15, 2, 0.865553512, [0.13389246444364947, -49.28682034154041]
15, 3, 0.8516535385, [0.08276468482190225, -56.54732949938784]
15, 4, 0.4855355036, [-0.13422472946741976, -48.356733791299405]
15, 5, 0.4257509634, [-0.13261679898035772, -54.385913918783295]
15, 6, 0.4021917071, [-0.17444602389742975, -44.11609185994787]
15, 7, 0.2115878564, [-0.36164691422251816, -52.884551558746594]
15, 8, 0, [2.3072276244866634, -54.96082566374769]
15, 9, 0, [4.003027137265619, -51.333211291121145]
16, 0, 0.8803983245, [0.08276468482190225, -49.35626804999159]
16, 1, 0.8757904295, [0.07340123019178331, -51.54363396474157]
16, 2, 0.8682709268, [0.07340123019178331, -53.4566215371252]
16, 3, 0.8625763587, [0.08276468482190225, -45.18903739330739]
16, 4, 0.2043549141, [-0.24026664403584383, -56.98313988674175]
16, 5, 0, [3.948264024561596, -47.22901175886884]
16, 6, 0, [-4.056350120923269, -47.355452786395304]
16, 7, 0, [1.9632239240180602, -49.41051673758727]
16, 8, 0, [-2.0636102100794513, -50.102278153718146]
16, 9, 0, [-3.189665759518216, -48.84557672790582]
17, 0, 0.8803983245, [0.08276468482190225, -49.35626804999159]
17, 1, 0.8796192559, [0.07808295750684277, -50.47942779091146]
17, 2, 0.203931777, [-0.4091426767050125, -52.272999266739326]
17, 3, 0.1304970305, [-0.589174909339199, -48.32628278961053]
17, 4, 0, [8.034255914734914, -54.26218613920299]
17, 5, 0, [7.281813803755744, -55.80252754176249]
17, 6, 0, [1.5584216793482875, -49.35626804999159]
17, 7, 0, [6.0192192364124795, -51.54492089154663]
17, 8, 0, [-2.21642742151811, -46.663307620626966]
17, 9, 0, [-0.676961831644753, -51.54363396474157]
18, 0, 0.8803983245, [0.08276468482190225, -49.35626804999159]
18, 1, 0.8768220375, [0.07808295750684277, -51.591651503840666]
18, 2, 0.7007917728, [0.7688187671233124, -50.39783031779661]
18, 3, 0.6294862491, [1.0023884489018804, -47.83539305882554]
18, 4, 0, [2.2783342187087543, -47.2336160753095]
18, 5, 0, [-1.073785168241602, -49.31511163649235]
18, 6, 0, [2.216084225904567, -52.5824721068353]
18, 7, 0, [-1.002560865890151, -48.31990595408036]
18, 8, 0, [-1.8613668366162814, -46.958929447977454]
18, 9, 0, [-5.4968612336681915, -53.10317706716939]
19, 0, 0.8803983245, [0.08276468482190225, -49.35626804999159]
19, 1, 0.8798959949, [0.08237977620669237, -49.745737188173955]
19, 2, 0.7941304544, [0.4234508623150776, -52.28565092959917]
19, 3, 0.7459953596, [0.5645390736200823, -58.12723449851413]
19, 4, 0.7297689215, [0.6349664733831848, -55.30895732157161]
19, 5, 0.2802504511, [-0.25374343945637423, -49.07720420997031]
19, 6, 0, [-2.3640212332724397, -59.24854565795794]
19, 7, 0, [-1.616256396009264, -43.80071620995345]
19, 8, 0, [-6.951259920709115, -59.037286428241444]
19, 9, 0, [-1.6273325031320511, -49.11243736969744]
20, 0, 0.8809116515, [0.0823955159092341, -49.84362543860889]
20, 1, 0.8803983245, [0.08276468482190225, -49.35626804999159]
20, 2, 0.8799278003, [0.08278042452444397, -49.48982658484207]
20, 3, 0.8751474135, [0.08237977620669237, -52.13966036194814]
20, 4, 0.2177401612, [-0.41291426737040426, -50.449924761411985]
20, 5, 0, [-4.038088422531533, -48.53033410342249]
20, 6, 0, [-1.665371083794607, -52.17791466610726]
20, 7, 0, [2.026548051296629, -43.81446943950615]
20, 8, 0, [5.039537987879204, -50.820959489795385]
20, 9, 0, [-1.748834583967307, -56.660084999592435]
21, 0, 0.881426991, [0.08258010036556818, -50.036406865595]
21, 1, 0.8809116515, [0.0823955159092341, -49.84362543860889]
21, 2, 0.8799278003, [0.08278042452444397, -49.48982658484207]
21, 3, 0.8786045997, [0.08257223051429731, -50.747964205969865]
21, 4, 0.6020029417, [1.045894730872525, -49.48982658484207]
21, 5, 0, [1.9213866604114218, -50.60278893710891]
21, 6, 0, [-7.82811414468967, -49.90309640570179]
21, 7, 0, [2.368669924882801, -51.35645178975967]
21, 8, 0, [-1.077374004507006, -45.10550496937974]
21, 9, 0, [-0.6764141870184953, -50.991642900278514]
22, 0, 0.881426991, [0.08258010036556818, -50.036406865595]
22, 1, 0.8803333182, [0.08248780813740114, -49.94001615210195]
22, 2, 0.8791924038, [0.08258010036556818, -49.68280575742954]
22, 3, 0.8732847013, [0.08268026244500606, -52.53069452276987]
22, 4, 0.8713760376, [0.08257287306642098, -52.84513084463805]
22, 5, 0.2373035838, [-0.437046192248548, -45.57688615473593]
22, 6, 0, [-4.01519452935475, -49.59872609303135]
22, 7, 0, [-5.319062671187605, -50.14530637378428]
22, 8, 0, [-4.720258381812111, -48.31791427300249]
22, 9, 0, [3.507874791870682, -49.94922758528635]
23, 0, 0.881426991, [0.08258010036556818, -50.036406865595]
23, 1, 0.8798959949, [0.08252404397144815, -49.8000178825822]
23, 2, 0.8773682566, [0.0825840352912036, -51.82938228892984]
23, 3, 0.8674540068, [0.08258010036556818, -47.24887987511734]
23, 4, 0.8674005768, [0.08258010036556818, -46.85323451454842]
23, 5, 0.8670766925, [0.08261633619961518, -46.93429356318414]
23, 6, 0, [-4.558464860635113, -51.29998027771239]
23, 7, 0, [-1.718549358669536, -50.07904997734537]
23, 8, 0, [4.715962448784463, -52.53069452276987]
23, 9, 0, [4.423048204462862, -53.072385686996476]
24, 0, 0.881426991, [0.08258010036556818, -50.036406865595]
24, 1, 0.8744507725, [0.08252404397144815, -52.26698418866107]
24, 2, 0.8594992044, [0.08262604712343735, -55.015071953593356]
24, 3, 0.6464467394, [0.9609212169665441, -53.20258570417188]
24, 4, 0.5595902524, [1.1182851782419865, -49.25067827959118]
24, 5, 0.1632922871, [-0.5205613607608701, -48.67979995078198]
24, 6, 0, [-3.4829180414749654, -50.036406865595]
24, 7, 0, [2.8010098574487, -48.37531118077874]
24, 8, 0, [1.3685348974300855, -55.88626719424113]
24, 9, 0, [1.7564109563813741, -50.09731539209556]
25, 0, 0.881426991, [0.08258010036556818, -50.036406865595]
25, 1, 0.8677610028, [0.08260307374450276, -53.779571762347004]
25, 2, 0.6261291191, [1.0024453518898029, -53.318161785024515]
25, 3, 0, [-1.6995754339504037, -43.348350346030216]
25, 4, 0, [2.885155964492987, -51.488156952966754]
25, 5, 0, [-7.708300432552639, -55.211905734899844]
25, 6, 0, [3.6640242504021665, -57.916992508883084]
25, 7, 0, [-1.4013867935234958, -55.015071953593356]
25, 8, 0, [-1.798643850177457, -53.21066184891135]
25, 9, 0, [-6.537780496366663, -48.66502455565928]
26, 0, 0.881426991, [0.08258010036556818, -50.036406865595]
26, 1, 0.8595683277, [0.11669261308224854, -47.1995750173574]
26, 2, 0.852263082, [0.08259158705503547, -55.95714989863713]
26, 3, 0.8193932897, [0.2790845335615611, -53.22647982047576]
26, 4, 0.768144847, [0.5425127261276855, -51.677284325309756]
26, 5, 0, [5.281179947634092, -53.41097505035047]
26, 6, 0, [2.2008570035444714, -51.536665104148625]
26, 7, 0, [-4.013276618625886, -51.533248918898295]
26, 8, 0, [6.73705320981448, -48.8501720069829]
26, 9, 0, [-2.578638817907396, -48.99021501619852]
27, 0, 0.881426991, [0.08258010036556818, -50.036406865595]
27, 1, 0.8595683277, [0.11669261308224854, -47.1995750173574]
27, 2, 0.8451076452, [0.1808380603082983, -54.51140435723489]
27, 3, 0.1114651382, [-0.5997636633188521, -52.152948557288695]
27, 4, 0, [1.6319636133013848, -47.1995750173574]
27, 5, 0, [-1.5957947308843545, -50.71606983606066]
27, 6, 0, [-1.0099826112592591, -52.74423482406433]
27, 7, 0, [-4.557269938751305, -51.62066828980678]
27, 8, 0, [7.007063746840135, -47.54168506917198]
27, 9, 0, [5.355224763773755, -54.59181485955644]
28, 0, 0.881426991, [0.08258010036556818, -50.036406865595]
28, 1, 0.8744067933, [0.09963635672390836, -49.01650825104709]
28, 2, 0.8642636647, [0.13170908033693324, -50.47915631160716]
28, 3, 0.6470023169, [0.9633880717867878, -52.273905611414946]
28, 4, 0, [2.6473613447609634, -52.273905611414946]
28, 5, 0, [4.129560657494077, -47.07799506677333]
28, 6, 0, [2.6204897119610226, -50.633092011335066]
28, 7, 0, [3.419509199270112, -50.35039591907797]
28, 8, 0, [-4.418910758825816, -52.17663563951849]
28, 9, 0, [5.720641312872478, -55.559823129434875]
29, 0, 0.881426991, [0.08258010036556818, -50.036406865595]
29, 1, 0.8660267426, [0.1156727185304208, -48.19287294521199]
29, 2, 0.1486404876, [-0.5798824260865403, -41.91252640878436]
29, 3, 0, [1.3515349061632955, -50.33474943846503]
29, 4, 0, [3.5428882143949743, -51.929019624954286]
29, 5, 0, [-0.9283244164572213, -50.036406865595]
29, 6, 0, [1.2829466815897816, -49.405906530162305]
29, 7, 0, [-4.939775034342039, -50.34720677887053]
29, 8, 0, [-2.1596372010509537, -50.811368128048386]
29, 9, 0, [-6.588487887172086, -45.507422488815905]
30, 0, 0.881426991, [0.08258010036556818, -50.036406865595]
30, 1, 0.878689423, [0.09431503847299368, -50.039213979949174]
30, 2, 0.8640629032, [0.11431596508549852, -47.88284317590364]
30, 3, 0.8594735522, [0.08258010036556818, -44.51471892316991]
30, 4, 0.8017435015, [0.410807468645477, -46.61253798758884]
30, 5, 0, [6.773592088197753, -56.21998973557869]
30, 6, 0, [3.1747934087001752, -51.255228963533106]
30, 7, 0, [5.073256968694077, -46.394640708182074]
30, 8, 0, [1.803307324763234, -47.75364343084304]
30, 9, 0, [5.596946798561027, -50.158329688551554]
