0, 0, 0.6337557603, [2.6776492495740434, -39.69901537731266]
0, 1, 0.5351687026, [2.3745955322283314, -43.6517555819035]
0, 2, 0.487860103, [3.222628486966959, -57.391835021117515]
0, 3, 0.4468242075, [2.933006598372393, -59.80503720965817]
0, 4, 0.4156147368, [2.337993794602593, -59.249677343319995]
0, 5, 0.3820770781, [0.8715421771424384, -42.32202948372274]
0, 6, 0.377562029, [1.5767263688984465, -59.10608341685789]
0, 7, 0.3615166815, [0.8652329118126117, -44.839341356899126]
0, 8, 0.3246848082, [1.0626026142919174, -53.30367785553532]
0, 9, 0.2775690138, [0.1928758938935227, -54.034870479400546]
1, 0, 0.6337557603, [2.6776492495740434, -39.69901537731266]
1, 1, 0.5311644767, [2.8869341270852673, -45.90143586010948]
1, 2, 0.5145360381, [3.7265365926086553, -56.57075507489489]
1, 3, 0.4983843599, [1.6230688546853849, -42.202799695213706]
1, 4, 0.487860103, [3.222628486966959, -57.391835021117515]
1, 5, 0.482029452, [3.1329087089233187, -57.391835021117515]
1, 6, 0.2927991453, [-2.468550352111241, -45.69462196734059]
1, 7, 0.2776405302, [0.18979557663102353, -53.71101037197485]
1, 8, 0, [5.2365929510169735, -39.17578319471913]
1, 9, 0, [8.421379384754177, -41.85250913663442]
2, 0, 0.683280744, [2.370529193268296, -37.11769303909343]
2, 1, 0.6651266118, [1.7885764334235699, -30.07810896371009]
2, 2, 0.6337557603, [2.6776492495740434, -39.69901537731266]
2, 3, 0.6337557603, [2.6776492495740434, -39.69901537731266]
2, 4, 0.5367826004, [1.8345828215556441, -41.30517433262792]
2, 5, 0.5353464696, [1.5794719754526456, -39.58209618414528]
2, 6, 0.5154967253, [3.131160754085648, -49.7508256188965]
2, 7, 0.4184340204, [2.1677129330604625, -54.25500451173793]
2, 8, 0.3805044888, [0.9008853640058521, -42.80022561871107]
2, 9, 0.2976329725, [0.17897973737869943, -47.61651982502208]
3, 0, 0.7166848657, [2.3512571229513686, -32.103937547178916]
3, 1, 0.7057374832, [2.6776492495740434, -34.17585805995096]
3, 2, 0.7055695621, [2.079552813345933, -33.59790100140176]
3, 3, 0.6846193366, [2.5240892214211694, -31.459840164888497]
3, 4, 0.683280744, [2.370529193268296, -37.11769303909343]
3, 5, 0.5919478754, [1.4764012910926692, -35.85761281062559]
3, 6, 0.5917876233, [1.8584321510486896, -38.40835420820305]
3, 7, 0.5861023542, [1.585360167993395, -37.11769303909343]
3, 8, 0.4029962764, [0.8087938633575917, -38.872127973209615]
3, 9, 0.3731666967, [-0.061971596913311444, -32.48248952833593]
4, 0, 0.7166848657, [2.3512571229513686, -32.103937547178916]
4, 1, 0.7157709182, [2.3512571229513686, -34.373849161084514]
4, 2, 0.7012068258, [2.132321044407841, -31.31646524048374]
4, 3, 0.693844385, [2.2250410033071146, -35.625104414009826]
4, 4, 0.6829490161, [1.8356627621804344, -33.139897803564935]
4, 5, 0.6614606113, [2.514453186262706, -30.0790011013147]
4, 6, 0.649165512, [1.8606167348024054, -35.95844069661787]
4, 7, 0.605876888, [2.514453186262706, -39.784700311081146]
4, 8, 0.592309217, [2.2250410033071146, -39.87568130395872]
4, 9, 0.5077179603, [1.3645450747510115, -38.534789324317686]
5, 0, 0.7185565754, [3.31349615754377, -35.139532221197655]
5, 1, 0.7168534372, [2.2250410033071146, -32.402515712305416]
5, 2, 0.7166848657, [2.3512571229513686, -32.103937547178916]
5, 3, 0.7094349163, [2.3499356916617216, -31.56444890916975]
5, 4, 0.6972241739, [2.2250410033071146, -35.407021348414105]
5, 5, 0.6817557631, [2.241789083679605, -30.127675463076727]
5, 6, 0.6528523128, [3.5449516860699175, -32.66844981487931]
5, 7, 0.6246735794, [2.1575620736262846, -38.363601988532196]
5, 8, 0.4120058427, [0.2925943017032333, -32.621917675371925]
5, 9, 0, [5.005441507822119, -31.579022560654174]
6, 0, 0.7417620632, [3.31349615754377, -39.90953943064117]
6, 1, 0.7329001078, [3.0261552385956136, -35.52245108964143]
6, 2, 0.7185565754, [3.31349615754377, -35.139532221197655]
6, 3, 0.705932056, [2.769268580425442, -33.771023966751535]
6, 4, 0.677525475, [1.6327861908695622, -31.56444890916975]
6, 5, 0.6599248952, [2.3499356916617216, -29.703067788444216]
6, 6, 0.6555722857, [1.9412889066221575, -36.17421816514744]
6, 7, 0.3435025209, [-3.2470293103021044, -33.351990565183705]
6, 8, 0.340211556, [-2.7585468859330824, -38.41261456447115]
6, 9, 0, [6.008134996062096, -34.433794089049655]
7, 0, 0.7449556375, [3.741182475605114, -36.84028169869635]
7, 1, 0.7417620632, [3.31349615754377, -39.90953943064117]
7, 2, 0.7329001078, [3.0261552385956136, -35.52245108964143]
7, 3, 0.7219658186, [2.4182689779022253, -32.21024822690248]
7, 4, 0.7062760585, [2.7418809041654084, -34.17108044356339]
7, 5, 0.4518111132, [3.4705492214170537, -24.613907939910924]
7, 6, 0.4054674145, [0.6266951934465861, -37.13415569315538]
7, 7, 0, [5.960393497453456, -33.28024570493855]
7, 8, 0, [5.264949154808922, -35.73425646313277]
7, 9, 0, [4.370363147666452, -39.56973349474393]
8, 0, 0.7449556375, [3.741182475605114, -36.84028169869635]
8, 1, 0.7424459152, [3.0797257267536695, -36.739545646173255]
8, 2, 0.7419641882, [3.383668857100364, -36.18136639416889]
8, 3, 0.7058800395, [2.7222121082489195, -33.92390201688039]
8, 4, 0.6994801459, [2.5651038663624717, -32.328515188262664]
8, 5, 0.4158638832, [0.45783978181646345, -33.86634965827196]
8, 6, 0, [3.939763156346714, -34.52526496279941]
8, 7, 0, [4.965018066379324, -41.35707712331878]
8, 8, 0, [5.376920690342798, -38.32082970242644]
8, 9, 0, [6.3024827285882905, -36.05989382877182]
9, 0, 0.7449556375, [3.741182475605114, -36.84028169869635]
9, 1, 0.7141590834, [3.175517758404174, -34.990140243783294]
9, 2, 0.6772574303, [2.6041083439143087, -31.36903681655022]
9, 3, 0.62272132, [3.5624256663527394, -31.20532586744028]
9, 4, 0.5777925833, [1.357429267680417, -35.05263420552464]
9, 5, 0.4350197537, [0.8943559533613925, -37.16451291280261]
9, 6, 0.3631685275, [0.08898944256882446, -36.18136639416889]
9, 7, 0.3375985626, [-0.6379012432359561, -37.24134073478335]
9, 8, 0.336413359, [-2.0170825986736003, -36.84028169869635]
9, 9, 0, [3.767052974718268, -36.94311113447171]
10, 0, 0.7449556375, [3.741182475605114, -36.84028169869635]
10, 1, 0.7449556375, [3.741182475605114, -36.84028169869635]
10, 2, 0.7362410733, [3.059059765420827, -38.69501818050959]
10, 3, 0.7141590834, [3.175517758404174, -34.990140243783294]
10, 4, 0.7141590834, [3.175517758404174, -34.990140243783294]
10, 5, 0.6532497849, [2.657330652282704, -38.8934668896387]
10, 6, 0.623194235, [3.228740066772569, -44.76209042834865]
10, 7, 0, [4.417309930458497, -38.838330396811706]
10, 8, 0, [6.905236266955088, -34.77823778443189]
10, 9, 0, [4.153419721826735, -35.94645795211049]
11, 0, 0.7449556375, [3.741182475605114, -36.84028169869635]
11, 1, 0.7164854535, [3.741182475605114, -35.78415174716749]
11, 2, 0.708016773, [2.155357227825613, -33.89933260808899]
11, 3, 0.6768797792, [1.5990620091200078, -32.16914481438236]
11, 4, 0.4598630288, [1.2779697445708584, -40.78357494718911]
11, 5, 0, [4.732855104395432, -35.26476660413613]
11, 6, 0, [4.254798456604049, -39.02220457697175]
11, 7, 0, [8.380738901609416, -34.70635801250529]
11, 8, 0, [5.570437843364705, -38.795726398412974]
11, 9, 0, [7.384020562029031, -35.36542792791933]
12, 0, 0.7449556375, [3.741182475605114, -36.84028169869635]
12, 1, 0.7201746436, [2.4635745771192052, -35.011055889366155]
12, 2, 0.7084983799, [3.4169367193554234, -42.26791484762609]
12, 3, 0.6409389847, [2.25716858745765, -38.078994717800995]
12, 4, 0.6219759708, [1.3922801513554188, -33.67663158265325]
12, 5, 0, [4.720381318491906, -33.07957151777938]
12, 6, 0, [3.9725220608848315, -36.84028169869635]
12, 7, 0, [5.158254803062054, -35.78415174716749]
12, 8, 0, [5.779892022277673, -35.78415174716749]
12, 9, 0, [8.082776078537558, -33.22892099919373]
13, 0, 0.7449556375, [3.741182475605114, -36.84028169869635]
13, 1, 0.6911333406, [1.927927364237312, -33.13920734295808]
13, 2, 0.6785000394, [1.927927364237312, -34.3438437360097]
13, 3, 0.6779961042, [3.741182475605114, -34.48722322682462]
13, 4, 0.6271815477, [1.927927364237312, -37.44386307006223]
13, 5, 0.3804613303, [0.27322148955172665, -35.92566879403125]
13, 6, 0.3595202361, [-0.008703057032741546, -35.78371879793116]
13, 7, 0, [6.42372273733876, -41.78911972161137]
13, 8, 0, [6.025473608078654, -34.13812461222072]
13, 9, 0, [4.046026812861033, -35.011055889366155]
14, 0, 0.7449556375, [3.741182475605114, -36.84028169869635]
14, 1, 0.690743412, [2.1208359194664586, -35.042548795594094]
14, 2, 0.6657523601, [2.8345549199212132, -39.254028503995066]
14, 3, 0.657230511, [3.741182475605114, -33.742263327834]
14, 4, 0.3438826981, [-2.473461420945512, -34.989744520827216]
14, 5, 0.3415933325, [-1.1435492477407445, -35.71996201085578]
14, 6, 0, [7.079360374830793, -39.76781166156791]
14, 7, 0, [3.7622945193951787, -36.3829752463638]
14, 8, 0, [4.995291033887995, -42.99241441857123]
14, 9, 0, [4.272132194279406, -33.81321528489135]
15, 0, 0.7449556375, [3.741182475605114, -36.84028169869635]
15, 1, 0.7309863972, [2.9914237253390334, -35.60774822768353]
15, 2, 0.7182412921, [2.9571056432382137, -37.915725506871404]
15, 3, 0.6369941119, [2.7640015405839353, -40.13556599513072]
15, 4, 0.6325771571, [2.9310091975357864, -41.58859932292548]
15, 5, 0.3718145069, [-0.6200325434858274, -30.013118008728924]
15, 6, 0.3378082323, [-0.9859527598037966, -36.87134726367223]
15, 7, 0, [5.155472137200547, -40.00209548728533]
15, 8, 0, [3.9039427339328983, -36.720219470520696]
15, 9, 0, [4.00665733494226, -28.78310403779668]
16, 0, 0.7449556375, [3.741182475605114, -36.84028169869635]
16, 1, 0.7123791272, [2.974264684288624, -38.929577948657354]
16, 2, 0.6759036068, [2.974264684288624, -40.84256552104098]
16, 3, 0.6369484144, [3.741182475605114, -32.67305104201215]
16, 4, 0.404878091, [0.9213888010772311, -40.412466043468484]
16, 5, 0.3924130849, [0.46875203126499576, -36.32959037661058]
16, 6, 0.3535770822, [-0.7378843608321048, -34.168951011997976]
16, 7, 0.3447251503, [-2.7998119412813613, -32.87695647609736]
16, 8, 0.3343586587, [-0.4773219720362869, -37.852904301832886]
16, 9, 0, [7.606681815344808, -34.7130254075736]
17, 0, 0.7554012053, [3.357723579946869, -37.914406607221736]
17, 1, 0.7449556375, [3.741182475605114, -36.84028169869635]
17, 2, 0.7326834419, [3.069242881444013, -35.81029643831529]
17, 3, 0.7210561388, [2.37033742045757, -34.147301408357244]
17, 4, 0.6841219439, [3.1107821944636265, -41.67027672890847]
17, 5, 0.659213318, [2.870497945735014, -39.7079780830496]
17, 6, 0.6172432506, [2.2239016224520873, -38.929577948657354]
17, 7, 0.3276895977, [-1.0460509277850045, -38.929577948657354]
17, 8, 0, [8.738715530877897, -41.49598349764201]
17, 9, 0, [5.216839470131499, -36.84028169869635]
18, 0, 0.7594989662, [3.741182475605114, -37.95250541162556]
18, 1, 0.7554012053, [3.357723579946869, -37.914406607221736]
18, 2, 0.6833825314, [2.114674746570717, -35.50948454206878]
18, 3, 0.6660012525, [2.043450444219266, -36.50469022448077]
18, 4, 0.5725888753, [1.2558687758445868, -34.148508035965875]
18, 5, 0.3387807582, [-1.9261186955445435, -38.05225260684983]
18, 6, 0, [5.395569831169622, -34.42319466329792]
18, 7, 0, [5.333319838365435, -39.77205069482372]
18, 8, 0, [4.119624061362749, -35.02497164681396]
18, 9, 0, [4.339561305246961, -35.34690585747705]
19, 0, 0.7594989662, [3.741182475605114, -37.95250541162556]
19, 1, 0.7586140265, [3.709656369408593, -37.95914333698525]
19, 2, 0.6835692034, [2.736199163258793, -38.00285559342579]
19, 3, 0.6415794982, [2.9477147743269003, -41.02616198539823]
19, 4, 0.6277670842, [2.0310852876511607, -37.708674731331406]
19, 5, 0.6230366249, [2.070428667298817, -37.95250541162556]
19, 6, 0.5652027746, [2.433036598470828, -26.879208806487775]
19, 7, 0.5034439243, [1.685271761207652, -42.327038254492265]
19, 8, 0.3285351331, [-0.39907164358375447, -39.3101874177229]
19, 9, 0.3265356081, [-0.5190370307720549, -39.39809738952765]
20, 0, 0.7595531261, [3.7424716427326445, -38.05214341992836]
20, 1, 0.7594989662, [3.741182475605114, -37.95250541162556]
20, 2, 0.7589431272, [3.7109455365361232, -38.02311106087251]
20, 3, 0.7568600809, [3.709656369408593, -40.35306651075943]
20, 4, 0.7453561675, [3.229932924622152, -38.85474651663462]
20, 5, 0.5805689016, [2.023938951570945, -39.68536207565274]
20, 6, 0.5618165193, [1.9774761081979493, -40.5827364213299]
20, 7, 0.3423032176, [-0.4108118293296328, -36.743740252233785]
20, 8, 0.3398103405, [0.13682034470905746, -40.486266158673835]
20, 9, 0, [5.012131097160093, -30.971190452236435]
21, 0, 0.7620411232, [3.7418270591688794, -38.43878453707172]
21, 1, 0.7595531261, [3.7424716427326445, -38.05214341992836]
21, 2, 0.7589431272, [3.7109455365361232, -38.02311106087251]
21, 3, 0.7559167813, [3.7254194225068535, -39.15278596119249]
21, 4, 0.7076787251, [2.5654731874855505, -33.510326724602365]
21, 5, 0.7028237815, [2.96726217299416, -39.202604965343895]
21, 6, 0.6407077745, [2.1530107714950155, -37.71189439518908]
21, 7, 0.33917907, [-4.177481653301786, -38.403625964130086]
21, 8, 0, [5.580633619214733, -39.00516660858563]
21, 9, 0, [6.019302416270685, -39.856981348187965]
22, 0, 0.7620411232, [3.7418270591688794, -38.43878453707172]
22, 1, 0.7601396436, [3.7418270591688794, -38.08518342890626]
22, 2, 0.7593012799, [3.742149350950762, -38.24546397850004]
22, 3, 0.7442141689, [3.7263862978525015, -40.99852559652344]
22, 4, 0.7381534952, [3.726759061773056, -41.25037531527448]
22, 5, 0.694878705, [3.222200766554763, -33.97926382621265]
22, 6, 0.3399925816, [-1.0596724262947212, -36.72071465989302]
22, 7, 0.3352296588, [-0.38746050234192353, -38.105928972018276]
22, 8, 0.32938626, [-1.6602467973831456, -38.521602448217486]
22, 9, 0, [7.167536334684043, -38.254675411684445]
23, 0, 0.7620411232, [3.7418270591688794, -38.43878453707172]
23, 1, 0.758193474, [3.7419535975757956, -37.923383577909604]
23, 2, 0.7572148958, [3.7341066785106904, -40.135881464208786]
23, 3, 0.7171713881, [3.7422758893576784, -35.475150202777726]
23, 4, 0.7168281089, [3.742149350950762, -35.81153809618784]
23, 5, 0.7023128573, [3.7418270591688794, -35.25561218602514]
23, 6, 0.5996146298, [1.9406976001337752, -38.48142764882209]
23, 7, 0.550070285, [1.2977643664133827, -35.86682950731898]
23, 8, 0.3276016192, [-0.9069422174156263, -39.60647945299134]
23, 9, 0, [8.359668484191959, -40.99852559652344]
24, 0, 0.7620411232, [3.7418270591688794, -38.43878453707172]
24, 1, 0.756140119, [3.7419535975757956, -40.39034988398847]
24, 2, 0.7466307095, [3.1386674801254175, -37.041648097940836]
24, 3, 0.6972719459, [3.7396018642918807, -43.2009893918605]
24, 4, 0.3522776051, [0.17632891732834555, -38.43878453707172]
24, 5, 0, [6.460256816252011, -36.77768885225546]
24, 6, 0, [4.777532137045298, -37.6530559510679]
24, 7, 0, [5.027781856233396, -44.28864486571784]
24, 8, 0, [4.625803944519848, -41.205369662487485]
24, 9, 0, [5.415639797267662, -38.45916353925442]
25, 0, 0.7620411232, [3.7418270591688794, -38.43878453707172]
25, 1, 0.7533993796, [3.4402472696471484, -38.994048670259104]
25, 2, 0.6651346221, [1.51938836911392, -32.548741025612884]
25, 3, 0.6003718609, [1.6546546394784842, -37.041648097940836]
25, 4, 0.3797378484, [0.9800367971478794, -43.20906553659997]
25, 5, 0.3439310894, [-4.652258999550659, -37.238481879247324]
25, 6, 0.3419083624, [-3.1801363004640173, -33.87950146357138]
25, 7, 0, [6.104119767557311, -40.68854763254942]
25, 8, 0, [6.720065683404147, -39.943568653230564]
25, 9, 0, [6.800836129324633, -44.00529272656892]
26, 0, 0.7620411232, [3.7418270591688794, -38.43878453707172]
26, 1, 0.7074393506, [2.6306077141413997, -35.4937627813423]
26, 2, 0.7071543563, [3.591037164408014, -42.765577188331534]
26, 3, 0.6950455396, [2.2163781401249425, -35.449007894725995]
26, 4, 0.6559696646, [2.5474509545628163, -38.01784838409997]
26, 5, 0.4030088689, [0.7772983167583711, -38.44410234610988]
26, 6, 0.3402314892, [-1.9251816306121716, -35.349727374930836]
26, 7, 0, [8.78962552498707, -40.21940234004488]
26, 8, 0, [4.138150610107853, -33.75919317839886]
26, 9, 0, [3.752581563348566, -35.560923806629646]
27, 0, 0.7620411232, [3.7418270591688794, -38.43878453707172]
27, 1, 0.7074393506, [2.6306077141413997, -35.4937627813423]
27, 2, 0.6967352609, [2.9840826047592923, -39.75835103787426]
27, 3, 0.682591706, [2.903707652266478, -39.02688203920721]
27, 4, 0.5576747773, [2.076598418671972, -41.09251754179514]
27, 5, 0.5567269777, [1.7953477102370798, -39.71658502546927]
27, 6, 0.5264238992, [1.4907862990468765, -39.06435255379147]
27, 7, 0.3266223645, [-2.164437287077148, -40.03609321146889]
27, 8, 0, [4.145878714360536, -35.4937627813423]
27, 9, 0, [8.254564540770131, -35.84892008334227]
28, 0, 0.7620411232, [3.7418270591688794, -38.43878453707172]
28, 1, 0.7513982307, [3.362954831964086, -37.303818487665204]
28, 2, 0.7488933515, [3.1862173866551395, -37.3647909687779]
28, 3, 0.3330847585, [-0.7048886726316002, -38.722268840796104]
28, 4, 0.3206509057, [-1.3323297288945848, -40.5249183572493]
28, 5, 0, [5.878607096388116, -39.09856778747299]
28, 6, 0, [7.788807616297388, -35.480372738250054]
28, 7, 0, [6.2797366707643345, -39.03546968281179]
28, 8, 0, [6.650754950897264, -37.17505809513601]
28, 9, 0, [4.19463382341394, -39.09856778747299]
29, 0, 0.7620411232, [3.7418270591688794, -38.43878453707172]
29, 1, 0.7283479168, [3.3961019733688262, -41.07612163364976]
29, 2, 0.7283420861, [3.2745861093096127, -35.779345392106414]
29, 3, 0.6750434559, [2.73092254234609, -38.43878453707172]
29, 4, 0.6279378656, [3.079364532716771, -30.31490408026108]
29, 5, 0.4620089763, [0.5780042053095427, -32.15028883493372]
29, 6, 0.459174164, [1.2047486651371473, -39.48185144716051]
29, 7, 0.4516500237, [1.1361604405636334, -38.55300853885778]
29, 8, 0.3384957992, [-5.086561275368187, -39.494308787566005]
29, 9, 0.3341694878, [-1.2104058785982432, -37.26146512275541]
30, 0, 0.7620411232, [3.7418270591688794, -38.43878453707172]
30, 1, 0.726790746, [3.381927703481246, -41.02582014216828]
30, 2, 0.638278235, [3.7418270591688794, -32.91709659464662]
30, 3, 0, [10.243430195018611, -46.86280291553594]
30, 4, 0, [6.644631515521033, -41.89804214349035]
30, 5, 0, [3.8644242638940396, -38.442800360560916]
30, 6, 0, [8.464548490150218, -39.27909810575487]
30, 7, 0, [5.449736767123888, -36.41574938014663]
30, 8, 0, [4.727359407168089, -38.88985450077223]
30, 9, 0, [4.012432708104735, -37.2366755591688]
