0, 0, 0.8012649079, [0.8715421771424384, -42.32202948372274]
0, 1, 0.8001003362, [0.8652329118126117, -44.839341356899126]
0, 2, 0.7845098687, [1.0626026142919174, -53.30367785553532]
0, 3, 0.6056942726, [1.5767263688984465, -59.10608341685789]
0, 4, 0.6043264747, [0.1928758938935227, -54.034870479400546]
0, 5, 0, [2.337993794602593, -59.249677343319995]
0, 6, 0, [2.6776492495740434, -39.69901537731266]
0, 7, 0, [3.222628486966959, -57.391835021117515]
0, 8, 0, [2.3745955322283314, -43.6517555819035]
0, 9, 0, [2.933006598372393, -59.80503720965817]
1, 0, 0.8012649079, [0.8715421771424384, -42.32202948372274]
1, 1, 0.7990180918, [0.8715421771424384, -41.53793664612333]
1, 2, 0.7845098687, [1.0626026142919174, -53.30367785553532]
1, 3, 0.7838306663, [1.0455239661643139, -45.220919172841285]
1, 4, 0.7810519133, [0.972882836248277, -53.30367785553532]
1, 5, 0.6330045209, [1.4709805013588744, -46.9917737234064]
1, 6, 0.3178117886, [-2.0657605146187574, -44.13202902048637]
1, 7, 0.3156088915, [-4.309960513032195, -45.01410528007239]
1, 8, 0, [3.4241766132555425, -44.316109174305595]
1, 9, 0, [6.608963046992745, -46.99283511622088]
2, 0, 0.8012649079, [0.8715421771424384, -42.32202948372274]
2, 1, 0.8012649079, [0.8715421771424384, -42.32202948372274]
2, 2, 0.8006230608, [0.8263131522652456, -45.78290512108332]
2, 3, 0.7976721796, [0.8715421771424384, -40.427520180103876]
2, 4, 0.7253993926, [0.4988742948089362, -40.37444942511676]
2, 5, 0.6154955973, [0.02847574912403905, -43.928188439037996]
2, 6, 0.4294615996, [-0.07683359799384759, -34.517753691705515]
2, 7, 0.3675574313, [-0.06730759231370875, -53.93297295526318]
2, 8, 0.3612071335, [-1.0098641471813647, -41.929983064923036]
2, 9, 0.299062656, [-2.056040787995472, -47.29448826854733]
3, 0, 0.8012649079, [0.8715421771424384, -42.32202948372274]
3, 1, 0.8012649079, [0.8715421771424384, -42.32202948372274]
3, 2, 0.7669483415, [0.848927664703842, -37.10395325908848]
3, 3, 0.7491200445, [1.143246486747874, -40.828066029499894]
3, 4, 0.7285817686, [0.8715421771424384, -34.904362862742175]
3, 5, 0.6681983574, [0.2683906548891747, -44.58174129294657]
3, 6, 0.6495632475, [0.18327059433136217, -44.05246730240303]
3, 7, 0.6295469626, [0.08637315186753758, -42.32202948372274]
3, 8, 0.356466748, [-1.269982233116806, -41.20661801065691]
3, 9, 0.3236680542, [-0.6901931527682658, -44.07646441783892]
4, 0, 0.8031831385, [0.8533196738679409, -43.49120329158182]
4, 1, 0.8012649079, [0.8715421771424384, -42.32202948372274]
4, 2, 0.8007608724, [0.8307051614293445, -41.42113906885885]
4, 3, 0.7998329717, [0.8715421771424384, -44.591941097628336]
4, 4, 0.7983198204, [0.8602349209231401, -40.522042344626456]
4, 5, 0.7913436436, [0.8715421771424384, -39.2611327814725]
4, 6, 0.7907553341, [0.8715421771424384, -48.96683199123895]
4, 7, 0.762142153, [0.8602349209231401, -36.27146545467756]
4, 8, 0.6517843772, [0.19275175306016668, -42.32202948372274]
4, 9, 0.2732879031, [-0.2783659343692563, -47.71692100447548]
5, 0, 0.8031831385, [0.8533196738679409, -43.49120329158182]
5, 1, 0.8000730992, [0.8715421771424384, -41.369352395923926]
5, 2, 0.7994649245, [0.8715421771424384, -44.373858032032615]
5, 3, 0.7949019165, [0.8715421771424384, -39.675096566482935]
5, 4, 0.7928871448, [0.8511236692858914, -39.15410253858339]
5, 5, 0.7917806616, [0.9208794284559235, -47.7483071312644]
5, 6, 0.5150078909, [1.83378121173484, -43.08771254383588]
5, 7, 0.3593997374, [-0.9440883434671277, -42.006622818104134]
5, 8, 0, [3.363851929991498, -40.92362157548693]
5, 9, 0, [5.441225668483858, -41.87158427629079]
6, 0, 0.8031831385, [0.8533196738679409, -43.49120329158182]
6, 1, 0.8017020628, [0.8624309255051896, -42.430277843752876]
6, 2, 0.7911346662, [0.8533196738679409, -48.26121050102533]
6, 3, 0.7798836322, [0.8715421771424384, -37.8137154457574]
6, 4, 0.7654025766, [0.5659787549197847, -43.87412216002559]
6, 5, 0.6376829914, [0.15439267635027898, -39.675096566482935]
6, 6, 0.6167614602, [0.034451251701904995, -44.83347204214878]
6, 7, 0.3247209593, [-5.21631430939966, -41.58314992903237]
6, 8, 0.3033552417, [-5.218723369608911, -46.76428563485531]
6, 9, 0, [4.03884999696454, -42.664953452898324]
7, 0, 0.8031831385, [0.8533196738679409, -43.49120329158182]
7, 1, 0.8017020628, [0.8624309255051896, -42.430277843752876]
7, 2, 0.7936158495, [0.9360020582858348, -40.38643059183333]
7, 3, 0.7528307451, [0.5781565910749846, -41.07890719767484]
7, 4, 0.6135262502, [1.5622310321256978, -40.65245936866961]
7, 5, 0.2388219922, [-1.7146102565132946, -53.26931460928209]
7, 6, 0, [4.478126577837065, -41.4564280698694]
7, 7, 0, [3.220095875434446, -45.655563853543256]
7, 8, 0, [2.1914117041870353, -43.38191116471719]
7, 9, 0, [2.2145501898779902, -43.01742016766407]
8, 0, 0.8031831385, [0.8533196738679409, -43.49120329158182]
8, 1, 0.7963886968, [0.8946608660768879, -41.93881694170757]
8, 2, 0.7930367867, [0.7157381324714628, -44.49933592800217]
8, 3, 0.7879097439, [0.7570793246804097, -40.79022125336252]
8, 4, 0.6091911667, [0.07609587533899542, -38.085965735801345]
8, 5, 0.6083584451, [1.5757755620645073, -42.285055244628325]
8, 6, 0.3390643912, [-1.5072930017520463, -40.732668894754084]
8, 7, 0, [2.2955540494914475, -45.942907126317365]
8, 8, 0, [2.707456673454922, -42.90665970542502]
8, 9, 0, [4.15689391915538, -41.75459252071386]
9, 0, 0.8031831385, [0.8533196738679409, -43.49120329158182]
9, 1, 0.8014174293, [0.8632753873301867, -43.46744750715911]
9, 2, 0.7860787546, [0.7845289031697018, -38.68977143079965]
9, 3, 0.6972238719, [0.39762099522113614, -42.47458580714267]
9, 4, 0.6269876832, [1.4988604379811972, -44.13390534906038]
9, 5, 0.3534990838, [-0.9591024864182889, -42.64477859068234]
9, 6, 0.329925112, [-0.2837544578228648, -38.01995840943569]
9, 7, 0.3244073152, [-1.4221758007373133, -44.75665729796031]
9, 8, 0.3200019739, [-2.578941282060077, -44.49933592800217]
9, 9, 0.3174514641, [-4.9049454004107735, -43.49120329158182]
10, 0, 0.8031831385, [0.8533196738679409, -43.49120329158182]
10, 1, 0.8031831385, [0.8533196738679409, -43.49120329158182]
10, 2, 0.8014174293, [0.8632753873301867, -43.46744750715911]
10, 3, 0.8014174293, [0.8632753873301867, -43.46744750715911]
10, 4, 0.7872471444, [0.7918635209702467, -48.999310784828154]
10, 5, 0.7870510669, [1.0020167432729858, -46.72000551290364]
10, 6, 0.7777526812, [0.8706100051307316, -56.024506972664476]
10, 7, 0.6230040463, [1.5294471287213236, -45.48925198969717]
10, 8, 0, [4.355530314477866, -43.95979776595232]
10, 9, 0, [2.7802039061085386, -43.8125543203211]
11, 0, 0.8031831385, [0.8533196738679409, -43.49120329158182]
11, 1, 0.8018142052, [0.8533196738679409, -42.43507334005296]
11, 2, 0.6607947606, [1.3669356548668756, -45.67312616985722]
11, 3, 0.35698687, [-1.2888007926171654, -38.82006640726783]
11, 4, 0.3208224666, [-0.4446953585799671, -41.463447036219634]
11, 5, 0.300174089, [-1.4106189755777132, -47.977467941928246]
11, 6, 0, [2.5484749485501066, -49.81690854703466]
11, 7, 0, [5.492876099872243, -41.35727960539076]
11, 8, 0, [2.682575041627532, -45.44664799129844]
11, 9, 0, [4.783967975623451, -42.92954235604997]
12, 0, 0.8031831385, [0.8533196738679409, -43.49120329158182]
12, 1, 0.7826090236, [1.0331169367137543, -41.45446932558334]
12, 2, 0.7745368056, [1.0846592591476583, -43.49120329158182]
12, 3, 0.7298646047, [0.5290739176182504, -48.918836440511555]
12, 4, 0.6559430224, [1.3693184756803114, -41.909444445165704]
12, 5, 0.6217205331, [0.07130344323240345, -40.93781814133238]
12, 6, 0.340670793, [-1.4955826503817544, -40.32755317553872]
12, 7, 0.3167667676, [-0.42428822461796756, -41.66197748225162]
12, 8, 0, [2.27039200132488, -42.43507334005296]
12, 9, 0, [2.8920292205405, -42.43507334005296]
13, 0, 0.8031831385, [0.8533196738679409, -43.49120329158182]
13, 1, 0.7989868586, [0.8533196738679409, -41.138144819710085]
13, 2, 0.7181361405, [1.2012177061970328, -44.781976219427044]
13, 3, 0.7169176789, [1.2012177061970328, -40.477320492322896]
13, 4, 0.7140393537, [1.2012177061970328, -41.68195688537452]
13, 5, 0.3352441072, [-0.7354127150730208, -43.12183194729597]
13, 6, 0.3304514146, [-1.8859387315195857, -42.47283630858258]
13, 7, 0, [4.264562516267448, -48.3362872361627]
13, 8, 0, [3.1376108063414803, -40.78904620510619]
13, 9, 0, [2.615569172455582, -41.45446932558334]
14, 0, 0.8031831385, [0.8533196738679409, -43.49120329158182]
14, 1, 0.7945887551, [0.8533196738679409, -46.5789580388138]
14, 2, 0.7717817118, [1.0930037236305057, -41.8767442980689]
14, 3, 0.7160458799, [1.2012177061970328, -39.73236059333228]
14, 4, 0.6734195007, [0.31354968957773244, -42.037066166719235]
14, 5, 0.5220775188, [1.8140460162142182, -43.30651761943889]
14, 6, 0.3348054942, [-2.9508354776294707, -41.16446971495466]
14, 7, 0.3246716544, [-4.454696666998784, -42.31467405564595]
14, 8, 0, [5.131111871649833, -46.691354034643005]
14, 9, 0, [3.1880048039992683, -48.43692212267011]
15, 0, 0.8031831385, [0.8533196738679409, -43.49120329158182]
15, 1, 0.8009253253, [0.9259277980036633, -43.41089845445728]
15, 2, 0.7994772793, [0.8506657424896391, -39.91415475746959]
15, 3, 0.7870546172, [0.8533196738679409, -50.68226474097807]
15, 4, 0.7779924853, [0.6232435577345407, -44.44197252491678]
15, 5, 0.7679653946, [0.637938190065681, -48.52084916037352]
15, 6, 0.7629643008, [1.1254023127554444, -40.578198691996356]
15, 7, 0.3680536539, [-0.874808885716219, -35.453779885577475]
15, 8, 0.3508147509, [-0.6164881497550054, -36.77713225509598]
15, 9, 0, [3.077782613532702, -49.09576090533792]
16, 0, 0.8031831385, [0.8533196738679409, -43.49120329158182]
16, 1, 0.8000495, [0.8882967702466512, -43.830367687343326]
16, 2, 0.7975369265, [0.8882967702466512, -45.743355259726954]
16, 3, 0.7924086808, [0.8533196738679409, -39.323972634897615]
16, 4, 0.7268829639, [0.5302883450101948, -51.11807512833198]
16, 5, 0.3329044548, [-3.214563725368376, -41.395986921827586]
16, 6, 0.3322621599, [-1.2930552210334125, -44.23721339530837]
16, 7, 0.3275180238, [-2.4191107704721775, -42.98051196949605]
16, 8, 0.2991450145, [-1.9664740006599422, -47.06338763635395]
16, 9, 0, [4.718819013607634, -41.36394700045907]
17, 0, 0.8031831385, [0.8533196738679409, -43.49120329158182]
17, 1, 0.8029544954, [0.8708082220572961, -43.69026227300745]
17, 2, 0.7686395239, [1.1118487442431908, -46.57320548227896]
17, 3, 0.6905631506, [0.38358258784544086, -45.483833748835316]
17, 4, 0.6521880086, [0.18138007970683967, -42.46121803120076]
17, 5, 0.6439010804, [0.13793370841011487, -43.830367687343326]
17, 6, 0.3419197182, [-1.4144841245500097, -40.797868566217566]
17, 7, 0.3260031167, [-3.132018841826977, -43.830367687343326]
17, 8, 0, [8.337129923248861, -46.233305444481466]
17, 9, 0, [2.328976668394326, -43.49120329158182]
18, 0, 0.8031831385, [0.8533196738679409, -43.49120329158182]
18, 1, 0.7999629858, [0.8708082220572961, -44.802485985936656]
18, 2, 0.4999383626, [1.8740446920172196, -43.48163615923304]
18, 3, 0.4767693427, [1.9256771098726406, -44.15335066661442]
18, 4, 0.3580698242, [-0.13090462277481163, -43.966149054487865]
18, 5, 0.3555508398, [-0.989710593500942, -42.60517254838496]
18, 6, 0.3177402355, [-0.2021289251262628, -44.96135473689985]
18, 7, 0.3033112229, [-4.340002890918863, -46.8586974159872]
18, 8, 0, [3.1499904618240935, -42.879859175717]
18, 9, 0, [3.0877404690199066, -48.2287152072428]
19, 0, 0.8031831385, [0.8533196738679409, -43.49120329158182]
19, 1, 0.8022530025, [0.8518818513694065, -43.719667065886156]
19, 2, 0.7891380852, [0.871570034621204, -51.22193457233539]
19, 3, 0.6643274634, [1.3562114242872112, -51.1770636167321]
19, 4, 0.6571188357, [1.3724264570372577, -45.43297109136539]
19, 5, 0.6097863104, [1.5839420681053649, -48.45627748333783]
19, 6, 0.5913010797, [1.6193348718843799, -35.7741051243309]
19, 7, 0.3396316176, [-0.8567775140860125, -43.247372611287666]
19, 8, 0.3357269676, [-0.8174341344383564, -43.49120329158182]
19, 9, 0.3224954128, [-0.6099447566234221, -43.074379254107235]
20, 0, 0.8031831385, [0.8533196738679409, -43.49120329158182]
20, 1, 0.802717134, [0.8533784693782009, -43.61049604418462]
20, 2, 0.8025843006, [0.8519406468796665, -43.803289534073414]
20, 3, 0.7968549332, [0.8518818513694065, -46.11359023966034]
20, 4, 0.6851800006, [0.35711426473397223, -44.504357321063196]
20, 5, 0.3291306798, [-3.268586347368819, -42.50426398113469]
20, 6, 0.3145464629, [-0.8953425516902305, -46.232347225758474]
20, 7, 0.2859806417, [-2.000461612670128, -48.824733973113766]
20, 8, 0.2747809692, [-1.0461875252340267, -50.450435161392555]
20, 9, 0, [2.635885131972712, -40.35007888166937]
21, 0, 0.8031831385, [0.8533196738679409, -43.49120329158182]
21, 1, 0.8025843006, [0.8519406468796665, -43.803289534073414]
21, 2, 0.8007211015, [0.8533490716230709, -43.98730978917798]
21, 3, 0.7997868502, [0.8526301603738038, -44.862043141922484]
21, 4, 0.6320061635, [0.09379892954221525, -44.80239676562108]
21, 5, 0.5208792125, [1.8150549532277476, -43.803289534073414]
21, 6, 0.3321107509, [-0.7204524719569292, -43.311686195466265]
21, 7, 0.3312539612, [-0.30731607464749944, -39.21958390533236]
21, 8, 0.3082415184, [-7.057792986359333, -44.05742668262391]
21, 9, 0, [2.692155631668925, -44.55369186069189]
22, 0, 0.8038818711, [0.8533196738679409, -43.13760218341636]
22, 1, 0.8031831385, [0.8533196738679409, -43.49120329158182]
22, 2, 0.802717134, [0.8526301603738038, -43.64724641282761]
22, 3, 0.7947374587, [0.8533343727455059, -46.50683433793123]
22, 4, 0.7934295907, [0.8526864572903159, -47.073235692952835]
22, 5, 0.6674300563, [0.33369338125382475, -39.03168258072275]
22, 6, 0.3291173195, [-3.94946315394535, -41.88673661135148]
22, 7, 0.3216238735, [-3.2446234806612635, -44.08615300672565]
22, 8, 0.3167239748, [-4.5483206960903715, -43.59004650912949]
22, 9, 0, [4.278017144107085, -43.65645784601202]
23, 0, 0.8045050155, [0.8535903910999652, -43.3284503529236]
23, 1, 0.8038818711, [0.8533196738679409, -43.13760218341636]
23, 2, 0.8008032178, [0.8533196738679409, -39.95442983236978]
23, 3, 0.8006736055, [0.8533270233067234, -45.59304576625046]
23, 4, 0.7996170991, [0.852900877605828, -40.87597954944374]
23, 5, 0.7989868586, [0.8526301603738038, -41.21332053051541]
23, 6, 0.3437123888, [-0.9478097851671632, -43.180245295166735]
23, 7, 0.3365171064, [-1.5917548241635757, -41.268611941646554]
23, 8, 0.3180392396, [-3.7877218726195934, -45.06364375503301]
23, 9, 0, [5.486616559084963, -46.50683433793123]
24, 0, 0.8045050155, [0.8535903910999652, -43.3284503529236]
24, 1, 0.8019807814, [0.8533196738679409, -42.3804104247947]
24, 2, 0.8003681225, [0.8533196738679409, -45.60456848949523]
24, 3, 0.6641738872, [0.24995069669342274, -42.465335178111914]
24, 4, 0.5558671727, [1.731674835030803, -45.78046093276744]
24, 5, 0.4942599241, [1.8892954689763835, -42.54272176691978]
24, 6, 0.3282414691, [-2.7119077507405684, -43.3284503529236]
24, 7, 0, [3.572020148183097, -41.66735466810734]
24, 8, 0, [2.1395451881644822, -49.17831068156973]
24, 9, 0, [2.526923013835667, -43.8828506194255]
25, 0, 0.8045050155, [0.8535903910999652, -43.3284503529236]
25, 1, 0.8000687264, [0.853455032483953, -45.72034177396224]
25, 2, 0.7835982985, [1.0324652371204408, -44.59555826565884]
25, 3, 0.3327429341, [-2.5096143704505787, -42.47341132285138]
25, 4, 0.3255763202, [-1.6695555487197657, -34.62574682666454]
25, 5, 0.3234578634, [-5.766928537627213, -40.605794567274515]
25, 6, 0.3070369006, [-0.6306931667789923, -45.60456848949523]
25, 7, 0.3044352249, [-6.9376068058081355, -45.80140227080172]
25, 8, 0, [2.9151758497236253, -42.76555343360108]
25, 9, 0, [4.43471787714667, -48.506489044784956]
26, 0, 0.8045050155, [0.8535903910999652, -43.3284503529236]
26, 1, 0.7987278071, [0.8709198648530747, -41.3142045624808]
26, 2, 0.7946353219, [0.943027814110203, -43.96200430929122]
26, 3, 0.7896456227, [0.853522711791959, -48.57355664810905]
26, 4, 0.7894799308, [0.6795204555466052, -44.83556306660054]
26, 5, 0.3301346867, [-0.8280796689833128, -44.09687654840681]
26, 6, 0.3219692087, [-3.6127615306433682, -43.817968902879755]
26, 7, 0.3197665327, [-2.598232306787758, -44.52313051041672]
26, 8, 0, [6.052111072371016, -46.02738179982239]
26, 9, 0, [2.6012929255295156, -43.14574835027341]
27, 0, 0.8045050155, [0.8535903910999652, -43.3284503529236]
27, 1, 0.7987278071, [0.8709198648530747, -41.3142045624808]
27, 2, 0.7946954253, [0.8982752629510811, -46.18736997637858]
27, 3, 0.6543849596, [0.21595959557593003, -42.80139750628004]
27, 4, 0.3520467202, [-0.9727752989462826, -42.75963149387505]
27, 5, 0.3264140468, [-0.8331759596317431, -44.41940635228667]
27, 6, 0.3193277082, [-3.766526897259981, -44.813511340201146]
27, 7, 0.2879779338, [-0.24736384000664768, -46.44757134029034]
27, 8, 0, [2.3861908650722112, -41.3142045624808]
27, 9, 0, [7.781023749367889, -41.55711417736115]
28, 0, 0.8045050155, [0.8535903910999652, -43.3284503529236]
28, 1, 0.8031591384, [0.8622551279765199, -42.7198447672731]
28, 2, 0.80294209, [0.8759328270255231, -42.96316086484331]
28, 3, 0.5636989795, [1.7076118184753777, -44.75791016465109]
28, 4, 0.3228428933, [-3.4928810350113313, -43.05435948225846]
28, 5, 0.3114611793, [-3.6562919875732045, -45.8799721557445]
28, 6, 0, [3.391585091449553, -44.75791016465109]
28, 7, 0, [4.900570948228474, -40.37003855410194]
28, 8, 0, [3.3915000026954196, -43.92513549866367]
28, 9, 0, [4.163732945958702, -42.834400472314115]
29, 0, 0.8045050155, [0.8535903910999652, -43.3284503529236]
29, 1, 0.7996594191, [0.8717079862759958, -44.78567510408028]
29, 2, 0.7985690988, [0.8690939775010216, -41.28654347994307]
29, 3, 0.6042184192, [0.1911278646478567, -35.204569896112964]
29, 4, 0.3492198034, [-1.3882335465291968, -42.2625620092883]
29, 5, 0.347680067, [-0.15731412572282433, -43.3284503529236]
29, 6, 0.3408925619, [-1.319645321955683, -43.19140491759103]
29, 7, 0.3253859466, [-1.3970184297983423, -44.514704644274396]
29, 8, 0.3251611577, [-3.615898010406834, -42.76866321059207]
29, 9, 0.3174057153, [-5.825869115919474, -39.210759005041915]
30, 0, 0.8045050155, [0.8535903910999652, -43.3284503529236]
30, 1, 0.8035769005, [0.860015052243033, -43.33066924158684]
30, 2, 0.8002268316, [0.8709651889081256, -44.34924698031734]
30, 3, 0.7806886156, [0.8535903910999652, -37.80676241049851]
30, 4, 0.6056173682, [1.472638030406502, -34.00246091821005]
30, 5, 0, [7.537114867437738, -51.16241255867715]
30, 6, 0, [3.938316187940161, -46.19765178663156]
30, 7, 0, [5.823981959475294, -42.98685464135943]
30, 8, 0, [2.574931571574683, -40.91928856371705]
30, 9, 0, [2.1875647294698566, -35.655639859813476]
