0, 0, 0.814323556, [2.6776492495740434, -39.69901537731266]
0, 1, 0.7882897135, [2.3745955322283314, -43.6517555819035]
0, 2, 0.4877272797, [3.222628486966959, -57.391835021117515]
0, 3, 0.4503506658, [0.8715421771424384, -42.32202948372274]
0, 4, 0.4449981235, [2.933006598372393, -59.80503720965817]
0, 5, 0.4287243756, [2.337993794602593, -59.249677343319995]
0, 6, 0.40928789, [0.8652329118126117, -44.839341356899126]
0, 7, 0.3758462611, [1.5767263688984465, -59.10608341685789]
0, 8, 0.3308218045, [1.0626026142919174, -53.30367785553532]
0, 9, 0.2467176977, [0.1928758938935227, -54.034870479400546]
1, 0, 0.814323556, [2.6776492495740434, -39.69901537731266]
1, 1, 0.7717234797, [2.8869341270852673, -45.90143586010948]
1, 2, 0.6986982214, [1.6230688546853849, -42.202799695213706]
1, 3, 0.493863813, [3.7265365926086553, -56.57075507489489]
1, 4, 0.4888746507, [3.1329087089233187, -57.391835021117515]
1, 5, 0.4877272797, [3.222628486966959, -57.391835021117515]
1, 6, 0.2856711588, [-2.468550352111241, -45.69462196734059]
1, 7, 0.2482001585, [0.18979557663102353, -53.71101037197485]
1, 8, 0, [5.2365929510169735, -39.17578319471913]
1, 9, 0, [8.421379384754177, -41.85250913663442]
2, 0, 0.8187406052, [2.370529193268296, -37.11769303909343]
2, 1, 0.814323556, [2.6776492495740434, -39.69901537731266]
2, 2, 0.814323556, [2.6776492495740434, -39.69901537731266]
2, 3, 0.761469254, [1.8345828215556441, -41.30517433262792]
2, 4, 0.7093958056, [1.7885764334235699, -30.07810896371009]
2, 5, 0.5742748313, [1.3445650806976128, -44.03782252463112]
2, 6, 0.4774366437, [0.7927861214073448, -39.838596579701154]
2, 7, 0.4477569854, [0.9008853640058521, -42.80022561871107]
2, 8, 0.428657434, [1.1159790640988276, -47.07102682189734]
2, 9, 0.3171902222, [-0.8727541315829357, -40.43254213518149]
3, 0, 0.8187406052, [2.370529193268296, -37.11769303909343]
3, 1, 0.8102672835, [2.5240892214211694, -38.40835420820305]
3, 2, 0.7970364191, [1.8584321510486896, -38.40835420820305]
3, 3, 0.7915665829, [2.795793531026605, -36.91439075398021]
3, 4, 0.7897440189, [1.8345828215556441, -35.78201701526622]
3, 5, 0.7837056134, [1.9209376991679057, -40.66806601742688]
3, 6, 0.7734546298, [1.585360167993395, -37.11769303909343]
3, 7, 0.7212406423, [2.5240892214211694, -31.459840164888497]
3, 8, 0.5029886907, [0.8087938633575917, -38.872127973209615]
3, 9, 0.4215630194, [0.3825648111619251, -37.292942735137224]
4, 0, 0.8191021494, [2.370529193268296, -39.38760465299903]
4, 1, 0.8187406052, [2.370529193268296, -37.11769303909343]
4, 2, 0.8030569693, [1.8465074863021669, -37.362493005496866]
4, 3, 0.8005269821, [1.9578875299096488, -36.223405861106684]
4, 4, 0.7934293145, [1.768518783262461, -37.76302362364824]
4, 5, 0.7904190963, [2.4473092073447327, -34.702126921398]
4, 6, 0.7816788511, [2.4473092073447327, -44.40782613116445]
4, 7, 0.7578097619, [1.8465074863021669, -41.61306989544576]
4, 8, 0.6914003698, [1.4457904876900425, -40.66207903212759]
4, 9, 0.57455395, [1.297401095833038, -43.15791514440099]
5, 0, 0.8191021494, [2.370529193268296, -39.38760465299903]
5, 1, 0.7995032606, [1.9578875299096488, -36.00532279551096]
5, 2, 0.794551028, [2.3699074900791293, -34.55572711785224]
5, 3, 0.7943394482, [2.108518339785231, -34.52261128458775]
5, 4, 0.766432743, [1.9578875299096488, -33.000817159402274]
5, 5, 0.7567434652, [3.332768227860697, -37.88337609920657]
5, 6, 0.7446508091, [2.1336261193257613, -44.3169984514839]
5, 7, 0.6754439188, [3.564223756386845, -35.41229369288823]
5, 8, 0.3894847622, [0.26865834740271, -38.575314138323634]
5, 9, 0, [4.938997257004626, -36.44958271141105]
6, 0, 0.8191021494, [2.370529193268296, -39.38760465299903]
6, 1, 0.8159370762, [2.1642083615889725, -37.696463724255]
6, 2, 0.8025023324, [2.0831882743201398, -39.770523521442804]
6, 3, 0.7800540621, [2.370529193268296, -44.15761186244254]
6, 4, 0.7601222001, [2.108518339785231, -32.661230163862214]
6, 5, 0.755209799, [1.3913688389930718, -34.52261128458775]
6, 6, 0.6632853516, [1.3362286877856877, -40.0996579226509]
6, 7, 0.3432091112, [-3.8392214683780863, -36.955107968793385]
6, 8, 0.3149442982, [-3.7015138502085563, -42.660686996272524]
6, 9, 0, [5.415942837986114, -38.036911492659335]
7, 0, 0.8191021494, [2.370529193268296, -39.38760465299903]
7, 1, 0.8159370762, [2.1642083615889725, -37.696463724255]
7, 2, 0.8143915872, [2.4567653587814866, -37.95193280209422]
7, 3, 0.8124416465, [3.070329299888804, -41.77260825772079]
7, 4, 0.7986553192, [1.8799340271587675, -36.34509307817696]
7, 5, 0.7596491453, [3.6995099719501416, -44.50206005376837]
7, 6, 0.2993230635, [-0.5154640362711285, -42.7005742223978]
7, 7, 0, [5.998889878332717, -39.02193028013029]
7, 8, 0, [4.491150931308196, -38.84369632674361]
7, 9, 0, [3.7536504594309985, -26.94957166037116]
8, 0, 0.8191021494, [2.370529193268296, -39.38760465299903]
8, 1, 0.8178489952, [2.413647276024891, -38.669768727546625]
8, 2, 0.816556621, [2.7635473293351454, -39.91982288851594]
8, 3, 0.8081135389, [2.72042924657855, -42.794387138733754]
8, 4, 0.7728555816, [3.580466676171594, -40.58010645535991]
8, 5, 0.7696561056, [1.5950822852869986, -34.8169175216404]
8, 6, 0.7671572257, [3.705047527233516, -41.524200747277035]
8, 7, 0.4185446881, [0.49917500290268935, -39.862270529907505]
8, 8, 0, [4.116950151196991, -38.48795332638469]
8, 9, 0, [6.0538689916041815, -39.734535990987894]
9, 0, 0.8191021494, [2.370529193268296, -39.38760465299903]
9, 1, 0.8181460695, [2.3989688800782565, -39.53635957675695]
9, 2, 0.8134887635, [2.1801303533531553, -38.13302996810816]
9, 3, 0.7737660781, [2.567038261301721, -34.34821559176515]
9, 4, 0.7641786469, [3.5651536081925945, -39.72690301775478]
9, 5, 0.7245399552, [1.2334550615774902, -33.9163597708529]
9, 6, 0.5095948042, [1.0464770729626227, -41.357105013624846]
9, 7, 0.384859805, [0.5834037586435983, -43.46898372090281]
9, 8, 0.3317662414, [-3.3877358810104186, -39.38760465299903]
9, 9, 0.321388931, [-0.5311320851963943, -39.91982288851594]
10, 0, 0.8191021494, [2.370529193268296, -39.38760465299903]
10, 1, 0.8191021494, [2.370529193268296, -39.38760465299903]
10, 2, 0.8181460695, [2.3989688800782565, -39.53635957675695]
10, 3, 0.8181460695, [2.3989688800782565, -39.53635957675695]
10, 4, 0.8128253278, [3.0466566481216786, -41.385653351114385]
10, 5, 0.80895698, [2.2005134469055196, -40.316902792302265]
10, 6, 0.785653998, [2.465142571901651, -44.10857887877746]
10, 7, 0.7850207155, [2.419351973630621, -43.96775251242792]
10, 8, 0, [5.958748185671148, -37.97402466411547]
10, 9, 0, [4.571955250914415, -39.557253835376905]
11, 0, 0.8204271421, [2.8841451742672306, -41.56952753127443]
11, 1, 0.8191021494, [2.370529193268296, -39.38760465299903]
11, 2, 0.8146725396, [2.370529193268296, -38.33147470147017]
11, 3, 0.6074604445, [1.0817561474942452, -37.44610375172716]
11, 4, 0.4218193276, [0.22840872678318958, -34.71646776868505]
11, 5, 0.2996530814, [-0.13634079024811774, -43.35285256218143]
11, 6, 0, [4.560336741630779, -41.68223437215686]
11, 7, 0, [7.010085619272598, -37.25368096680797]
11, 8, 0, [4.1997845610278866, -41.34304935271565]
11, 9, 0, [6.3104194816976635, -38.912199071557495]
12, 0, 0.8204271421, [2.8841451742672306, -41.56952753127443]
12, 1, 0.8071019857, [3.115484759546948, -41.56952753127443]
12, 2, 0.7987945031, [2.9301787070368723, -39.21062293813918]
12, 3, 0.744526013, [3.2220845038100716, -36.86062024687263]
12, 4, 0.7362652539, [2.175451840057204, -45.380762376950216]
12, 5, 0.6816517296, [1.0799640373249653, -32.18948336255865]
12, 6, 0.4780763784, [0.6194261249940949, -37.74462506329421]
12, 7, 0.4438188988, [0.5352428500175352, -38.40587741523133]
12, 8, 0, [3.787601520725235, -39.38760465299903]
12, 9, 0, [4.4092387399408555, -39.38760465299903]
13, 0, 0.8204271421, [2.8841451742672306, -41.56952753127443]
13, 1, 0.8095190324, [2.6454682998020758, -42.2705085610607]
13, 2, 0.8030727474, [2.8841451742672306, -39.2164690594027]
13, 3, 0.7960305009, [2.6454682998020758, -43.475144954112324]
13, 4, 0.7488732788, [2.6454682998020758, -46.57516428816485]
13, 5, 0.3851388294, [0.7088378785320222, -44.91502001603378]
13, 6, 0.3445075852, [0.17065793009665597, -41.56952753127443]
13, 7, 0, [6.32115917788369, -47.43297845885455]
13, 8, 0, [5.1684363067407695, -38.8673704447988]
13, 9, 0, [4.697936995288776, -41.56952753127443]
14, 0, 0.8204271421, [2.8841451742672306, -41.56952753127443]
14, 1, 0.8050776941, [2.6454682998020758, -42.73018505512171]
14, 2, 0.7959968595, [3.1238292240297953, -39.95506853776151]
14, 3, 0.7740873523, [3.551584063216384, -43.242273773654105]
14, 4, 0.766350068, [2.764806737034653, -46.18430202933542]
14, 5, 0.7165287827, [1.931749299347321, -44.10216026828925]
14, 6, 0.3159186917, [-2.5432096038320724, -41.92001804616757]
14, 7, 0.302473885, [-1.2132974306273048, -42.650235536196135]
14, 8, 0, [6.868649918651999, -46.62711018885822]
14, 9, 0, [4.925542851001435, -49.92268794391158]
15, 0, 0.8204271421, [2.8841451742672306, -41.56952753127443]
15, 1, 0.8170943308, [2.956753298402953, -41.489222694149895]
15, 2, 0.8133977005, [3.0412616711989595, -40.7082734674768]
15, 3, 0.7820293018, [2.8138394864438614, -45.23609123492399]
15, 4, 0.7789344901, [3.156227813154734, -38.65652293168897]
15, 5, 0.7204459902, [2.004182845268442, -44.50313288358812]
15, 6, 0.7147121282, [2.764806737034653, -47.79704036897833]
15, 7, 0.6375792737, [0.9884333799129104, -34.686513201695284]
15, 8, 0.4522562207, [0.5041872296921559, -37.586510641344844]
15, 9, 0, [4.989269676699414, -46.21053653333818]
16, 0, 0.8204271421, [2.8841451742672306, -41.56952753127443]
16, 1, 0.7934013948, [2.9990074848009565, -43.26658916219324]
16, 2, 0.7892130654, [2.8841451742672306, -37.40229687459023]
16, 3, 0.7836154989, [2.9990074848009565, -45.17957673457687]
16, 4, 0.5816873053, [1.564368768872009, -46.78946869269559]
16, 5, 0.3718606124, [0.4056060480249304, -42.004647476150005]
16, 6, 0.3229816893, [-1.1837382249690869, -39.47431116152019]
16, 7, 0.3121676608, [-0.3882852700728878, -41.05883620918866]
16, 8, 0.3035400268, [0.0643514997393475, -45.141711876046564]
16, 9, 0, [6.749644514006924, -39.44227124015168]
17, 0, 0.8204271421, [2.8841451742672306, -41.56952753127443]
17, 1, 0.8098260606, [2.2122055801061293, -40.53954227089337]
17, 2, 0.8084711112, [2.9415763295340938, -42.447535130278716]
17, 3, 0.7848117775, [2.4543506953222387, -44.241106606106584]
17, 4, 0.7724098232, [2.24864442296442, -43.26658916219324]
17, 5, 0.769406891, [3.1403137785870525, -46.024570443439764]
17, 6, 0.3640886967, [0.688340907160486, -46.65294745150044]
17, 7, 0.2984117903, [-1.0213081272726718, -43.26658916219324]
17, 8, 0, [8.856135898753722, -44.51223132616977]
17, 9, 0, [4.359802168793616, -41.56952753127443]
18, 0, 0.8204271421, [2.8841451742672306, -41.56952753127443]
18, 1, 0.7993572364, [2.2122055801061293, -41.65176598382258]
18, 2, 0.7824562602, [3.511239581542509, -40.515155489557266]
18, 3, 0.7779225035, [3.464127935723681, -39.72118695421782]
18, 4, 0.7504055077, [1.919892181163232, -42.383947602969805]
18, 5, 0.7155536437, [1.8486678788117807, -43.37915328538179]
18, 6, 0.5189096372, [1.0610862104371015, -41.0229710968669]
18, 7, 0.3105742108, [-2.7544404192489953, -43.220502238930045]
18, 8, 0, [5.200787265762138, -41.29765772419894]
18, 9, 0, [5.13853727295795, -46.64651375572474]
19, 0, 0.8234450159, [2.8289016025493114, -41.58385587354798]
19, 1, 0.8204271421, [2.8841451742672306, -41.56952753127443]
19, 2, 0.8122713255, [2.861722580824319, -42.37437075547046]
19, 3, 0.7817436401, [3.0732381918924263, -45.3976771474429]
19, 4, 0.714548307, [1.8801634176302249, -43.72225779722802]
19, 5, 0.7042645595, [2.6438030331166598, -47.81220818258723]
19, 6, 0.6607046965, [2.7155658813528705, -48.947593511738475]
19, 7, 0.6514461445, [3.4633307186160462, -33.499764063733984]
19, 8, 0.578535867, [1.2133913659609332, -41.56952753127443]
19, 9, 0.5588501568, [1.1740479863132771, -41.32569685098028]
20, 0, 0.8234450159, [2.8289016025493114, -41.58385587354798]
20, 1, 0.8214518949, [2.831160625475332, -41.68417528655958]
20, 2, 0.8209442378, [2.8864041971932513, -41.634176659870484]
20, 3, 0.8021872349, [2.3610368905235695, -42.47561384474042]
20, 4, 0.7962323535, [2.6034293103916752, -43.64127143453279]
20, 5, 0.7958098026, [2.8841451742672306, -43.963450705048615]
20, 6, 0.4690230317, [1.1085800740993668, -44.2036037494357]
20, 7, 0.3322482738, [0.4398654159433262, -46.08424342140583]
20, 8, 0.3171643656, [-1.236323024470995, -40.35412444652297]
20, 9, 0, [4.618752369414954, -34.97262326421998]
21, 0, 0.8234450159, [2.8289016025493114, -41.58385587354798]
21, 1, 0.8209442378, [2.8864041971932513, -41.634176659870484]
21, 2, 0.8208312591, [2.8300311140123218, -42.07047570134854]
21, 3, 0.8154716132, [2.596098757999451, -42.07989456565]
21, 4, 0.7537427568, [1.4361525229781475, -36.43743532905987]
21, 5, 0.744166276, [1.836167413459982, -42.0297348591442]
21, 6, 0.5200595781, [1.0219160119608375, -40.53902428898938]
21, 7, 0.316740242, [-4.945744385481915, -42.66272336054618]
21, 8, 0, [4.668837674058175, -42.636857772862456]
21, 9, 0, [5.251039684090556, -44.11607874460406]
22, 0, 0.8234450159, [2.8289016025493114, -41.58385587354798]
22, 1, 0.8223124531, [2.8576528998712813, -41.60901626670923]
22, 2, 0.8214830264, [2.8289016025493114, -41.230254765382526]
22, 3, 0.8208321762, [2.3092753099351953, -37.124335162688915]
22, 4, 0.7936434362, [2.8294663582808166, -44.5947435849996]
22, 5, 0.7902632708, [2.6151064821626995, -44.139786272663095]
22, 6, 0.3229977278, [-1.9549297980172429, -39.82808834930039]
22, 7, 0.3160724875, [-2.5727542245143327, -41.680808986912474]
22, 8, 0.3060768268, [-1.2679568953773441, -42.167428814713034]
22, 9, 0, [6.2830398836045624, -41.61822769989364]
23, 0, 0.8234450159, [2.8289016025493114, -41.58385587354798]
23, 1, 0.8211792826, [2.8689412527378906, -41.4963574234847]
23, 2, 0.8163892676, [2.5834641049032383, -39.96070266619301]
23, 3, 0.8044177637, [2.8289016025493114, -38.79632888307032]
23, 4, 0.798254007, [2.8401899554159207, -38.50908199743234]
23, 5, 0.7966475013, [2.8289016025493114, -38.4006835225014]
23, 6, 0.5003356535, [1.0277721435142073, -41.626498985298355]
23, 7, 0.4065003979, [0.38451661801193193, -38.85162029420147]
23, 8, 0.3268846903, [-2.0575847910230785, -39.43130065497556]
23, 9, 0, [6.942557496274652, -37.124335162688915]
24, 0, 0.8234450159, [2.8289016025493114, -41.58385587354798]
24, 1, 0.8116535225, [2.2257420235058496, -40.1867194344171]
24, 2, 0.8024215669, [2.7833833280556517, -43.47146870180958]
24, 3, 0.7948159168, [2.8689412527378906, -43.96332372956357]
24, 4, 0.3085454743, [-0.7365965392912224, -41.58385587354798]
24, 5, 0, [5.547331359632444, -39.92276018873172]
24, 6, 0, [3.8646066804257297, -40.79812728754416]
24, 7, 0, [4.114856399613829, -47.433716202194105]
24, 8, 0, [3.947215637053166, -45.22400161602744]
24, 9, 0, [4.502714340648094, -41.60423487573068]
25, 0, 0.8234450159, [2.8289016025493114, -41.58385587354798]
25, 1, 0.8010956966, [2.8061424653024813, -43.7814946404316]
25, 2, 0.782505549, [3.329616120867348, -44.47225530169685]
25, 3, 0.5689504626, [1.2993704874087184, -43.47146870180958]
25, 4, 0.5393081243, [0.6275953350271415, -34.50244386270255]
25, 5, 0.3330525588, [-3.8142411048086844, -38.66694743374388]
25, 6, 0.3168448372, [0.10937618559388929, -43.97139987430304]
25, 7, 0.3110866086, [-5.007543151620425, -43.668302483116065]
25, 8, 0, [5.212326733470532, -42.64225046963909]
25, 9, 0, [6.364781531334381, -46.373389257099305]
26, 0, 0.8234450159, [2.8289016025493114, -41.58385587354798]
26, 1, 0.8207119419, [2.8367827668534953, -41.69984326435233]
26, 2, 0.7991402069, [2.804439613829323, -43.804488017854226]
26, 3, 0.7980278251, [3.07925886170833, -43.02805558762242]
26, 4, 0.7508232525, [2.817522033925896, -46.73183584165592]
26, 5, 0.7501482299, [2.0527564763556, -43.62648167112059]
26, 6, 0.3320456233, [0.2826038385511547, -44.052735633130496]
26, 7, 0.3034217513, [-1.4765304830452415, -42.88402018121096]
26, 8, 0, [8.016110394504953, -44.18566099336927]
26, 9, 0, [4.726212083812233, -42.11467330152709]
27, 0, 0.8234450159, [2.8289016025493114, -41.58385587354798]
27, 1, 0.8207119419, [2.8367827668534953, -41.69984326435233]
27, 2, 0.7970737473, [2.9418492377688263, -43.33586130041677]
27, 3, 0.7899233617, [2.134321101160163, -41.850342120873734]
27, 4, 0.6422406971, [1.7232232167182358, -45.76809345153829]
27, 5, 0.4892182003, [1.1374110970931404, -43.739928463534625]
27, 6, 0.4772775098, [0.9455862066379503, -41.80857610846874]
27, 7, 0.305142717, [-1.7801067837914797, -42.839994839994]
27, 8, 0, [4.352053767072632, -41.69984326435233]
27, 9, 0, [9.757995553387463, -41.71383085840115]
28, 0, 0.8234450159, [2.8289016025493114, -41.58385587354798]
28, 1, 0.8221323785, [2.885375420159069, -40.665109287174594]
28, 2, 0.8200505526, [2.8328421847014034, -42.040366878521056]
28, 3, 0.7664173257, [3.717054411608924, -42.45985858698238]
28, 4, 0.3120914786, [-1.5460446764945415, -41.7065345498675]
28, 5, 0.285899203, [-1.685704930848321, -45.20049426699245]
28, 6, 0, [5.401027684583099, -42.45985858698238]
28, 7, 0, [6.87588215967782, -38.62544407472632]
28, 8, 0, [5.366811214144766, -42.18054101928805]
28, 9, 0, [6.173175539092248, -40.5363488946454]
29, 0, 0.8234450159, [2.8289016025493114, -41.58385587354798]
29, 1, 0.8101040914, [2.859108802430236, -39.79777874673268]
29, 2, 0.799549509, [2.8327817712590635, -43.239465398197]
29, 3, 0.7810242967, [2.1664390760972028, -33.45997541673734]
29, 4, 0.7554548622, [1.817997085726522, -41.58385587354798]
29, 5, 0.4228756993, [0.5728402384538711, -40.71635230340502]
29, 6, 0.4226888718, [0.641428463027385, -41.645195211707744]
29, 7, 0.3906777265, [0.5998352446553741, -43.14759795984912]
29, 8, 0.3397654619, [-3.8290154414657582, -37.84365232061664]
29, 9, 0.3176512294, [-5.649881477477949, -41.65765255211324]
30, 0, 0.8234450159, [2.8289016025493114, -41.58385587354798]
30, 1, 0.8221126127, [2.8396133455499837, -41.58657549952552]
30, 2, 0.8068092394, [2.857870347307231, -39.468949412884506]
30, 3, 0.7731131109, [2.8289016025493114, -36.062167931122886]
30, 4, 0.6199748735, [3.447949241855848, -32.25786643883443]
30, 5, 0, [9.518470881239532, -47.79616714031553]
30, 6, 0, [5.919672201741954, -42.831406368269946]
30, 7, 0, [7.815669857487139, -37.99945902132613]
30, 8, 0, [4.549747125268895, -39.2822928742562]
30, 9, 0, [4.162875940919203, -33.911045380437855]
