0, 0, 0.7376710166, [2.6776492495740434, -39.69901537731266]
0, 1, 0.6802798298, [2.3745955322283314, -43.6517555819035]
0, 2, 0.6240459622, [3.222628486966959, -57.391835021117515]
0, 3, 0.4704121055, [2.933006598372393, -59.80503720965817]
0, 4, 0.4584579569, [0.8715421771424384, -42.32202948372274]
0, 5, 0.4423202533, [0.8652329118126117, -44.839341356899126]
0, 6, 0.3460511284, [1.0626026142919174, -53.30367785553532]
0, 7, 0.32658054, [2.337993794602593, -59.249677343319995]
0, 8, 0.2447405602, [1.5767263688984465, -59.10608341685789]
0, 9, 0.2231079047, [0.1928758938935227, -54.034870479400546]
1, 0, 0.7376710166, [2.6776492495740434, -39.69901537731266]
1, 1, 0.7284926026, [2.8869341270852673, -45.90143586010948]
1, 2, 0.6297352829, [3.1329087089233187, -57.391835021117515]
1, 3, 0.6240459622, [3.222628486966959, -57.391835021117515]
1, 4, 0.5981491378, [1.6230688546853849, -42.202799695213706]
1, 5, 0.2710299663, [-2.468550352111241, -45.69462196734059]
1, 6, 0.2259479696, [0.18979557663102353, -53.71101037197485]
1, 7, 0, [5.2365929510169735, -39.17578319471913]
1, 8, 0, [8.421379384754177, -41.85250913663442]
1, 9, 0, [4.049268568614754, -44.80084961857909]
2, 0, 0.7376710166, [2.6776492495740434, -39.69901537731266]
2, 1, 0.7376710166, [2.6776492495740434, -39.69901537731266]
2, 2, 0.7217583804, [2.370529193268296, -37.11769303909343]
2, 3, 0.7183565074, [2.8662142455676567, -50.047063520538316]
2, 4, 0.6716480603, [1.7885764334235699, -30.07810896371009]
2, 5, 0.6610976161, [1.9081533506199908, -39.05725413956447]
2, 6, 0.6360794687, [1.8345828215556441, -41.30517433262792]
2, 7, 0.4921629843, [1.8708989912177947, -54.66554448484924]
2, 8, 0.4571845037, [0.9008853640058521, -42.80022561871107]
2, 9, 0.261247349, [-0.11783420446396864, -48.02705979813339]
3, 0, 0.7376710166, [2.6776492495740434, -39.69901537731266]
3, 1, 0.7376710166, [2.6776492495740434, -39.69901537731266]
3, 2, 0.7293487006, [2.8662142455676567, -44.523906203176615]
3, 3, 0.7004782983, [2.5240892214211694, -31.459840164888497]
3, 4, 0.6900770427, [2.949353559179479, -38.20505192308982]
3, 5, 0.6605746089, [1.8584321510486896, -38.40835420820305]
3, 6, 0.6570901698, [2.0744977273207796, -41.95872718653649]
3, 7, 0.6513784071, [1.8924802242991425, -39.69901537731266]
3, 8, 0.5079587207, [1.1159139196633392, -41.453450311428846]
3, 9, 0.436395008, [0.536124839314799, -38.583603904246836]
4, 0, 0.7376710166, [2.6776492495740434, -39.69901537731266]
4, 1, 0.7366876765, [2.6776492495740434, -41.96892699121826]
4, 2, 0.7326315056, [2.5257058341995537, -40.66160986541651]
4, 3, 0.7256587152, [2.907783902373568, -45.88236334684434]
4, 4, 0.7239088884, [2.6776492495740434, -36.63811867506242]
4, 5, 0.7232329148, [2.907783902373568, -41.63178645689545]
4, 6, 0.7157964119, [2.6776492495740434, -46.34381788482887]
4, 7, 0.7103446037, [2.714270830193167, -48.63451269319175]
4, 8, 0.6627506502, [1.9988588254917716, -39.69901537731266]
4, 9, 0.5693075213, [1.5277411380623487, -45.09390689806541]
5, 0, 0.7420043234, [2.6016775418867986, -38.59778669060998]
5, 1, 0.7376710166, [2.6776492495740434, -39.69901537731266]
5, 2, 0.7370481502, [2.6757858030859922, -39.680615507644355]
5, 3, 0.7337312487, [2.7417513806344265, -43.91025133934781]
5, 4, 0.7287218105, [2.907783902373568, -45.66428028124862]
5, 5, 0.7260115746, [2.907783902373568, -42.65977464513993]
5, 6, 0.4961525777, [0.8767836087113752, -38.168567026187546]
5, 7, 0.4871076097, [3.639888284166445, -42.7346100513314]
5, 8, 0, [5.398230208734576, -43.65289668457578]
5, 9, 0, [7.191779541084765, -41.31526842831738]
6, 0, 0.7420043234, [2.6016775418867986, -38.59778669060998]
6, 1, 0.7409107782, [2.639663395730421, -39.14840103396132]
6, 2, 0.7396752596, [2.7417513806344265, -42.04887021862228]
6, 3, 0.7240927271, [2.6016775418867986, -43.36779390005349]
6, 4, 0.7043926513, [2.3143366229386424, -38.98070555905375]
6, 5, 0.6399113471, [2.024601879842267, -43.91025133934781]
6, 6, 0.6316937519, [1.8116837219271362, -41.55159523235722]
6, 7, 0.3109667592, [-3.4070307736442373, -41.254019014978894]
6, 8, 0.3066591153, [-3.4703655015900536, -41.87086903388347]
6, 9, 0, [5.848133532719963, -42.335822538844845]
7, 0, 0.7420043234, [2.6016775418867986, -38.59778669060998]
7, 1, 0.7409107782, [2.639663395730421, -39.14840103396132]
7, 2, 0.7401663093, [2.6752486746674435, -40.71676151849546]
7, 3, 0.715954427, [2.3553890613002157, -37.79703038788328]
7, 4, 0.6129830274, [3.3014776485073067, -40.98279029533174]
7, 5, 0.3238341084, [0.13409800702094543, -45.43603589456369]
7, 6, 0, [6.217373194218674, -41.78675899653153]
7, 7, 0, [4.957604902427432, -40.75274861143635]
7, 8, 0, [3.9306583205686443, -43.712242091379316]
7, 9, 0, [3.962908057896848, -38.12400356669223]
8, 0, 0.7420043234, [2.6016775418867986, -38.59778669060998]
8, 1, 0.7377581407, [2.6384631082771213, -39.65727410455272]
8, 2, 0.7365653266, [2.5153188679838294, -39.314448311797804]
8, 3, 0.7257847998, [2.478533301593507, -40.411689222620474]
8, 4, 0.6672612175, [1.8198981175392288, -35.80442289864649]
8, 5, 0.5671368571, [3.3385707311865516, -38.19740853924663]
8, 6, 0.3914989644, [0.2509465415513734, -39.25689595318937]
8, 7, 0, [4.0583492186134915, -41.85526042093567]
8, 8, 0, [4.470251842576967, -38.81901300004333]
8, 9, 0, [5.934126389380611, -38.4727157109223]
9, 0, 0.7420043234, [2.6016775418867986, -38.59778669060998]
9, 1, 0.7414335132, [2.6079266520772406, -38.679684089105116]
9, 2, 0.7240792993, [2.558498204935314, -33.650619322211554]
9, 3, 0.6998686117, [2.1715902969867487, -37.43543369855457]
9, 4, 0.6259888178, [1.4646034101959928, -33.12654180846385]
9, 5, 0.5967162579, [3.29473457022176, -39.05467091577386]
9, 6, 0.4684644081, [0.8014148697944432, -39.86306876720914]
9, 7, 0.3784584029, [0.3383415554754188, -41.97494747448711]
9, 8, 0.3167014541, [-3.156587532391916, -38.59778669060998]
9, 9, 0.3115244944, [-0.7793605465477103, -39.314448311797804]
10, 0, 0.7420737065, [2.76185474828062, -41.833927375719924]
10, 1, 0.7420043234, [2.6016775418867986, -38.59778669060998]
10, 2, 0.7420043234, [2.6016775418867986, -38.59778669060998]
10, 3, 0.7414335132, [2.6079266520772406, -38.679684089105116]
10, 4, 0.7414335132, [2.6079266520772406, -38.679684089105116]
10, 5, 0.7163754805, [2.5631020773764206, -44.56552054058879]
10, 6, 0.6688072444, [2.612530524518347, -51.84210541895922]
10, 7, 0.6151021985, [3.277804996740181, -40.595835388725334]
10, 8, 0, [6.0860502824669425, -39.32510831930271]
10, 9, 0, [3.637254326225365, -35.86216424953692]
11, 0, 0.7420737065, [2.76185474828062, -41.833927375719924]
11, 1, 0.7408842362, [2.681766145083709, -39.15972708163609]
11, 2, 0.6325106888, [3.275470729279555, -44.015850253995325]
11, 3, 0.6026283409, [1.3818978109998992, -38.240927369261684]
11, 4, 0.4478822866, [0.461351591480482, -32.43648392110342]
11, 5, 0.3828807782, [0.3595579044761994, -42.27861004625208]
11, 6, 0, [4.3863570916921555, -38.691840556607296]
11, 7, 0, [7.401411174284922, -39.70000368952886]
11, 8, 0, [4.5110215128433, -42.171301732881574]
11, 9, 0, [6.6105611452033175, -39.70702268909202]
12, 0, 0.7420737065, [2.76185474828062, -41.833927375719924]
12, 1, 0.7106459625, [2.9931943335603375, -41.833927375719924]
12, 2, 0.7019176173, [2.4850093344354223, -44.85306951219397]
12, 3, 0.6256285351, [1.3440310832775042, -28.79935423596956]
12, 4, 0.6232189973, [3.236476790887363, -39.47384935191829]
12, 5, 0.5097961855, [0.9368194971543451, -36.98515028817585]
12, 6, 0.4680882237, [3.5644456368807313, -35.522597396502235]
12, 7, 0.4209096755, [0.4129524240309248, -38.67027725967682]
12, 8, 0, [4.098838472540648, -39.15972708163609]
12, 9, 0, [4.720475691756269, -39.15972708163609]
13, 0, 0.7420737065, [2.76185474828062, -41.833927375719924]
13, 1, 0.7348385057, [2.76185474828062, -39.48086890384819]
13, 2, 0.6846924915, [3.11483556222385, -43.75390769787163]
13, 3, 0.6679945065, [3.11483556222385, -40.65388836381911]
13, 4, 0.6591078391, [3.11483556222385, -39.449251970767484]
13, 5, 0.5267587117, [1.1782051409537964, -42.09376342574056]
13, 6, 0.3398294895, [0.048367504110045534, -41.833927375719924]
13, 7, 0, [6.19886875189708, -47.69737830330004]
13, 8, 0, [5.0461458807541595, -39.131770289244294]
13, 9, 0, [4.575646569302165, -41.833927375719924]
14, 0, 0.7420737065, [2.76185474828062, -41.833927375719924]
14, 1, 0.7352552304, [2.76185474828062, -44.92168212295191]
14, 2, 0.6958091913, [3.001538798043185, -40.219468382207005]
14, 3, 0.6778578041, [2.2246261547974804, -41.29671214453639]
14, 4, 0.6614014266, [3.11483556222385, -39.90892846482849]
14, 5, 0.3114924331, [-1.0397590124097227, -39.21947929972019]
14, 6, 0.3083718026, [-2.546161592586105, -40.65739813978406]
14, 7, 0, [7.042188336869581, -45.348681815934356]
14, 8, 0, [3.7251224814339663, -41.96384540073024]
14, 9, 0, [5.099081269219017, -46.49193170743564]
15, 0, 0.7420737065, [2.76185474828062, -41.833927375719924]
15, 1, 0.7307583899, [2.8344628724163425, -41.75362253859539]
15, 2, 0.7192819193, [2.76185474828062, -49.024988825116175]
15, 3, 0.7016249905, [2.5464732644783603, -46.86357324451163]
15, 4, 0.6971016778, [2.3166375039962026, -39.867692575140694]
15, 5, 0.6828655989, [3.0339373871681237, -38.92092277613446]
15, 6, 0.6442620635, [2.0892153192411045, -44.39551034258788]
15, 7, 0.6024092444, [1.2920469246576738, -35.11985633923408]
15, 8, 0.3325346356, [-0.1607677188943124, -35.982419873594225]
15, 9, 0, [4.986317687945381, -47.438484989476024]
16, 0, 0.7420737065, [2.76185474828062, -41.833927375719924]
16, 1, 0.7231046608, [2.897947731040496, -41.20420302823443]
16, 2, 0.7220763347, [2.7981588103484816, -47.55714676323567]
16, 3, 0.7184689464, [2.76185474828062, -37.66669671903572]
16, 4, 0.7182335301, [2.7981588103484816, -49.4701343356193]
16, 5, 0.4139029653, [0.5871400423071251, -42.265991763588]
16, 6, 0.3098974089, [-1.3060286509556969, -39.73871100596568]
16, 7, 0.299357148, [-0.5105756960594983, -41.323236053634155]
16, 8, 0.2917481622, [-0.057938926247262934, -45.406111720492056]
16, 9, 0, [6.627354088020313, -39.706671084597176]
17, 0, 0.7420737065, [2.76185474828062, -41.833927375719924]
17, 1, 0.7302095595, [2.829901239660558, -41.54854198552206]
17, 2, 0.7206578898, [3.0238563796272158, -46.08834700062463]
17, 3, 0.6778076632, [2.3426756054487026, -43.342113461349925]
17, 4, 0.6703917238, [2.1475846692039595, -41.20420302823443]
17, 5, 0.6655825216, [2.089915154119519, -40.80394211533886]
17, 6, 0.4471847608, [0.6179636917014508, -39.14039643193633]
17, 7, 0.2990305794, [-1.1223678810331323, -41.20420302823443]
17, 8, 0, [8.45708475175123, -42.25227746195783]
17, 9, 0, [4.237511742807005, -41.833927375719924]
18, 0, 0.7420737065, [2.76185474828062, -41.833927375719924]
18, 1, 0.7318984632, [2.829901239660558, -42.660765698451264]
18, 2, 0.6284935856, [1.8029094232331588, -42.06665095281422]
18, 3, 0.6065747467, [1.7316851208817077, -43.061856635226206]
18, 4, 0.4788839168, [0.9441034525070284, -40.70567444671131]
18, 5, 0.2712962553, [-2.40445256442522, -45.545408031417345]
18, 6, 0, [5.083804507832064, -40.98036107404336]
18, 7, 0, [5.021554515027876, -46.32921710556916]
18, 8, 0, [3.80785873802519, -41.5821380575594]
18, 9, 0, [3.861227436366284, -42.840061282044566]
19, 0, 0.7420737065, [2.76185474828062, -41.833927375719924]
19, 1, 0.7410025964, [2.7562603001198545, -41.97798678012136]
19, 2, 0.6979993933, [2.5279209425149656, -46.67792473638572]
19, 3, 0.6894534424, [2.1212712751332696, -33.43637521723321]
19, 4, 0.6719564812, [2.3164053314468585, -43.65461834441328]
19, 5, 0.6308624662, [3.3111478162282415, -48.9509389593438]
19, 6, 0.5112358182, [1.3735064378700936, -48.884204665237704]
19, 7, 0.4953553488, [1.0911009399743228, -41.833927375719924]
19, 8, 0.4867021375, [1.0517575603266667, -41.59009669542577]
19, 9, 0.2639821711, [-0.6371799998625383, -46.190042956310265]
20, 0, 0.7420737065, [2.76185474828062, -41.833927375719924]
20, 1, 0.7417995287, [2.762083516737485, -41.945741530512166]
20, 2, 0.7410755704, [2.756489068576719, -42.05413065049806]
20, 3, 0.734762934, [2.7562603001198545, -44.371909953895546]
20, 4, 0.6689923805, [2.2635710263155358, -42.80487922024986]
20, 5, 0.466186419, [1.011114209891333, -44.53286912494514]
20, 6, 0.3735291214, [0.012685696672319668, -33.84214996518637]
20, 7, 0.3032778542, [-1.3642078986183712, -40.7625836953699]
20, 8, 0.2478749204, [-0.7626693672002394, -48.17878442945436]
20, 9, 0, [4.418328123125932, -37.249436005763584]
21, 0, 0.7420737065, [2.76185474828062, -41.833927375719924]
21, 1, 0.7410755704, [2.756489068576719, -42.05413065049806]
21, 2, 0.7405249982, [2.7619691325090523, -42.3262945744108]
21, 3, 0.7390220084, [2.7591719084286694, -43.15882574220386]
21, 4, 0.6417267151, [2.0002556911237788, -43.10291866480773]
21, 5, 0.6392679671, [1.5992256734073662, -37.51636650561373]
21, 6, 0.5297191237, [1.1860042896246343, -41.612208094652914]
21, 7, 0.4394685949, [3.7196033749248003, -42.05413065049806]
21, 8, 0.3062208791, [-5.150212081888909, -42.37531037538101]
21, 9, 0, [4.600775692554906, -42.892676645924716]
22, 0, 0.7420737065, [2.76185474828062, -41.833927375719924]
22, 1, 0.7419919819, [2.7591719084286694, -41.94402901310899]
22, 2, 0.7406571003, [2.76185474828062, -41.48032626755447]
22, 3, 0.7344793149, [2.7619119403948362, -44.8476887726167]
22, 4, 0.7312785686, [2.7593909550643696, -45.362072504391264]
22, 5, 0.7054235827, [2.242228455666504, -37.37440666486086]
22, 6, 0.3110792541, [-2.0407653298134827, -40.22151490664664]
22, 7, 0.3025623719, [-2.639786815776866, -41.93202558320028]
22, 8, 0.2934769871, [-1.3360046138744557, -42.42439278189116]
22, 9, 0, [6.1845588921619505, -41.95324044629339]
23, 0, 0.7426040406, [2.7602252467387385, -41.85047526032674]
23, 1, 0.7420737065, [2.76185474828062, -41.833927375719924]
23, 2, 0.7367515944, [2.76185474828062, -39.046400385242265]
23, 3, 0.7364821984, [2.760541924411753, -43.989885844356785]
23, 4, 0.7360189351, [2.762908086590689, -38.77825859004656]
23, 5, 0.7346747519, [2.76185474828062, -38.650755024673344]
23, 6, 0.4760257586, [0.960725289245516, -41.876570487470296]
23, 7, 0.403119979, [0.31746976374324065, -39.10169179637341]
23, 8, 0.2871540691, [-1.880506971514564, -43.460483833139335]
23, 9, 0, [7.395194126734293, -44.8476887726167]
24, 0, 0.7426040406, [2.7602252467387385, -41.85047526032674]
24, 1, 0.7420926477, [2.76185474828062, -41.73288825809828]
24, 2, 0.7359021662, [2.76185474828062, -44.30089368179879]
24, 3, 0.6768365746, [2.1578804184662177, -40.445064878892445]
24, 4, 0.4919536212, [3.6402099094434823, -44.7372934055021]
24, 5, 0.2939396101, [-0.8052728951017953, -41.85047526032674]
24, 6, 0, [5.478655003821871, -40.18937957551048]
24, 7, 0, [3.795930324615157, -41.06474667432292]
24, 8, 0, [4.046180043803256, -47.70033558897286]
24, 9, 0, [4.434852735608462, -41.86258032020603]
25, 0, 0.7426040406, [2.7602252467387385, -41.85047526032674]
25, 1, 0.7361729823, [2.7610399975096795, -44.32951682381559]
25, 2, 0.7250521207, [2.939747525826225, -42.84643556975067]
25, 3, 0.5415962012, [1.2778419076336869, -44.30089368179879]
25, 4, 0.4023294802, [0.23772673998601856, -32.87662413075637]
25, 5, 0.3205379705, [-3.859343572601486, -39.21496961712786]
25, 6, 0.3095151903, [-0.6016846486777836, -40.453141023631915]
25, 7, 0.291221941, [-5.029071731395456, -44.49772746310528]
25, 8, 0, [4.822458138429409, -41.01643073769291]
25, 9, 0, [6.343252951559349, -47.20281423708852]
26, 0, 0.7426040406, [2.7602252467387385, -41.85047526032674]
26, 1, 0.740272351, [2.7678634742593324, -42.19546870627917]
26, 2, 0.7319510486, [2.849986386282482, -42.3484554150387]
26, 3, 0.7248707605, [2.7606326221242092, -47.13915662673729]
26, 4, 0.7245590068, [2.5869540824123605, -43.26558924357313]
26, 5, 0.6377876761, [2.019440952571683, -44.31520525280719]
26, 6, 0.3465703508, [0.249288314767238, -44.7414592148171]
26, 7, 0.2982713475, [-1.7058029584710894, -42.20442000862724]
26, 8, 0, [7.959220982703266, -44.592981778450635]
26, 9, 0, [4.508726552395271, -41.575774527246]
27, 0, 0.7426040406, [2.7602252467387385, -41.85047526032674]
27, 1, 0.740272351, [2.7678634742593324, -42.19546870627917]
27, 2, 0.7319517837, [2.8053095042033456, -44.66339551856644]
27, 3, 0.6659808305, [2.1227563094814563, -41.25563551285535]
27, 4, 0.583795311, [1.6544253925158676, -46.14921586589109]
27, 5, 0.4803259331, [1.0686132728907722, -44.12105087788742]
27, 6, 0.4720044354, [0.9340214149592438, -41.21386950045036]
27, 7, 0.2910608541, [-1.8484975053369666, -43.13423139888017]
27, 8, 0, [4.2831344744784685, -42.19546870627917]
27, 9, 0, [9.689361895058386, -42.237073472435405]
28, 0, 0.7426040406, [2.7602252467387385, -41.85047526032674]
28, 1, 0.7407085889, [2.7640443604990352, -42.42148929287385]
28, 2, 0.7389150703, [2.782767375471042, -41.462186089638806]
28, 3, 0.4998234733, [3.6144463669208964, -43.25693538944659]
28, 4, 0.3009293695, [-1.5861652502391816, -41.542490939247685]
28, 5, 0.2723176716, [-1.754502755050689, -45.581616681345245]
28, 6, 0, [5.298419639895072, -43.25693538944659]
28, 7, 0, [6.807205803867246, -38.892063461505074]
28, 8, 0, [5.298134858334193, -42.44716040606681]
28, 9, 0, [6.070567494404221, -41.33342569710961]
29, 0, 0.7426040406, [2.7602252467387385, -41.85047526032674]
29, 1, 0.7375277089, [2.778383306481457, -43.29075328627647]
29, 2, 0.7373613922, [2.773405867985039, -40.386878355141185]
29, 3, 0.6890545995, [2.09776272028663, -33.7265948035161]
29, 4, 0.6228947854, [1.749320729915949, -41.85047526032674]
29, 5, 0.4147273073, [0.5184417736762645, -40.76764019148449]
29, 6, 0.4137372671, [0.5870299982497784, -41.696483099787216]
29, 7, 0.3903474821, [0.5047708027241731, -44.216349169875144]
29, 8, 0.3197747541, [-3.924079883396959, -38.91240353064266]
29, 9, 0.3146308658, [-5.704279942255556, -41.70894044019271]
30, 0, 0.7426040406, [2.7602252467387385, -41.85047526032674]
30, 1, 0.7412728605, [2.7666642569787334, -41.85266834453091]
30, 2, 0.7389632881, [2.7776388501200318, -42.848780282013166]
30, 3, 0.7145191112, [2.7602252467387385, -36.32878731790164]
30, 4, 0.4708647797, [3.379272886045275, -32.52448582561318]
30, 5, 0, [9.443769955359855, -49.6759641034768]
30, 6, 0, [5.844971275862278, -44.711203331431214]
30, 7, 0, [7.730671628777682, -41.49190701909655]
30, 8, 0, [4.481564768219902, -39.43576859061983]
30, 9, 0, [4.09419958510863, -34.17766476721661]
