0, 0, 0.8301613831, [0.8715421771424384, -42.32202948372274]
0, 1, 0.8293489517, [0.8652329118126117, -44.839341356899126]
0, 2, 0.8222737608, [1.0626026142919174, -53.30367785553532]
0, 3, 0.7935641929, [1.5767263688984465, -59.10608341685789]
0, 4, 0.6610316055, [2.337993794602593, -59.249677343319995]
0, 5, 0.6508784856, [2.3745955322283314, -43.6517555819035]
0, 6, 0.5300174161, [2.6776492495740434, -39.69901537731266]
0, 7, 0.3676684876, [0.1928758938935227, -54.034870479400546]
0, 8, 0, [3.222628486966959, -57.391835021117515]
0, 9, 0, [2.933006598372393, -59.80503720965817]
1, 0, 0.8363487667, [1.0455239661643139, -45.220919172841285]
1, 1, 0.8301613831, [0.8715421771424384, -42.32202948372274]
1, 2, 0.8300882065, [0.8715421771424384, -41.53793664612333]
1, 3, 0.8222737608, [1.0626026142919174, -53.30367785553532]
1, 4, 0.8183258573, [0.972882836248277, -53.30367785553532]
1, 5, 0.8052597373, [1.4709805013588744, -46.9917737234064]
1, 6, 0.3058624879, [-4.309960513032195, -45.01410528007239]
1, 7, 0.2985209979, [-2.0657605146187574, -44.13202902048637]
1, 8, 0, [3.4241766132555425, -44.316109174305595]
1, 9, 0, [6.608963046992745, -46.99283511622088]
2, 0, 0.8363487667, [1.0455239661643139, -45.220919172841285]
2, 1, 0.8363487667, [1.0455239661643139, -45.220919172841285]
2, 2, 0.8106335086, [0.741039537042838, -41.036737110170634]
2, 3, 0.7255397436, [0.4422466861656406, -38.216680359725494]
2, 4, 0.5566610165, [0.24356059285401377, -40.278406456257514]
2, 5, 0.4724095109, [0.2024575381459145, -46.82707812815654]
2, 6, 0.399180618, [0.028953223933223637, -42.32141972780423]
2, 7, 0.3087857925, [-2.0645801120592737, -42.86106250840061]
2, 8, 0.2965832839, [-0.9228732526704271, -43.77147432828201]
2, 9, 0.2588442243, [-0.0758469163775104, -49.499547195116456]
3, 0, 0.8363487667, [1.0455239661643139, -45.220919172841285]
3, 1, 0.8363487667, [1.0455239661643139, -45.220919172841285]
3, 2, 0.811068803, [1.3172282757697493, -43.72695571861844]
3, 3, 0.7952753027, [0.8932817516035759, -36.18031409819141]
3, 4, 0.7070109709, [0.4422466861656406, -32.69352304236379]
3, 5, 0.6878379901, [0.44237244391105013, -47.480630982065115]
3, 6, 0.5349297631, [0.260354940889413, -45.220919172841285]
3, 7, 0.5156732875, [0.22762468123109614, -43.12882814150596]
3, 8, 0.2940070255, [-1.0960004440949305, -44.10550769977546]
3, 9, 0.2661275603, [-0.5162113637463903, -46.97535410695747]
4, 0, 0.8363487667, [1.0455239661643139, -45.220919172841285]
4, 1, 0.8356953679, [1.098292197226222, -46.08749541383455]
4, 2, 0.8350267299, [1.0455239661643139, -42.160022470591045]
4, 3, 0.8310315454, [1.0455239661643139, -47.49083078674688]
4, 4, 0.830282663, [0.879737480967695, -42.72812366420224]
4, 5, 0.8248651626, [1.0455239661643139, -51.865721680357495]
4, 6, 0.8199797977, [0.8265878876207866, -44.433446866146106]
4, 7, 0.814519748, [0.879737480967695, -38.47754677425335]
4, 8, 0.6326374407, [0.3667335420820421, -45.220919172841285]
4, 9, 0.5238568026, [2.717207279813925, -46.85032081050377]
5, 0, 0.8363487667, [1.0455239661643139, -45.220919172841285]
5, 1, 0.8325646918, [1.0455239661643139, -44.26824208504247]
5, 2, 0.8314576197, [1.0455239661643139, -47.27274772115116]
5, 3, 0.8310380233, [1.071908081695268, -41.4062772045054]
5, 4, 0.8299314044, [1.0978649222649903, -43.08278721716373]
5, 5, 0.8265254929, [1.0267328546263874, -49.716205731682024]
5, 6, 0.7397143757, [2.0605312318186235, -46.85317847394769]
5, 7, 0.672238719, [2.2919867603447712, -44.38209606762935]
5, 8, 0.2944529224, [-0.8382349172966638, -43.97452141852176]
5, 9, 0, [3.5374064440521416, -53.17043519494091]
6, 0, 0.8363487667, [1.0455239661643139, -45.220919172841285]
6, 1, 0.8351071493, [1.0455239661643139, -44.744580628941875]
6, 2, 0.8265435626, [1.0455239661643139, -49.9909263822848]
6, 3, 0.8224750945, [1.071908081695268, -39.54489608377987]
6, 4, 0.8142458177, [0.7581830472161576, -45.60383804128506]
6, 5, 0.6477877129, [0.3547585809031085, -41.4062772045054]
6, 6, 0.4791823944, [0.21754429236102923, -47.14777482733778]
6, 7, 0.313670338, [-5.020029210975059, -43.31359818867334]
6, 8, 0.2703161658, [-5.026519077312538, -48.49400151611478]
6, 9, 0, [4.235135095389142, -44.39540171253929]
7, 0, 0.8363487667, [1.0455239661643139, -45.220919172841285]
7, 1, 0.8351071493, [1.0455239661643139, -44.744580628941875]
7, 2, 0.8297969678, [1.132287156710436, -42.1168788514743]
7, 3, 0.8159338894, [0.7612496317341089, -43.39320998286384]
7, 4, 0.7781869597, [1.7585161305502992, -42.382907628310576]
7, 5, 0.6485270879, [2.3876968026116367, -45.112359424358154]
7, 6, 0.6436899024, [2.406754482174363, -44.74713604892354]
7, 7, 0.5710533086, [2.589877490537853, -44.92785265440912]
7, 8, 0.1809958718, [-1.5185132668240315, -54.67567570776954]
7, 9, 0, [4.674411676261666, -43.18687632951037]
8, 0, 0.8363487667, [1.0455239661643139, -45.220919172841285]
8, 1, 0.8334885539, [0.9467683942222724, -42.8125967757775]
8, 2, 0.8299544899, [1.0889055614373748, -43.668899012157794]
8, 3, 0.8293716886, [0.9033867989492114, -46.5213452612264]
8, 4, 0.7843494922, [1.763424228542256, -44.30706457785256]
8, 5, 0.6174851684, [2.483202715969196, -47.9649164595416]
8, 6, 0.5831681241, [0.27034057069948236, -39.81604780625157]
8, 7, 0.3043645872, [-1.3176039322101836, -42.75504441716907]
8, 8, 0, [2.8951053399326705, -44.928669038649254]
8, 9, 0, [4.339986959814504, -44.068895305902856]
9, 0, 0.8363487667, [1.0455239661643139, -45.220919172841285]
9, 1, 0.8361915845, [1.0486631571320113, -45.000013603072446]
9, 2, 0.8178759826, [1.0672147638008442, -39.139410913507206]
9, 3, 0.8041943436, [0.6803068558522786, -42.92422528985022]
9, 4, 0.7654991862, [1.8652113444525609, -43.10631864786988]
9, 5, 0.3549289903, [-0.09155016552649187, -39.749674290695154]
9, 6, 0.3045954224, [-2.205773853094165, -43.668899012157794]
9, 7, 0.3035955193, [-4.7127411081144, -45.220919172841285]
9, 8, 0.3023305816, [-2.9326645388989454, -44.728873352772254]
9, 9, 0.2839875677, [-0.6993650348009319, -45.0951221366921]
10, 0, 0.8363487667, [1.0455239661643139, -45.220919172841285]
10, 1, 0.8363487667, [1.0455239661643139, -45.220919172841285]
10, 2, 0.8361915845, [1.0486631571320113, -45.000013603072446]
10, 3, 0.8361915845, [1.0486631571320113, -45.000013603072446]
10, 4, 0.8252718719, [1.0689427005583079, -52.05671465077144]
10, 5, 0.8227634788, [1.2556886669680978, -47.829053647093126]
10, 6, 0.8094621422, [1.050391093889475, -60.16483745181355]
10, 7, 0.789205395, [1.7216514210176967, -47.21896787095664]
10, 8, 0, [4.51190414734366, -46.15177251334759]
10, 9, 0, [3.059481505492407, -44.16361891035558]
11, 0, 0.8363487667, [1.0455239661643139, -45.220919172841285]
11, 1, 0.8321742501, [1.0455239661643139, -44.164789221312425]
11, 2, 0.8028871108, [1.5591399471632486, -47.402842051116686]
11, 3, 0.5493088916, [2.6415010951243154, -45.220919172841285]
11, 4, 0.325608269, [-1.0965965003207925, -40.5497822885273]
11, 5, 0.3026844491, [-0.2558993275308685, -43.09458802480603]
11, 6, 0.2372544754, [-1.2033814764400392, -49.90425962944548]
11, 7, 0, [2.840587334979469, -53.07138821923571]
11, 8, 0, [5.685080392168616, -43.086995486650224]
11, 9, 0, [2.8747793339239047, -47.17636387255791]
12, 0, 0.8363487667, [1.0455239661643139, -45.220919172841285]
12, 1, 0.8219163442, [1.2768635514440314, -45.220919172841285]
12, 2, 0.806096356, [0.8039461374505226, -49.89839141336354]
12, 3, 0.7568203525, [1.8970792767060893, -42.209148362689106]
12, 4, 0.6209186572, [2.462596293621253, -44.164789221312425]
12, 5, 0.3397963877, [-0.2450411897790169, -38.59414142990398]
12, 6, 0.3119247202, [-1.3033783580853815, -42.057269056798184]
12, 7, 0.30938457, [-0.5351213893455085, -42.06159630020719]
12, 8, 0, [3.0842335128368727, -44.164789221312425]
12, 9, 0, [9.207883092077765, -45.53053444924518]
13, 0, 0.8363487667, [1.0455239661643139, -45.220919172841285]
13, 1, 0.8330157595, [1.0455239661643139, -42.86786070096955]
13, 2, 0.7705153044, [1.8697299225326423, -47.79287353112938]
13, 3, 0.7699629321, [1.8697299225326423, -44.692854197076855]
13, 4, 0.7675405065, [1.8697299225326423, -43.48821780402523]
13, 5, 0.3015673875, [-0.06690049873741133, -46.13272925899831]
13, 6, 0.2890933977, [-1.6679632780062605, -45.220919172841285]
13, 7, 0, [4.482537969780774, -51.0843701004214]
13, 8, 0, [3.3298150986378534, -42.518762086365655]
13, 9, 0, [2.859315787185859, -45.220919172841285]
14, 0, 0.8363487667, [1.0455239661643139, -45.220919172841285]
14, 1, 0.8300986329, [1.0455239661643139, -48.30867392007327]
14, 2, 0.8149428271, [1.2852080159268788, -43.606460179328366]
14, 3, 0.8112908772, [0.7439079438937234, -45.009690959725944]
14, 4, 0.7671709936, [1.8697299225326423, -43.94789429808624]
14, 5, 0.6860298534, [2.244404270530209, -45.676824215919794]
14, 6, 0.3143296357, [-2.52047722331348, -42.93245811490975]
14, 7, 0.3123641304, [-4.262492374702411, -44.04438993690542]
14, 8, 0, [5.561470125965824, -49.06166063112391]
14, 9, 0, [3.6183630583152593, -50.2049105226252]
15, 0, 0.8363487667, [1.0455239661643139, -45.220919172841285]
15, 1, 0.8337365182, [1.1181320903000362, -45.14061433571675]
15, 2, 0.8236456403, [1.0455239661643139, -52.411980622237536]
15, 3, 0.811483648, [1.3176066050518176, -42.30791457325582]
15, 4, 0.8101431564, [0.8301424823620539, -50.25056504163299]
15, 5, 0.8066893892, [0.718113007486171, -43.41767788129615]
15, 6, 0.7164478746, [0.49069082273107256, -47.94549564874334]
15, 7, 0.341428438, [-0.4242838574586325, -38.506848136355444]
15, 8, 0.3412893595, [-0.8882846397098783, -38.97643926875185]
15, 9, 0, [3.269986905829075, -50.825476786597385]
16, 0, 0.8363487667, [1.0455239661643139, -45.220919172841285]
16, 1, 0.8282903541, [1.081828028232175, -50.94413856035703]
16, 2, 0.8275285832, [1.0455239661643139, -41.05368851615708]
16, 3, 0.8234211814, [1.081828028232175, -52.85712613274066]
16, 4, 0.7694092069, [0.5544696972584029, -45.53635516488893]
16, 5, 0.3184197093, [-3.0223594330720034, -43.12570280308705]
16, 6, 0.2944155489, [-2.2269064781758043, -44.710227850755516]
16, 7, 0.2820398818, [-1.1568443939093216, -45.48838059220216]
16, 8, 0.2526805252, [-1.7742697083635692, -48.79310351761342]
16, 9, 0, [4.911023305904007, -43.09366288171854]
17, 0, 0.8363487667, [1.0455239661643139, -45.220919172841285]
17, 1, 0.8305617801, [1.0636759971982443, -48.11200565014404]
17, 2, 0.8119904671, [1.3054523044187492, -53.61743469253831]
17, 3, 0.7510812855, [0.5764503629863891, -49.90557712597191]
17, 4, 0.6395592455, [0.3735843720032126, -44.190933912460224]
17, 5, 0.6044504394, [2.5211809606906987, -45.220919172841285]
17, 6, 0.5422722384, [0.3314649663956387, -50.94413856035703]
17, 7, 0.2312038957, [-2.9384875838414533, -50.94413856035703]
17, 8, 0.185511821, [-1.2288385494082954, -54.33049684966423]
17, 9, 0, [8.53206044911357, -58.66158964649506]
18, 0, 0.8363487667, [1.0455239661643139, -45.220919172841285]
18, 1, 0.8290996605, [1.0636759971982443, -49.22422936307325]
18, 2, 0.7379686191, [2.0665807257358804, -46.55736578843107]
18, 3, 0.7269026272, [2.118912777530894, -49.8863369603124]
18, 4, 0.668801404, [2.3155983528157966, -47.29365033346849]
18, 5, 0.3665206943, [0.06163141094384894, -47.041878683685894]
18, 6, 0.2964221661, [-0.009592891407602222, -48.03708436609788]
18, 7, 0.2771472706, [-0.7971745597822815, -45.680902177582986]
18, 8, 0.2159178193, [-4.1467672232606105, -52.59168370968518]
18, 9, 0, [3.3425264955427543, -45.95558880491503]
19, 0, 0.8363487667, [1.0455239661643139, -45.220919172841285]
19, 1, 0.8354389546, [1.0440315953664585, -45.91841282520845]
19, 2, 0.8321378625, [1.0583404129207727, -47.12867882010193]
19, 3, 0.802900254, [1.5651283614670624, -49.181707594532696]
19, 4, 0.7981134625, [1.5490246511288384, -56.06783687193152]
19, 5, 0.7853446032, [1.7766439725351697, -52.205013986505136]
19, 6, 0.7002383876, [2.1910895392758385, -54.42355002642472]
19, 7, 0.4568041836, [0.2502852705918901, -51.196285068963725]
19, 8, 0.2840184176, [-0.6645732217896396, -44.97708849254713]
19, 9, 0.2826106947, [-0.6252298421419835, -45.220919172841285]
20, 0, 0.8365328785, [1.0455849922663858, -45.381770032248326]
20, 1, 0.8363487667, [1.0455239661643139, -45.220919172841285]
20, 2, 0.8349246393, [1.0440926214685304, -46.043593400199946]
20, 3, 0.8298725257, [1.0440315953664585, -48.31233599898263]
20, 4, 0.7623558614, [0.5492912828806846, -46.468588141354076]
20, 5, 0.302534458, [-3.076436603371767, -44.703009740456984]
20, 6, 0.2537834632, [-0.7031655335435181, -48.19657804604935]
20, 7, 0.2475472372, [-0.8374533970838736, -48.74412753996781]
20, 8, 0.1147982948, [-1.8240462276082454, -59.74864815445456]
20, 9, 0, [2.825372467270683, -39.16830894618237]
21, 0, 0.8365328785, [1.0455849922663858, -45.381770032248326]
21, 1, 0.8360215783, [1.0455544792153497, -45.73780472383956]
21, 2, 0.8349246393, [1.0440926214685304, -46.043593400199946]
21, 3, 0.8339268745, [1.0447777807653862, -46.76662758591196]
21, 4, 0.7492700288, [2.0072069278166116, -46.043593400199946]
21, 5, 0.5466968728, [0.2860064607399635, -46.84705301561548]
21, 6, 0.3367305144, [-0.11516845425591704, -41.124168349321835]
21, 7, 0.2958860322, [-6.86563172889292, -45.844753657097684]
21, 8, 0.28300336, [-0.5282449407591809, -45.35634244546066]
21, 9, 0, [2.8843610392612034, -46.30418679535347]
22, 0, 0.8366473553, [1.0455697357408678, -45.55978737804394]
22, 1, 0.8365328785, [1.0455849922663858, -45.381770032248326]
22, 2, 0.8357469877, [1.0455849922663858, -45.02816892408287]
22, 3, 0.8298016238, [1.0448388068674581, -48.48025951377547]
22, 4, 0.8288924845, [1.0448436874066134, -48.98024456256633]
22, 5, 0.766840668, [0.5259586996522696, -40.92224932138926]
22, 6, 0.3171851931, [-3.75718822582219, -43.779727777642]
22, 7, 0.3003269182, [-4.356075933138383, -45.513630331304164]
22, 8, 0.2902869367, [-3.0539004862622603, -46.17545369925578]
22, 9, 0, [4.470956719474149, -45.56899881122835]
23, 0, 0.8370675293, [1.0455849922663858, -45.26345208205781]
23, 1, 0.8366473553, [1.0455697357408678, -45.55978737804394]
23, 2, 0.8342737988, [1.0455849922663858, -42.3013370491667]
23, 3, 0.8341066501, [1.0455697357408678, -42.376615026997364]
23, 4, 0.8338831047, [1.0455849922663858, -42.59424304177067]
23, 5, 0.8313004369, [1.045211899566922, -47.52504172450583]
23, 6, 0.3068040493, [-1.3987999922709937, -42.64953445290181]
23, 7, 0.2838427134, [-3.595836996359395, -46.995639713288384]
23, 8, 0.2765615143, [-0.7555597232942364, -45.602430489794315]
23, 9, 0, [5.678120993206916, -48.48025951377547]
24, 0, 0.8370675293, [1.0455849922663858, -45.26345208205781]
24, 1, 0.8349549529, [1.0455956763885745, -44.67775188590369]
24, 2, 0.8314608182, [1.0455697357408678, -48.02675368412281]
24, 3, 0.7616662984, [1.9239355810259187, -48.1530803717071]
24, 4, 0.732437117, [2.081290070142804, -44.47772349605399]
24, 5, 0.696929174, [0.44223886687319214, -46.58869663967423]
24, 6, 0.6677838518, [2.331539789330903, -51.11331241070394]
24, 7, 0.5220459957, [2.7192111840154363, -48.006212080987815]
24, 8, 0.2936231959, [-2.519913149574148, -45.26345208205781]
24, 9, 0, [3.764014749349518, -43.60235639724155]
25, 0, 0.8370675293, [1.0455849922663858, -45.26345208205781]
25, 1, 0.8317389729, [1.0455773640036268, -47.89893523584313]
25, 2, 0.7571366314, [1.965454979869899, -48.40693172702353]
25, 3, 0.3410728661, [-0.7365658059703075, -38.437120288029234]
25, 4, 0.319991725, [-5.574806206107539, -42.78438802915541]
25, 5, 0.2734207205, [-6.745356743935209, -48.2235874654293]
25, 6, 0.2551015104, [-0.43844310490606553, -48.02675368412281]
25, 7, 0.2549556379, [-0.8356294861180826, -48.16115651644657]
25, 8, 0, [3.8481655924730833, -46.57692689496577]
25, 9, 0, [4.626967939019597, -50.92867423941254]
26, 0, 0.8370675293, [1.0455849922663858, -45.26345208205781]
26, 1, 0.8259494789, [1.2420764926811712, -47.83054652822334]
26, 2, 0.8257277089, [1.0455811781350062, -50.630354243616594]
26, 3, 0.8059458726, [1.5055199860681423, -46.83519190454067]
26, 4, 0.7553952375, [1.054767821642462, -33.736344662157926]
26, 5, 0.4608633146, [0.15450577901665963, -43.16802776193619]
26, 6, 0.2997423572, [-1.6156468587877857, -43.5942817239461]
26, 7, 0.2832789111, [-3.050269358685429, -46.69115649812921]
26, 8, 0, [6.244169538714063, -48.08417939532994]
26, 9, 0, [3.1638489626640816, -46.1407318118962]
27, 0, 0.8370675293, [1.0455849922663858, -45.26345208205781]
27, 1, 0.8259494789, [1.2420764926811712, -47.83054652822334]
27, 2, 0.8217188916, [1.2755505821015742, -48.65236257175708]
27, 3, 0.6174045805, [0.363233578171542, -47.103073338009835]
27, 4, 0.5025107807, [2.7573474929003075, -47.83054652822334]
27, 5, 0.3028335361, [0.03421177449061075, -50.67324318772871]
27, 6, 0.285736258, [-3.7851830384826224, -46.81518430413992]
27, 7, 0.2644577321, [-0.8255013163506706, -47.061307325604844]
27, 8, 0.2491150514, [-0.5516003451344846, -48.64507819972504]
27, 9, 0, [7.941529634806923, -48.14012737790825]
28, 0, 0.8370675293, [1.0455849922663858, -45.26345208205781]
28, 1, 0.8326274995, [1.1438307424737784, -46.94551661471147]
28, 2, 0.8306544777, [1.1605677871839801, -45.16315802709966]
28, 3, 0.7528337583, [1.9922467786338347, -46.957907326907446]
28, 4, 0.2906353672, [-3.3232467431303148, -46.17269826269047]
28, 5, 0.2456728157, [-3.374716373075946, -50.10564400318287]
28, 6, 0, [3.67622005160801, -46.957907326907446]
28, 7, 0, [5.0925655493948945, -42.305040283236146]
28, 8, 0, [3.5834946038618405, -45.86013722779788]
28, 9, 0, [4.448367906117159, -45.03439763457047]
29, 0, 0.8370675293, [1.0455849922663858, -45.26345208205781]
29, 1, 0.8322514298, [1.0525224327997142, -47.312345358863396]
29, 2, 0.8278381461, [1.1521992648288792, -44.49937798479043]
29, 3, 0.6754941952, [0.38312246581427734, -37.13957162524717]
29, 4, 0.3712057996, [0.034680475443596315, -45.26345208205781]
29, 5, 0.3151966637, [-5.544293501422215, -43.436430852480285]
29, 6, 0.298913035, [-7.430140815937299, -45.73053251277964]
29, 7, 0.2915703154, [-3.3327927230789767, -45.981497715439424]
29, 8, 0.2878245683, [-1.2074191000054784, -44.789232264071416]
29, 9, 0.2796246491, [-1.1388308754319645, -45.71807517237414]
30, 0, 0.8370675293, [1.0455849922663858, -45.26345208205781]
30, 1, 0.837048036, [1.048045070670488, -45.26657189323346]
30, 2, 0.8334891596, [1.0522380069408823, -47.069508104751236]
30, 3, 0.8225224361, [1.0455849922663858, -39.74176413963272]
30, 4, 0.7389397216, [1.6646326315729227, -35.937462647344255]
30, 5, 0.6216027155, [2.475516614270227, -45.23196884365497]
30, 6, 0.6143880845, [2.379559330636277, -37.59064158894768]
30, 7, 0, [7.723519391282808, -53.3932485506358]
30, 8, 0, [4.124720711785231, -48.42848777859022]
30, 9, 0, [6.000831823260047, -45.514425818654956]
