0, 0, 0.9364715207, [1.5767263688984465, -59.10608341685789]
0, 1, 0.8170386734, [1.0626026142919174, -53.30367785553532]
0, 2, 0.7905496851, [0.8715421771424384, -42.32202948372274]
0, 3, 0.7803236619, [0.8652329118126117, -44.839341356899126]
0, 4, 0.7652955479, [2.337993794602593, -59.249677343319995]
0, 5, 0.7401191001, [2.3745955322283314, -43.6517555819035]
0, 6, 0.5804509152, [2.6776492495740434, -39.69901537731266]
0, 7, 0.4522134917, [2.933006598372393, -59.80503720965817]
0, 8, 0.2863057914, [0.1928758938935227, -54.034870479400546]
0, 9, 0, [3.222628486966959, -57.391835021117515]
1, 0, 0.9471516959, [1.401270694707231, -52.35429020282067]
1, 1, 0.9409099688, [1.4709805013588744, -46.9917737234064]
1, 2, 0.9364715207, [1.5767263688984465, -59.10608341685789]
1, 3, 0.9364715207, [1.5767263688984465, -59.10608341685789]
1, 4, 0.9306829683, [1.3196644915951818, -55.420787798597196]
1, 5, 0.9304707942, [1.4870065908548062, -59.10608341685789]
1, 6, 0.3020235497, [-2.0657605146187574, -44.13202902048637]
1, 7, 0.2348918708, [-3.9542137844892773, -52.14747631005178]
1, 8, 0, [3.4241766132555425, -44.316109174305595]
1, 9, 0, [6.608963046992745, -46.99283511622088]
2, 0, 0.9480272356, [1.3876740917006096, -51.362502420334266]
2, 1, 0.9471516959, [1.401270694707231, -52.35429020282067]
2, 2, 0.9471516959, [1.401270694707231, -52.35429020282067]
2, 3, 0.8868528263, [1.2989733858977721, -39.39748601600552]
2, 4, 0.7760631732, [0.8565956969126266, -43.92283890283326]
2, 5, 0.6599115608, [0.5698419110514232, -39.74878250691697]
2, 6, 0.4826616332, [0.5582042666888317, -53.96044915813593]
2, 7, 0.2514991235, [-0.44528072629075055, -49.67303196311354]
2, 8, 0.1914820729, [-1.5341146519098112, -55.21182140875759]
2, 9, 0.1891542348, [0.4546185437719521, -61.850306095473435]
3, 0, 0.9480272356, [1.3876740917006096, -51.362502420334266]
3, 1, 0.9479804464, [1.3944723932039205, -51.858396311577465]
3, 2, 0.9410422698, [1.666176702809356, -50.36443285735462]
3, 3, 0.932515024, [1.3944723932039205, -44.90988226826291]
3, 4, 0.8042579392, [1.2989733858977721, -33.87432869864382]
3, 5, 0.6483126121, [0.7913208709506567, -54.118108120801296]
3, 6, 0.6365466979, [0.7288153228314407, -51.858396311577465]
3, 7, 0.5586841674, [0.6025050664257088, -51.362502420334266]
3, 8, 0.2404122188, [-0.7470520170553239, -50.74298483851164]
3, 9, 0.2118568723, [-0.17406123821009456, -53.11693735445045]
4, 0, 0.9480272356, [1.3876740917006096, -51.362502420334266]
4, 1, 0.9477643753, [1.441762634336067, -52.464430266300226]
4, 2, 0.9427251187, [1.3876740917006096, -53.632414034239865]
4, 3, 0.9420368269, [1.4825750443535641, -46.63726506171035]
4, 4, 0.9411921039, [1.391073242452265, -48.549552663705626]
4, 5, 0.9226476576, [1.391073242452265, -58.255251873472076]
4, 6, 0.918504496, [1.4825750443535641, -42.386688171761456]
4, 7, 0.9037359739, [1.1632600232273207, -50.31448782736858]
4, 8, 0.6296998585, [0.7122828183699932, -51.610449365955866]
4, 9, 0.3532437283, [3.0593574053502213, -52.99190405799675]
5, 0, 0.9480272356, [1.3876740917006096, -51.362502420334266]
5, 1, 0.945985965, [1.4147183630183382, -50.33094041256264]
5, 2, 0.9442188752, [1.4413521921530308, -49.45806371299153]
5, 3, 0.9417380245, [1.4825750443535641, -46.41918199611463]
5, 4, 0.9405419132, [1.45347579813682, -55.697711855180216]
5, 5, 0.9231192126, [1.4825750443535641, -43.41467636000594]
5, 6, 0.7427229809, [2.4040016689284682, -53.23011332641337]
5, 7, 0.6327169064, [2.635457197454616, -50.75903092009502]
5, 8, 0.2482339492, [-0.41149197378623104, -49.956027542019946]
5, 9, 0, [3.8829725531182886, -59.55830703141762]
6, 0, 0.9480272356, [1.3876740917006096, -51.362502420334266]
6, 1, 0.9462937407, [1.401196227359474, -50.84672141644845]
6, 2, 0.9334076718, [1.3876740917006096, -56.13250962977778]
6, 3, 0.9309949862, [1.4825750443535641, -44.5578008753891]
6, 4, 0.853624307, [1.1003331727524532, -51.74542128877804]
6, 5, 0.7271100105, [0.7654255435614047, -46.41918199611463]
6, 6, 0.5096952413, [0.5732165535561894, -53.249915614844355]
6, 7, 0.2687916393, [-4.643620666877763, -48.89084220822445]
6, 8, 0.2098622924, [-4.684368951776243, -54.63558476360776]
6, 9, 0, [4.611543639486437, -49.9726457320904]
7, 0, 0.9480272356, [1.3876740917006096, -51.362502420334266]
7, 1, 0.9462937407, [1.401196227359474, -50.84672141644845]
7, 2, 0.9450819492, [1.508695700807732, -47.69412287102541]
7, 3, 0.8772810948, [1.116921892929269, -49.495350770370415]
7, 4, 0.8319381398, [2.134924674647595, -47.96015164786168]
7, 5, 0.566915293, [2.748904607710659, -50.88871929641652]
7, 6, 0.5593528043, [2.7641053467089325, -50.689603443909256]
7, 7, 0.455335871, [2.9320276160741487, -51.069435901902104]
7, 8, 0, [5.050820220358963, -48.76412034906148]
7, 9, 0, [3.756976668176822, -53.770469601724294]
8, 0, 0.9480272356, [1.3876740917006096, -51.362502420334266]
8, 1, 0.9448072861, [1.4481848962541708, -49.52831264567983]
8, 2, 0.9435612152, [1.3128087968685005, -48.652289179306344]
8, 3, 0.9313155449, [1.2522979923149393, -52.64320727872618]
8, 4, 0.8401224843, [2.112335421907984, -50.42892659535234]
8, 5, 0.6472390021, [0.6296199055162783, -45.675461439773606]
8, 6, 0.511929056, [2.8321139093349235, -54.08677847704138]
8, 7, 0.2630968585, [-0.9515635295639555, -48.59473682069791]
8, 8, 0, [3.2440165332983986, -51.05053105614903]
8, 9, 0, [4.695659221009665, -50.171036093409434]
9, 0, 0.9480272356, [1.3876740917006096, -51.362502420334266]
9, 1, 0.945157377, [1.393091514823288, -50.7217719658365]
9, 2, 0.9342234259, [1.350241444284555, -44.701897620827964]
9, 3, 0.8404403623, [2.0913928120386673, -47.6698839302895]
9, 4, 0.8080715039, [0.9633335363359893, -48.48671199717098]
9, 5, 0.4173418359, [0.2505999600098039, -45.891257538188135]
9, 6, 0.2671391502, [-1.9818706176630392, -48.652289179306344]
9, 7, 0.2564565391, [-2.7087613034678197, -49.7122635199208]
9, 8, 0.2453292456, [-4.370590982578105, -51.362502420334266]
9, 9, 0.2396799821, [-0.4129578204025053, -50.64774822901626]
10, 0, 0.9504360363, [1.5504272094530474, -53.48852301810912]
10, 1, 0.9480272356, [1.3876740917006096, -51.362502420334266]
10, 2, 0.9480272356, [1.3876740917006096, -51.362502420334266]
10, 3, 0.945157377, [1.393091514823288, -50.7217719658365]
10, 4, 0.945157377, [1.393091514823288, -50.7217719658365]
10, 5, 0.918853799, [1.354232592505058, -58.002738843697514]
10, 6, 0.9042803012, [1.3970826630437911, -66.27013330018293]
10, 7, 0.8545792086, [2.0638015465539925, -53.36055111844962]
10, 8, 0.5494905365, [2.7796176642022687, -49.92460720875262]
10, 9, 0, [4.868044367036176, -51.97051353980688]
11, 0, 0.9504360363, [1.5504272094530474, -53.48852301810912]
11, 1, 0.9495045037, [1.4690506505768286, -51.369382767692834]
11, 2, 0.8538565964, [2.064043190451982, -55.67044589638452]
11, 3, 0.3386271443, [0.16876647295913672, -50.08926912882198]
11, 4, 0.2990728003, [3.1482277132443084, -52.509541053388645]
11, 5, 0.2916586367, [-0.7526229999532374, -45.71238357129981]
11, 6, 0.2855346978, [3.1718506550758585, -50.816879003311215]
11, 7, 0.1912214168, [-0.8541168450723342, -55.1262763459489]
11, 8, 0, [6.189983635457349, -51.35459933191806]
11, 9, 0, [3.2983060183364197, -54.380957418938316]
12, 0, 0.9504360363, [1.5504272094530474, -53.48852301810912]
12, 1, 0.9190903433, [1.7817667947327647, -53.48852301810912]
12, 2, 0.9090143427, [1.2722308950553494, -57.16864806414314]
12, 3, 0.8691548299, [2.023576191113222, -51.51000107502275]
12, 4, 0.8355915679, [2.1365724671255966, -50.75258170195137]
12, 5, 0.481477078, [2.886122978033768, -51.369382767692834]
12, 6, 0.2537605287, [-0.2756652590859141, -49.382615937776755]
12, 7, 0.2453047813, [-0.798475114796648, -50.32487290206602]
12, 8, 0, [3.8157495297930764, -51.89273998764718]
12, 9, 0, [3.5077601972493877, -51.369382767692834]
13, 0, 0.9509592779, [1.5504272094530474, -51.13546454623739]
13, 1, 0.9504360363, [1.5504272094530474, -53.48852301810912]
13, 2, 0.8885393309, [1.9591696309291806, -52.120552360030246]
13, 3, 0.8880694024, [1.9591696309291806, -50.91591596697862]
13, 4, 0.8880599668, [1.9591696309291806, -55.22057169408277]
13, 5, 0.2448118387, [0.022539209659127035, -53.5604274219517]
13, 6, 0.2076538305, [-1.1630600347175273, -53.48852301810912]
13, 7, 0, [4.987441213069507, -59.35197394568924]
13, 8, 0, [3.8347183419265867, -50.78636593163349]
13, 9, 0, [3.3642190304745925, -53.48852301810912]
14, 0, 0.9509592779, [1.5504272094530474, -51.13546454623739]
14, 1, 0.9411429499, [1.5504272094530474, -56.5762777653411]
14, 2, 0.915492272, [1.790111259215612, -49.52100555272447]
14, 3, 0.888183447, [1.9591696309291806, -50.17095606798801]
14, 4, 0.8067237084, [1.0410794197363593, -53.43155300324662]
14, 5, 0.6780486867, [2.5415757463728452, -52.347945984094544]
14, 6, 0.2661528342, [3.192375694549307, -52.202219492543875]
14, 7, 0.232117231, [-3.757589131413678, -52.31199378217325]
14, 8, 0.2291413635, [-2.2233057474708438, -51.75590774663657]
14, 9, 0, [5.8586416018084595, -55.73278239929866]
15, 0, 0.9509592779, [1.5504272094530474, -51.13546454623739]
15, 1, 0.9451951841, [1.5781954726482663, -48.95558312212523]
15, 2, 0.9449047076, [1.3507732878931678, -53.48340088957242]
15, 3, 0.944334168, [1.6230353335887697, -51.05515970911285]
15, 4, 0.935460517, [1.5504272094530474, -59.503055231569505]
15, 5, 0.9113563822, [1.3350457256507875, -58.72445502662184]
15, 6, 0.9100865411, [1.8225098483405509, -48.222459946651924]
15, 7, 0.6554000522, [2.5757726627392437, -46.19195251169994]
15, 8, 0.3622597028, [0.08061938583010098, -44.62767964947256]
15, 9, 0, [3.7748901491178084, -57.91655139592935]
16, 0, 0.9509592779, [1.5504272094530474, -51.13546454623739]
16, 1, 0.9480753835, [1.464484380270717, -53.38733308722872]
16, 2, 0.9433894645, [1.5504272094530474, -46.96823388955318]
16, 3, 0.9416782652, [1.464484380270717, -55.300320659612346]
16, 4, 0.8625151415, [1.2273958805953014, -61.701289616931476]
16, 5, 0.2741773518, [-2.5398761202535214, -47.99045988298934]
16, 6, 0.2422453541, [-1.722003234887071, -50.62477322415162]
16, 7, 0.2197865791, [-0.5959476854483061, -52.26108327231512]
16, 8, 0.1961591759, [-1.2693664650748357, -54.70764889100952]
16, 9, 0, [5.415926549192741, -49.00820825511464]
17, 0, 0.9509592779, [1.5504272094530474, -51.13546454623739]
17, 1, 0.9500346716, [1.5074557948618823, -52.29087560027793]
17, 2, 0.9380379674, [1.682669399099093, -56.09190666487802]
17, 3, 0.7869873912, [1.020230160650027, -54.084447076105796]
17, 4, 0.7588172869, [0.8784876152919461, -50.105479285856326]
17, 5, 0.6058487987, [0.7141213184341807, -53.38733308722872]
17, 6, 0.3924953424, [3.0260842039794325, -51.13546454623739]
17, 7, 0.2139598095, [-2.5558312318029115, -53.38733308722872]
17, 8, 0, [8.809450583013975, -58.71449906580416]
17, 9, 0, [7.398827915190955, -53.387720503637766]
18, 0, 0.9509592779, [1.5504272094530474, -51.13546454623739]
18, 1, 0.9497490567, [1.5074557948618823, -53.403099313207136]
18, 2, 0.6815742464, [2.529411223702885, -53.2130079215492]
18, 3, 0.6792241789, [2.540922246212066, -51.60407345019606]
18, 4, 0.5616337361, [2.759378150479434, -51.47252028360238]
18, 5, 0.4992675598, [0.5359729314200345, -52.088586345450885]
18, 6, 0.4368887004, [0.4647486290685834, -53.08379202786287]
18, 7, 0.2387244854, [-0.32283303930609586, -50.72760983934798]
18, 8, 0.1943077007, [-3.736268777088619, -55.91835467092198]
18, 9, 0, [3.81686801601894, -51.00229646668002]
19, 0, 0.9509592779, [1.5504272094530474, -51.13546454623739]
19, 1, 0.9508872761, [1.5468943108942845, -51.530552805875054]
19, 2, 0.9502467078, [1.5191674742106618, -52.300979671927145]
19, 3, 0.8775447408, [1.9907639210315689, -59.94430142933591]
19, 4, 0.8709542917, [2.0184335092823837, -54.5989636361587]
19, 5, 0.804270994, [2.229949120350491, -57.62227002813114]
19, 6, 0.6238451024, [2.6443946870911597, -59.840806068050725]
19, 7, 0.5366828192, [0.6805506090692313, -55.500748209157834]
19, 8, 0.2396401979, [-0.15966997850090614, -50.891633865943234]
19, 9, 0.238601209, [-0.12032659885325003, -51.13546454623739]
20, 0, 0.9512321316, [1.5505716769194215, -51.26952095992354]
20, 1, 0.9510956953, [1.5470387783606587, -51.62893893514566]
20, 2, 0.9509592779, [1.5504272094530474, -51.13546454623739]
20, 3, 0.9480845004, [1.5468943108942845, -53.92447597964924]
20, 4, 0.818000215, [1.0531742622889644, -52.231930818385436]
20, 5, 0.2509338183, [-2.573573887843941, -50.31514972112359]
20, 6, 0, [-0.19928255413523832, -53.959920723080714]
20, 7, 0, [3.308237619559994, -44.711732058793025]
20, 8, 0, [6.321227556142569, -51.71822210908226]
20, 9, 0, [-0.39282483436583027, -59.11674853576299]
21, 0, 0.9512321316, [1.5505716769194215, -51.26952095992354]
21, 1, 0.9509592779, [1.5504272094530474, -51.13546454623739]
21, 2, 0.9509440723, [1.5488052276400401, -51.88569006882936]
21, 3, 0.9508546071, [1.5469665446274716, -52.77670745739745]
21, 4, 0.6912231645, [2.5135415158011285, -51.13546454623739]
21, 5, 0.6690453391, [0.7899311608303945, -52.596998469786385]
21, 6, 0.4749521509, [0.3870203096061684, -47.13424822080732]
21, 7, 0.2487010204, [-0.024320240668749937, -51.10628789963157]
21, 8, 0.2427249726, [-6.362932833090607, -51.930434876765545]
21, 9, 0, [3.387611787685894, -52.452072140343276]
22, 0, 0.9512321316, [1.5504994431862344, -51.20249275308046]
22, 1, 0.9512321316, [1.5505716769194215, -51.26952095992354]
22, 2, 0.9495000698, [1.5505716769194215, -50.91591985175808]
22, 3, 0.9488231469, [1.5496884522797307, -54.345183311927784]
22, 4, 0.9462651168, [1.5472608939525836, -55.01148178194959]
22, 5, 0.8453972831, [1.0309453843053054, -46.81000024906447]
22, 6, 0.2581733155, [-3.2519730984852693, -49.68863605321499]
22, 7, 0.242117095, [-3.8510930994145083, -51.39228520020831]
22, 8, 0.2288182316, [-2.5491917310199117, -52.008454309114136]
22, 9, 0, [4.975886426919516, -51.21170418626487]
23, 0, 0.9512321316, [1.5504994431862344, -51.20249275308046]
23, 1, 0.9509592779, [1.5505716769194215, -51.151203009733024]
23, 2, 0.9504360363, [1.5501300645995761, -53.4013790874196]
23, 3, 0.9454044821, [1.5504994431862344, -48.019320402033884]
23, 4, 0.9451567537, [1.5505716769194215, -48.48199396944588]
23, 5, 0.9450759159, [1.5505716769194215, -48.18908797684191]
23, 6, 0.2641702564, [-0.893813307617958, -48.537285380577025]
23, 7, 0.2322272964, [-0.2506300158488697, -51.245135864830836]
23, 8, 0.2222090133, [-3.0909188313267406, -52.87197707620215]
23, 9, 0, [6.182970638619188, -54.345183311927784]
24, 0, 0.9512321316, [1.5504994431862344, -51.20249275308046]
24, 1, 0.9486929619, [1.5505716769194215, -53.61816931581189]
24, 2, 0.9411429499, [1.5504393250520772, -56.4416783248954]
24, 3, 0.7924022817, [0.9473759810093664, -49.89024010135359]
24, 4, 0.7295077583, [2.4292360985347847, -54.40838040413499]
24, 5, 0.6548629137, [2.586204521062653, -50.41676416707664]
24, 6, 0.5090333287, [2.8364542402507515, -57.052353081726594]
24, 7, 0.2375421613, [-2.014998698654299, -51.20249275308046]
24, 8, 0, [4.268929200269366, -49.5413970682642]
24, 9, 0, [3.2243482981516105, -51.307755542667174]
25, 0, 0.9512321316, [1.5504994431862344, -51.20249275308046]
25, 1, 0.9455488345, [1.5504693841191557, -55.07591789174076]
25, 2, 0.9309109351, [1.7296324053215473, -52.2450319273581]
25, 3, 0.3200028844, [-0.9723883805186593, -42.2752204883638]
25, 4, 0.2603937412, [-5.06991418599201, -49.96137068505303]
25, 5, 0.2525106797, [-1.812189086134635, -49.89831624609306]
25, 6, 0.215295945, [0.06642648440514387, -56.4416783248954]
25, 7, 0.1935209733, [-6.240487154623999, -56.63851210620189]
25, 8, 0, [3.6123430179247316, -50.41502709530034]
25, 9, 0, [5.131837528330806, -59.34359888018513]
26, 0, 0.9512321316, [1.5504994431862344, -51.20249275308046]
26, 1, 0.9446193872, [1.3766112154647598, -53.33808795633943]
26, 2, 0.9432069377, [1.6400659242538909, -51.72376234021928]
26, 3, 0.9392796542, [1.5504844136526952, -57.18836590707674]
26, 4, 0.8393047117, [1.5634990436930964, -36.328378783774646]
26, 5, 0.4057471727, [0.2890405018002482, -48.67556919005228]
26, 6, 0.2591818548, [-1.481112136004197, -49.10182315206219]
26, 7, 0.2358890705, [-2.9157234204996803, -51.57972693380782]
26, 8, 0, [6.749072774231752, -54.64219105879008]
26, 9, 0, [3.2983836854476705, -51.64827324001229]
27, 0, 0.9512321316, [1.5504994431862344, -51.20249275308046]
27, 1, 0.9457423263, [1.5952751689532931, -54.37565362132645]
27, 2, 0.9446193872, [1.3766112154647598, -53.33808795633943]
27, 3, 0.7667057945, [0.9129331766909087, -50.619297721822505]
27, 4, 0.4793121241, [2.8918822156838964, -53.33808795633943]
27, 5, 0.3156842065, [0.3539363613423294, -56.39653423729808]
27, 6, 0.2404016156, [-0.2758017178313039, -50.577531709417514]
27, 7, 0.2247767991, [-3.2536926648519886, -52.70218797182717]
27, 8, 0, [-0.23187575828276596, -54.36836924929441]
27, 9, 0, [8.102640280301296, -53.59563180268894]
28, 0, 0.9512321316, [1.5504994431862344, -51.20249275308046]
28, 1, 0.951081182, [1.572887306069764, -53.187590496774355]
28, 2, 0.9467593694, [1.463555329325497, -50.47554105490216]
28, 3, 0.7845578143, [2.295234320775352, -52.27029035470994]
28, 4, 0.2442876305, [-2.7959397184107075, -50.90033079010813]
28, 5, 0.1858575884, [-2.9456598094799604, -56.34771788524575]
28, 6, 0, [3.979207593749527, -52.27029035470994]
28, 7, 0, [5.597480000314743, -48.2440809542588]
28, 8, 0, [4.088409054781689, -51.79917789882053]
28, 9, 0, [4.751355448258676, -50.346780662372964]
29, 0, 0.9512321316, [1.5504994431862344, -51.20249275308046]
29, 1, 0.9506974728, [1.5686331706194423, -52.64568195808355]
29, 2, 0.9476989361, [1.5182213176976305, -50.27660643972312]
29, 3, 0.7933930458, [0.888036916734126, -43.078612296269824]
29, 4, 0.5199088339, [0.539594926363445, -51.20249275308046]
29, 5, 0.2622380028, [-5.11523693782623, -49.67850473454317]
29, 6, 0.253415383, [-6.9140300781175705, -51.06386911199979]
29, 7, 0.2464667809, [-0.6913083621857504, -50.12256886329157]
29, 8, 0.234559882, [-0.6227201376122365, -51.051411771594296]
29, 9, 0.2329745603, [-2.9667706702102254, -51.758726170372114]
30, 0, 0.9518014636, [1.5569298249718506, -51.20469027008211]
30, 1, 0.9512321316, [1.5504994431862344, -51.20249275308046]
30, 2, 0.9501586474, [1.5678897118504285, -52.20466147649167]
30, 3, 0.9397840436, [1.5504994431862344, -45.680804810655374]
30, 4, 0.803511198, [2.1695470824927714, -41.87650331836691]
30, 5, 0.4828341524, [2.884473781556126, -43.529682259970336]
30, 6, 0.4237566176, [2.980431065190076, -51.17100951467762]
30, 7, 0, [8.234031985652596, -59.0294371857572]
30, 8, 0, [4.635233306155019, -54.06467641371162]
30, 9, 0, [6.520912864461289, -50.84684012370111]
