0, 0, 0.799634619, [0.8652329118126117, -44.839341356899126]
0, 1, 0.7887345165, [0.8715421771424384, -42.32202948372274]
0, 2, 0.7846394152, [1.0626026142919174, -53.30367785553532]
0, 3, 0.7205100146, [0.1928758938935227, -54.034870479400546]
0, 4, 0.598341109, [1.5767263688984465, -59.10608341685789]
0, 5, 0.3330555934, [2.337993794602593, -59.249677343319995]
0, 6, 0.3207324751, [2.3745955322283314, -43.6517555819035]
0, 7, 0, [2.6776492495740434, -39.69901537731266]
0, 8, 0, [3.222628486966959, -57.391835021117515]
0, 9, 0, [2.933006598372393, -59.80503720965817]
1, 0, 0.799634619, [0.8652329118126117, -44.839341356899126]
1, 1, 0.786366546, [0.972882836248277, -53.30367785553532]
1, 2, 0.7846394152, [1.0626026142919174, -53.30367785553532]
1, 3, 0.7806725654, [0.8715421771424384, -41.53793664612333]
1, 4, 0.7785361495, [1.0455239661643139, -45.220919172841285]
1, 5, 0.6342304934, [1.4678258686939611, -48.250429659994595]
1, 6, 0, [3.4241766132555425, -44.316109174305595]
1, 7, 0, [6.608963046992745, -46.99283511622088]
1, 8, 0, [-4.309960513032195, -45.01410528007239]
1, 9, 0, [3.2977418910718073, -44.135986569488715]
2, 0, 0.8027419738, [0.8824237025117836, -53.30367785553532]
2, 1, 0.799634619, [0.8652329118126117, -44.839341356899126]
2, 2, 0.799634619, [0.8652329118126117, -44.839341356899126]
2, 3, 0.7808404557, [0.7072594774816106, -41.31665518256842]
2, 4, 0.6382413494, [0.08061761135852907, -53.80426763556951]
2, 5, 0.5940096996, [0.022166483794212377, -46.445500312214385]
2, 6, 0.4996921641, [0.2269416707124431, -32.0151550913457]
2, 7, 0.3971260225, [-0.07046222497862198, -55.19162889185137]
2, 8, 0, [-2.0591954206603855, -48.553144205135524]
2, 9, 0, [-0.9623484502933589, -49.07150960621722]
3, 0, 0.8030937527, [0.8738283071621977, -49.07150960621722]
3, 1, 0.8027419738, [0.8824237025117836, -53.30367785553532]
3, 2, 0.7881168535, [0.8738283071621977, -42.122995562902666]
3, 3, 0.7671136911, [0.270676784908934, -51.33122141544105]
3, 4, 0.7422874239, [1.1455326167676332, -47.577546151994376]
3, 5, 0.7330996477, [0.20817123678971794, -49.07150960621722]
3, 6, 0.6912668995, [0.7072594774816106, -35.79349786520672]
3, 7, 0.6565918141, [0.09725467723688275, -53.30367785553532]
3, 8, 0, [3.2319733476379264, -57.34901906497546]
3, 9, 0, [-0.6793116273989206, -55.0581127896515]
4, 0, 0.8067049554, [0.8738283071621977, -51.34142122012282]
4, 1, 0.8066431249, [0.8738283071621977, -51.149854173162765]
4, 2, 0.8030937527, [0.8738283071621977, -49.07150960621722]
4, 3, 0.8020420685, [0.8781260048369907, -48.12669702862603]
4, 4, 0.7999938919, [0.8738283071621977, -47.3493521317595]
4, 5, 0.7951073966, [0.8781260048369907, -57.832396238392484]
4, 6, 0.7846625731, [1.0096804619649156, -49.36815514115965]
4, 7, 0.775841151, [1.0096804619649156, -45.11757825121075]
4, 8, 0.7301394847, [0.1993355807547189, -51.18759373087627]
4, 9, 0, [2.5455116208118094, -50.7009112438797]
5, 0, 0.8067049554, [0.8738283071621977, -51.34142122012282]
5, 1, 0.802821142, [0.8781260048369907, -47.90861396303031]
5, 2, 0.8022026959, [0.8737935078412724, -48.02607987504068]
5, 3, 0.8011124602, [0.8738283071621977, -47.39320015198259]
5, 4, 0.7980140755, [0.8781260048369907, -44.90410832692162]
5, 5, 0.7914145317, [0.9379304382225807, -55.08707098910142]
5, 6, 0.5236564137, [1.8360673417545992, -51.915537233275906]
5, 7, 0.4444918267, [2.067522870280747, -49.44445482695756]
5, 8, 0, [3.370400958365125, -59.018043651524636]
5, 9, 0, [5.463930306360164, -50.11068188968999]
6, 0, 0.8203026004, [0.5864873882140414, -51.72434008856659]
6, 1, 0.8067049554, [0.8738283071621977, -51.34142122012282]
6, 2, 0.8023136192, [0.8759771559995941, -49.625017591576565]
6, 3, 0.7989779215, [0.8738283071621977, -45.53181903125706]
6, 4, 0.7974485301, [0.8738283071621977, -56.11142842956633]
6, 5, 0.6979877216, [0.15667880637003828, -47.39320015198259]
6, 6, 0.6168379829, [0.047997482196309504, -52.02821178997247]
6, 7, 0, [4.050247378621548, -50.449114209918655]
6, 8, 0, [-5.204916927742652, -49.367310686052704]
6, 9, 0, [-5.198214736314655, -54.61450356339631]
7, 0, 0.8203026004, [0.5864873882140414, -51.72434008856659]
7, 1, 0.8202992167, [0.5895539727319927, -49.99005057404478]
7, 2, 0.8067049554, [0.8738283071621977, -51.34142122012282]
7, 3, 0.7731559724, [1.091069899416921, -50.36413551935353]
7, 4, 0.6514734786, [1.429957954308628, -48.628079559911825]
7, 5, 0.4470924005, [2.0591386263699656, -51.3575313559594]
7, 6, 0.4184917528, [2.1308409125875807, -48.36668703956329]
7, 7, 0, [4.633194418968151, -51.434132997389604]
7, 8, 0, [3.234467878834578, -52.29082210256985]
7, 9, 0, [-1.6889781526385172, -52.357236572489974]
8, 0, 0.8203026004, [0.5864873882140414, -51.72434008856659]
8, 1, 0.807597621, [0.8387786438154812, -53.2585184873339]
8, 2, 0.8060781023, [0.7301578476881196, -51.53288065434471]
8, 3, 0.7883654081, [0.9824491032895594, -50.91033072834661]
8, 4, 0.5617341743, [1.6988160734085258, -51.04423780396006]
8, 5, 0.4603984012, [2.025699430277899, -53.83936188995571]
8, 6, 0.4135036487, [-0.08840714304977282, -47.68002944843848]
8, 7, 0, [-1.2819232231428965, -50.852778369738175]
8, 8, 0, [2.437602054241374, -50.80311446906337]
8, 9, 0, [4.27691209693975, -50.177093046699156]
9, 0, 0.8203026004, [0.5864873882140414, -51.72434008856659]
9, 1, 0.8167573606, [0.5968837096463708, -51.99661416202579]
9, 2, 0.8059219619, [0.6583226179510806, -46.32311219246331]
9, 3, 0.7663748595, [0.27141471000251494, -50.10792656880633]
9, 4, 0.6207230273, [1.5137207611679377, -51.46347993328483]
9, 5, 0, [-0.5505867434767643, -46.25309520642046]
9, 6, 0, [-5.171777686064673, -51.72434008856659]
9, 7, 0, [-1.30228105382441, -53.333484398623625]
9, 8, 0, [-0.8392077395053856, -51.22160569134566]
9, 9, 0, [-2.5645215668434203, -51.53288065434471]
10, 0, 0.8203026004, [0.5864873882140414, -51.72434008856659]
10, 1, 0.8203026004, [0.5864873882140414, -51.72434008856659]
10, 2, 0.8167573606, [0.5968837096463708, -51.99661416202579]
10, 3, 0.8167573606, [0.5968837096463708, -51.99661416202579]
10, 4, 0.7981601132, [0.867468204771024, -54.89882676880958]
10, 5, 0.7962769116, [0.6640451707139364, -58.789864075381125]
10, 6, 0.7882480013, [0.6026062624092267, -66.71088615642047]
10, 7, 0.686730459, [1.2626148430674242, -53.72238878668195]
10, 8, 0, [4.08079638351071, -53.03444491506128]
10, 9, 0, [2.654217924874959, -51.59391001092571]
11, 0, 0.8203026004, [0.5864873882140414, -51.72434008856659]
11, 1, 0.8197940334, [0.5864873882140414, -50.66821013703773]
11, 2, 0.7724017237, [1.100103369212976, -53.90626296684199]
11, 3, 0.3952545482, [2.182464517174043, -51.72434008856659]
11, 4, 0, [2.5373187583121766, -55.37003275182705]
11, 5, 0, [-1.76421213527032, -55.864212959723986]
11, 6, 0, [5.226043814218343, -49.59041640237553]
11, 7, 0, [2.4157427559736324, -53.679784788283214]
11, 8, 0, [-0.7113073402488248, -49.84459876214536]
11, 9, 0, [4.5173559939545935, -51.3106940819757]
12, 0, 0.8203026004, [0.5864873882140414, -51.72434008856659]
12, 1, 0.8119149152, [0.8178269734937589, -51.72434008856659]
12, 2, 0.7816123881, [0.34490955950025015, -56.40181232908885]
12, 3, 0.6784031848, [1.3136697045796084, -49.03901314066229]
12, 4, 0.4700447554, [2.003559715670981, -50.66821013703773]
12, 5, 0, [3.1429250723391995, -52.05058779190777]
12, 6, 0, [-1.762414936035654, -48.56068997252349]
12, 7, 0, [2.6251969348866004, -50.66821013703773]
12, 8, 0, [8.748846514127491, -52.03395536497049]
12, 9, 0, [4.201344789481049, -53.028645943578205]
13, 0, 0.820327458, [0.5864873882140414, -49.37128161669486]
13, 1, 0.8203026004, [0.5864873882140414, -51.72434008856659]
13, 2, 0.6597463549, [1.41069334458237, -51.19627511280216]
13, 3, 0.6593994231, [1.41069334458237, -49.99163871975054]
13, 4, 0.6581516308, [1.41069334458237, -54.29629444685469]
13, 5, 0, [-2.126999855956533, -51.72434008856659]
13, 6, 0, [4.023501391830501, -57.58779101614671]
13, 7, 0, [-0.5259370766876836, -52.63615017472362]
13, 8, 0, [2.8707785206875807, -49.02218300209096]
13, 9, 0, [2.4002792092355865, -51.72434008856659]
14, 0, 0.820327458, [0.5864873882140414, -49.37128161669486]
14, 1, 0.8111134307, [0.5864873882140414, -54.812094835798575]
14, 2, 0.8099729808, [0.8261714379766063, -47.75682262318194]
14, 3, 0.770421007, [0.2848713659434511, -52.08732291486131]
14, 4, 0.6593994231, [1.41069334458237, -49.246678820759925]
14, 5, 0, [6.565541690977186, -53.93264726783484]
14, 6, 0, [3.248475835541572, -50.547810852630725]
14, 7, 0, [3.159326480364987, -57.68413006596671]
14, 8, 0, [-2.979513801263752, -50.411677658251264]
14, 9, 0, [-4.721528952652684, -50.547810852630725]
15, 0, 0.820327458, [0.5864873882140414, -49.37128161669486]
15, 1, 0.8103793391, [0.6590955123497638, -49.29097677957032]
15, 2, 0.8063546962, [0.5864873882140414, -57.73887230202698]
15, 3, 0.8016386781, [0.8585700271015451, -46.458277017109396]
15, 4, 0.7917544969, [0.3711059044117815, -56.96027209707931]
15, 5, 0.7577124608, [0.25907642953589866, -49.03167508079062]
15, 6, 0.6037974699, [0.031654244780800256, -53.55949284823781]
15, 7, 0.4776720225, [1.959144367808432, -53.5400510463533]
15, 8, 0, [2.8109503278788024, -56.152368466386825]
15, 9, 0, [-2.2183287933546163, -46.322931615180025]
16, 0, 0.820327458, [0.5864873882140414, -49.37128161669486]
16, 1, 0.8112753882, [0.5864873882140414, -45.204050960010655]
16, 2, 0.8042372112, [0.6227914502819026, -55.682765622178536]
16, 3, 0.8007271894, [0.6227914502819026, -57.595753194562164]
16, 4, 0.6638826975, [0.09543311930813056, -50.93326226612251]
16, 5, 0, [4.451986727953735, -47.24402532557211]
16, 6, 0, [-3.4813960110222757, -47.27606524694062]
16, 7, 0, [2.538178033919053, -49.33112919813259]
16, 8, 0, [-1.615880971859594, -49.421652937794846]
16, 9, 0, [-2.685943056126077, -48.86059029460909]
17, 0, 0.820327458, [0.5864873882140414, -49.37128161669486]
17, 1, 0.8157370945, [0.5864873882140414, -47.31714307189763]
17, 2, 0.6657605809, [0.09926175400218618, -49.1107145477255]
17, 3, 0.4449656282, [2.0621443827404264, -49.37128161669486]
17, 4, 0.4106944211, [-0.08545220594705982, -48.3412963563138]
17, 5, 0.2746289433, [-0.1638756736224949, -45.204050960010655]
17, 6, 0, [8.528104978281466, -52.0319317276577]
17, 7, 0, [7.785026321932416, -47.21767655878301]
17, 8, 0, [6.56531983612028, -45.206560515666425]
17, 9, 0, [-1.6433862143725673, -59.071246050732455]
18, 0, 0.820979144, [0.5749601318457314, -48.849912150974156]
18, 1, 0.820327458, [0.5864873882140414, -49.37128161669486]
18, 2, 0.8172257302, [0.5864873882140414, -48.42936678482684]
18, 3, 0.8158369143, [0.5037358294942802, -49.84511783338614]
18, 4, 0.6836308758, [1.277223197830511, -47.235545598782785]
18, 5, 0.5239628773, [1.8384097438315936, -46.49878775522208]
18, 6, 0, [3.8558552164446365, -47.76362227220329]
18, 7, 0, [3.7936052236404496, -53.11247830372909]
18, 8, 0, [2.5799094466377626, -48.36539925571933]
18, 9, 0, [-0.28384583888039905, -47.48893564487125]
19, 0, 0.8215555153, [0.5864873882140414, -50.191234219541386]
19, 1, 0.8210676331, [0.5740124174686844, -48.940749951593645]
19, 2, 0.820979144, [0.5749601318457314, -48.849912150974156]
19, 3, 0.8067034235, [0.7980029992821487, -53.214540611513826]
19, 4, 0.7914425861, [0.9318552930222763, -55.33049815727975]
19, 5, 0.7782661404, [1.0723806985654438, -55.60823327380545]
19, 6, 0.5583311471, [1.679620130285452, -39.88266870927526]
19, 7, 0.4356792087, [2.086567634613735, -46.752790465145445]
19, 8, 0, [-1.5366409955881777, -51.305382907785344]
19, 9, 0, [-1.1351370561082221, -48.60608147068]
20, 0, 0.8228297145, [0.5745225446027353, -49.11492792342254]
20, 1, 0.822460699, [0.5740124174686844, -51.33467312536783]
20, 2, 0.8215555153, [0.5864873882140414, -50.191234219541386]
20, 3, 0.8207826318, [0.5869975153480924, -50.40108247578583]
20, 4, 0.6478339015, [0.08476340495666135, -50.46491422789673]
20, 5, 0.3305151356, [2.354164037758026, -42.51408313496854]
20, 6, 0, [-3.5464557812695414, -47.72534686684218]
20, 7, 0, [-1.1676934114675412, -52.192904132592005]
20, 8, 0, [5.367153974340601, -49.520573185257774]
20, 9, 0, [-1.4112169381620443, -51.56963469112581]
21, 0, 0.8228297145, [0.5745225446027353, -49.11492792342254]
21, 1, 0.8219034881, [0.5742674810357098, -50.66126064568994]
21, 2, 0.8217181982, [0.5805049664083883, -50.86787780057683]
21, 3, 0.8215555153, [0.5864873882140414, -50.191234219541386]
21, 4, 0.6106348052, [1.5496016945621225, -50.191234219541386]
21, 5, 0.2394116477, [-0.17804180310104467, -49.758005199604185]
21, 6, 0, [2.4130740410815634, -51.22764271720386]
21, 7, 0, [-7.333651442202746, -50.89979367663228]
21, 8, 0, [2.8631326273697253, -52.35314906069016]
21, 9, 0, [-0.5794412686129149, -45.2254185639867]
22, 0, 0.8240813624, [0.5743950128192226, -49.888094284556246]
22, 1, 0.8228297145, [0.5745225446027353, -49.11492792342254]
22, 2, 0.8214185114, [0.5745225446027353, -48.761326815257085]
22, 3, 0.8186026619, [0.5775137555055618, -52.75898065955102]
22, 4, 0.8183865785, [0.5874642854141588, -52.351485851111946]
22, 5, 0.6046630811, [0.05489625198861914, -44.655407212563475]
22, 6, 0, [-3.5175512286113553, -51.21713185569861]
22, 7, 0, [-4.827201468090987, -49.464181978544325]
22, 8, 0, [-4.22733968292695, -47.45952032373241]
22, 9, 0, [3.9997819965525037, -49.89730571774065]
23, 0, 0.8240813624, [0.5743950128192226, -49.888094284556246]
23, 1, 0.8236076576, [0.5760181500541486, -51.53098124298072]
23, 2, 0.822957692, [0.5745225446027353, -48.996609973232026]
23, 3, 0.8165445783, [0.5745225446027353, -46.32740093294488]
23, 4, 0.8163563754, [0.5743950128192226, -46.70492193350967]
23, 5, 0.8148329145, [0.5745225446027353, -46.03449494034091]
23, 6, 0, [-4.065030745872168, -51.00157923176327]
23, 7, 0, [-1.2267344462158816, -49.93073739630662]
23, 8, 0, [5.210795941845019, -52.75898065955102]
23, 9, 0, [4.9279396168106, -52.57874069347037]
24, 0, 0.8240813624, [0.5743950128192226, -49.888094284556246]
24, 1, 0.8223431477, [0.5755699148817821, -51.84978477055456]
24, 2, 0.8166884497, [0.5760181500541486, -53.99794754905959]
24, 3, 0.6389350314, [1.4554206814960575, -54.60103419722942]
24, 4, 0.5914186945, [1.6101000906956409, -49.102365698552425]
24, 5, 0.5245994407, [-0.02870080033248279, -48.15574434884099]
24, 6, 0.5171785305, [1.8603498098837399, -55.737954613202376]
24, 7, 0.36889955, [2.248271516809761, -49.57325979015457]
24, 8, 0, [-2.9911031290213113, -49.888094284556246]
24, 9, 0, [3.2928247699023547, -48.226998599739986]
25, 0, 0.8240813624, [0.5743950128192226, -49.888094284556246]
25, 1, 0.8178441422, [0.5752065814366856, -53.19685326956074]
25, 2, 0.6213804764, [1.4956025403813868, -53.9432297410339]
25, 3, 0, [-1.2064182454588197, -43.973418302039605]
25, 4, 0, [3.378313152984571, -52.11322490897614]
25, 5, 0, [-7.214908329621927, -54.19478133036608]
25, 6, 0, [4.157416353332877, -56.899868104349316]
25, 7, 0, [-0.9079946905927847, -53.99794754905959]
25, 8, 0, [-1.3041443856479438, -54.609110341968886]
25, 9, 0, [-6.045176988674481, -48.082306062873016]
26, 0, 0.8240813624, [0.5743950128192226, -49.888094284556246]
26, 1, 0.8129468218, [0.5748007971279541, -55.591634361724616]
26, 2, 0.8123450007, [0.6085034621673424, -46.35921073280541]
26, 3, 0.804219761, [0.7719648816534446, -53.247654552087326]
26, 4, 0.7891183236, [1.0349987766003048, -51.915662012795075]
26, 5, 0, [5.77338915770701, -53.04545951343796]
26, 6, 0, [2.693737351636355, -51.55783983576019]
26, 7, 0, [-3.5207905681532665, -51.77162660638361]
26, 8, 0, [7.228075463661046, -48.44421363417843]
26, 9, 0, [-2.085758469815512, -49.011389747810085]
27, 0, 0.8240813624, [0.5743950128192226, -49.888094284556246]
27, 1, 0.8129468218, [0.5748007971279541, -55.591634361724616]
27, 2, 0.8064957346, [0.6902341719103935, -49.72302214012481]
27, 3, 0.4334550171, [2.0900717973470906, -55.591634361724616]
27, 4, 0.4092294418, [-0.09090026953587149, -47.27982268385346]
27, 5, 0, [-1.1208331826346747, -54.8379432177249]
27, 6, 0, [-0.5350210630095793, -56.866108205728565]
27, 7, 0, [-4.025824154204152, -51.81806872709377]
27, 8, 0, [7.50480280297934, -56.27945743186494]
27, 9, 0, [5.86462087537585, -49.80343264244637]
28, 0, 0.8240813624, [0.5743950128192226, -49.888094284556246]
28, 1, 0.8174246791, [0.5745979049735883, -53.13838163271133]
28, 2, 0.8120840441, [0.632314592364808, -48.010808912532745]
28, 3, 0.6339768677, [1.4639935838146627, -49.80555821234053]
28, 4, 0, [3.147966856788838, -49.80555821234053]
28, 5, 0, [4.62137556994773, -46.92968248573458]
28, 6, 0, [3.1123046244146773, -50.484779430296314]
28, 7, 0, [3.9201147112979866, -47.88204852000355]
28, 8, 0, [-3.943949210576136, -56.298509021182724]
28, 9, 0, [7.311466499432276, -57.20500974113346]
29, 0, 0.8240813624, [0.5743950128192226, -49.888094284556246]
29, 1, 0.8157357454, [0.6034562486691981, -49.019635936506894]
29, 2, 0.5395771601, [1.774761594043436, -49.25759394912355]
29, 3, 0.5237802755, [1.84334981861695, -50.18643685742628]
29, 4, 0.4438343532, [-0.0880675136328859, -41.76421382774561]
29, 5, 0, [4.034703126848629, -51.780707043915534]
29, 6, 0, [-0.4365095040035669, -49.888094284556246]
29, 7, 0, [-4.447960121888384, -50.19889419783178]
29, 8, 0, [-1.6846756528012738, -54.93324150971262]
29, 9, 0, [-6.113526338922406, -49.62929587048014]
30, 0, 0.8240813624, [0.5743950128192226, -49.888094284556246]
30, 1, 0.821639884, [0.5847003867345136, -49.88941666971437]
30, 2, 0.8133248785, [0.6022647765512552, -48.39056650252096]
30, 3, 0.8018270591, [0.5743950128192226, -44.36640634213116]
30, 4, 0.4700447554, [2.0043266348230637, -49.856611046153404]
30, 5, 0.347046281, [2.295287518543868, -47.28629118512671]
30, 6, 0, [7.263391309493969, -56.55921494070677]
30, 7, 0, [3.664592629996391, -51.59445416866118]
30, 8, 0, [5.55961093464072, -47.21991897028093]
30, 9, 0, [3.83978668343895, -50.63750682112679]
