0, 0, 0.9080499064, [2.933006598372393, -59.80503720965817]
0, 1, 0.8937213353, [3.222628486966959, -57.391835021117515]
0, 2, 0.8804292327, [2.3745955322283314, -43.6517555819035]
0, 3, 0.8613174394, [2.6776492495740434, -39.69901537731266]
0, 4, 0.7760663874, [2.337993794602593, -59.249677343319995]
0, 5, 0.4766738862, [0.8715421771424384, -42.32202948372274]
0, 6, 0.4648450246, [1.5767263688984465, -59.10608341685789]
0, 7, 0.4577324817, [0.8652329118126117, -44.839341356899126]
0, 8, 0.3884928644, [1.0626026142919174, -53.30367785553532]
0, 9, 0.2368260914, [0.1928758938935227, -54.034870479400546]
1, 0, 0.9267598499, [3.0146128014844424, -55.95444677628223]
1, 1, 0.909491831, [3.1329087089233187, -57.391835021117515]
1, 2, 0.9080499064, [2.933006598372393, -59.80503720965817]
1, 3, 0.8937213353, [3.222628486966959, -57.391835021117515]
1, 4, 0.8216814702, [2.047085332054699, -49.07283941482071]
1, 5, 0.690669932, [3.581725648311372, -57.777356169165216]
1, 6, 0.2132021031, [0.04498463233374039, -54.91761146624518]
1, 7, 0.1858328841, [-2.340871677712066, -55.74763288351334]
1, 8, 0, [5.6367612441126065, -58.07520393279431]
1, 9, 0, [8.821547677849809, -60.751929874709596]
2, 0, 0.9267598499, [3.0146128014844424, -55.95444677628223]
2, 1, 0.9267598499, [3.0146128014844424, -55.95444677628223]
2, 2, 0.9206246204, [2.8410166669456784, -55.35623477253657]
2, 3, 0.8760540007, [2.691821656446215, -58.26249561374256]
2, 4, 0.8738945551, [2.3500528771733, -53.081682935114756]
2, 5, 0.7849304751, [2.1796374538875263, -56.3498832052361]
2, 6, 0.7502389202, [2.171546373466043, -57.56060573159749]
2, 7, 0.5462732552, [1.939429711897531, -63.99986127860435]
2, 8, 0.3733870802, [1.1923544308800775, -56.67314089869987]
2, 9, 0, [-0.04930348378423233, -57.3613765918885]
3, 0, 0.9374047858, [2.9278147342150604, -48.70682673109484]
3, 1, 0.9267598499, [3.0146128014844424, -55.95444677628223]
3, 2, 0.9267598499, [3.0146128014844424, -55.95444677628223]
3, 3, 0.9195390861, [2.691821656446215, -52.73933829638086]
3, 4, 0.883392069, [3.286317111089878, -54.46048332205939]
3, 5, 0.8200815841, [2.2621576638425807, -55.655340774409396]
3, 6, 0.8119611232, [2.4114612792311787, -58.21415858550606]
3, 7, 0.8077923512, [2.229443776209542, -55.95444677628223]
3, 8, 0.4740635982, [1.4528774715737383, -57.708881710398416]
3, 9, 0.3219015772, [0.8730883912251981, -54.839035303216406]
4, 0, 0.9383501535, [2.9278147342150604, -50.97673834500044]
4, 1, 0.9378010592, [2.9712137678497514, -49.2697400514383]
4, 2, 0.9374047858, [2.9278147342150604, -48.70682673109484]
4, 3, 0.9348121178, [2.857873891168765, -50.9423213717584]
4, 4, 0.9143350118, [3.15046495628716, -55.47477244293304]
4, 5, 0.9133290849, [2.9712137678497514, -58.97543926120475]
4, 6, 0.9060611973, [2.944671958438147, -61.33795341885708]
4, 7, 0.9037862687, [3.15046495628716, -59.72534933288193]
4, 8, 0.8643549827, [2.2924233437674797, -52.33063675368854]
4, 9, 0.6185169797, [1.8213056563380567, -57.72552827444129]
5, 0, 0.9383501535, [2.9278147342150604, -50.97673834500044]
5, 1, 0.9361552666, [2.857873891168765, -50.72423830616268]
5, 2, 0.9327660782, [2.857873891168765, -47.71973267005399]
5, 3, 0.9282579592, [2.949514251032406, -46.27080165355917]
5, 4, 0.9249884026, [2.9712137678497514, -45.74792390135557]
5, 5, 0.9077579456, [3.1032419763114936, -58.967439707127]
5, 6, 0.4759030546, [1.2382742043884423, -53.225755393966736]
5, 7, 0, [5.463523520698811, -59.76304482237626]
5, 8, 0, [7.539616250230373, -48.98828339126657]
5, 9, 0, [3.9334528024421527, -50.03542311155144]
6, 0, 0.9383501535, [2.9278147342150604, -50.97673834500044]
6, 1, 0.936486895, [2.8928443126919126, -50.850488325581566]
6, 2, 0.9289920399, [2.9278147342150604, -55.746745554443955]
6, 3, 0.9172779201, [2.6404738152669043, -51.359657213444216]
6, 4, 0.9151030829, [2.949514251032406, -44.409420532833636]
6, 5, 0.8698513144, [2.232364750240247, -46.27080165355917]
6, 6, 0.8027229557, [2.064864638888628, -53.25368252397747]
6, 7, 0.2664228883, [-3.1400807422811168, -48.6237699992798]
6, 8, 0.2054996327, [-3.1442283092617918, -54.249820688273935]
6, 9, 0, [6.115083564083084, -49.70557352314575]
7, 0, 0.9383501535, [2.9278147342150604, -50.97673834500044]
7, 1, 0.936486895, [2.8928443126919126, -50.850488325581566]
7, 2, 0.9269898759, [3.0122356254043785, -47.42705066208076]
7, 3, 0.9177260335, [2.6085699782617073, -49.49911767950353]
7, 4, 0.7845386873, [3.4839443813614905, -51.168197779222325]
7, 5, 0.1489698153, [0.34883671437204145, -60.23784907975178]
7, 6, 0, [6.554360144955609, -48.49704814011683]
7, 7, 0, [5.239461173159386, -53.558773752423015]
7, 8, 0, [4.113125053422828, -53.8976495752699]
7, 9, 0, [4.562016906649115, -38.81949587532002]
8, 0, 0.9383501535, [2.9278147342150604, -50.97673834500044]
8, 1, 0.9383420501, [2.9700251798097197, -49.2018945035406]
8, 2, 0.9299389895, [2.810402801833043, -48.520636529400576]
8, 3, 0.9250768685, [2.7681923562383837, -52.45220869562583]
8, 4, 0.8531216972, [2.1514601890718272, -45.349043297634374]
8, 5, 0.6190160215, [3.628229785831428, -50.237928012251984]
8, 6, 0.3603510882, [0.5460304754005869, -48.46308417079214]
8, 7, 0, [4.348008273258369, -53.895779893941025]
8, 8, 0, [4.759910897221843, -50.85953247304868]
8, 9, 0, [6.1873073063421025, -50.174803002542546]
9, 0, 0.940780393, [2.9363109288642786, -50.42811887070031]
9, 1, 0.9383501535, [2.9278147342150604, -50.97673834500044]
9, 2, 0.9155019282, [2.8691087680240517, -44.44318925820817]
9, 3, 0.9092711084, [2.482200860075486, -48.228003634551186]
9, 4, 0.7709460891, [1.7907406025242547, -45.50549346285431]
9, 5, 0.6785379648, [3.5920655885297497, -47.630342260581365]
9, 6, 0.4479818617, [1.093786364041488, -50.4864226125132]
9, 7, 0.3165043536, [0.6307130497224636, -52.59830131979117]
9, 8, 0.261868852, [-0.48427661269849676, -48.520636529400576]
9, 9, 0.2508016042, [-1.2111672985032773, -49.580610870015036]
10, 0, 0.940780393, [2.9363109288642786, -50.42811887070031]
10, 1, 0.940780393, [2.9363109288642786, -50.42811887070031]
10, 2, 0.9383501535, [2.9278147342150604, -50.97673834500044]
10, 3, 0.9383501535, [2.9278147342150604, -50.97673834500044]
10, 4, 0.9238412753, [3.0769370764734605, -53.54259814852514]
10, 5, 0.9021552257, [2.8745767686492636, -58.98099583021249]
10, 6, 0.8832418267, [2.9332827348402724, -67.76206502848164]
10, 7, 0.644322758, [3.6124383837176612, -52.426167568815664]
10, 8, 0, [6.410410129708865, -52.53826341200663]
10, 9, 0, [3.967639615878236, -47.96680616677731]
11, 0, 0.940780393, [2.9363109288642786, -50.42811887070031]
11, 1, 0.9390738168, [2.9363109288642786, -49.37198891917145]
11, 2, 0.8168095435, [3.4499269098632133, -52.61004174897571]
11, 3, 0.7085962599, [1.6290699423606383, -48.686550244699546]
11, 4, 0.4369664809, [0.7941904623791722, -45.75698198638632]
11, 5, 0.287235042, [0.641082592764239, -54.55908452318177]
11, 6, 0, [4.8022588173989345, -54.00489691286667]
11, 7, 0, [7.57586735486858, -48.29419518450925]
11, 8, 0, [4.76556629662387, -52.38356357041693]
11, 9, 0, [6.857733276564057, -50.152645564529884]
12, 0, 0.940780393, [2.9363109288642786, -50.42811887070031]
12, 1, 0.9136031256, [2.738438143976057, -54.99691917928809]
12, 2, 0.9117534621, [3.167650514143996, -50.42811887070031]
12, 3, 0.7838753387, [3.4877397710918343, -49.798171815700066]
12, 4, 0.7312317301, [1.645745772920948, -43.801341127763]
12, 5, 0.5406525535, [1.1954551297786464, -47.07611171405512]
12, 6, 0.3802633905, [0.5874086046145832, -47.26446875465721]
12, 7, 0, [3.7878662394060543, -47.41634806054813]
12, 8, 0, [4.353383256321218, -49.37198891917145]
12, 9, 0, [4.975020475536837, -49.37198891917145]
13, 0, 0.940780393, [2.9363109288642786, -50.42811887070031]
13, 1, 0.9371161655, [2.9363109288642786, -48.075060398828576]
13, 2, 0.8585012299, [2.1920919584485024, -48.194493760473925]
13, 3, 0.8560196598, [2.1920919584485024, -49.39913015352555]
13, 4, 0.841162577, [2.1920919584485024, -52.49914948757807]
13, 5, 0.289798854, [0.25546153717844877, -50.839005215447]
13, 6, 0.2372551514, [0.008217499609734169, -52.7125190249942]
13, 7, 0, [6.158718747396769, -58.57596995257432]
13, 8, 0, [5.220602061337818, -47.72596178422468]
13, 9, 0, [4.320890379717884, -54.99691917928809]
14, 0, 0.940780393, [2.9363109288642786, -50.42811887070031]
14, 1, 0.9361514704, [2.9363109288642786, -53.51587361793229]
14, 2, 0.9109593369, [3.1759949786268433, -48.81365987718739]
14, 3, 0.8591990421, [3.3509787698381217, -50.63356204307365]
14, 4, 0.8580368332, [2.1920919584485024, -48.65417025453493]
14, 5, 0.7656686628, [1.8504824432016358, -49.9664287868798]
14, 6, 0.2574193363, [-2.3717054120024468, -49.25158963476444]
14, 7, 0.2446928961, [-1.4139027240055673, -50.04152380561568]
14, 8, 0, [6.668044625273737, -54.018398458277765]
14, 9, 0, [4.724937557623171, -57.31397621333113]
15, 0, 0.940780393, [2.9363109288642786, -50.42811887070031]
15, 1, 0.9371613905, [2.967041901808352, -48.83321327189952]
15, 2, 0.9349208979, [3.008919053000001, -50.34781403357577]
15, 3, 0.9193971063, [2.739619717053254, -53.361031039346706]
15, 4, 0.9169103516, [2.9363109288642786, -57.61918032009656]
15, 5, 0.9047796296, [2.7209294450620187, -55.45776473949201]
15, 6, 0.8994910956, [3.208393567751782, -47.51511427111485]
15, 7, 0.6753705007, [1.4665031052413322, -43.71404783421447]
15, 8, 0.3848585646, [0.48963667891783746, -44.947940570353055]
15, 9, 0, [5.16077386852904, -56.03267648445641]
16, 0, 0.940780393, [2.9363109288642786, -50.42811887070031]
16, 1, 0.9379864684, [2.9879804774041765, -51.75835473411753]
16, 2, 0.934434156, [2.9879804774041765, -53.67134230650116]
16, 3, 0.9297115489, [2.9363109288642786, -46.260888214016106]
16, 4, 0.8605135092, [2.613279600006533, -58.05499070745047]
16, 5, 0.376278659, [0.7899360339629253, -51.174128974426864]
16, 6, 0.2725210716, [-1.152511045967863, -47.575602120107945]
16, 7, 0.2492125515, [-0.33611951547583985, -49.91742754861454]
16, 8, 0.2312067977, [0.11651725433639548, -54.00030321547244]
16, 9, 0, [6.8018102686039725, -48.30086257957756]
17, 0, 0.940780393, [2.9363109288642786, -50.42811887070031]
17, 1, 0.9385162413, [2.9621457031342278, -51.122713585953804]
17, 2, 0.92074059, [3.1077450111455946, -54.5250895463859]
17, 3, 0.8998805188, [2.4749200689223727, -52.91628506178167]
17, 4, 0.8716623537, [2.2643713347031773, -49.39813361031925]
17, 5, 0.8583013127, [2.23761741556764, -51.75835473411753]
17, 6, 0.3965647903, [0.6889629419842738, -47.73498485617948]
17, 7, 0.2257303529, [-1.0323351346694518, -51.75835473411753]
17, 8, 0, [8.428210137977489, -52.335034502763335]
17, 9, 0, [4.411967923390664, -50.42811887070031]
18, 0, 0.940780393, [2.9363109288642786, -50.42811887070031]
18, 1, 0.9372478761, [2.9621457031342278, -52.23493729888301]
18, 2, 0.7883786805, [1.9562597452618231, -51.15083250052029]
18, 3, 0.7559556255, [1.885035442910372, -52.14603818293227]
18, 4, 0.4615473419, [1.0974537745356927, -49.78985599441738]
18, 5, 0.1978242513, [-2.296386016929196, -54.55086510451385]
18, 6, 0, [5.237154829860728, -50.064542621749425]
18, 7, 0, [5.174904837056541, -55.41339865327522]
18, 8, 0, [3.9612090600538545, -50.666319605265464]
18, 9, 0, [3.9692939838623085, -51.845518355141074]
19, 0, 0.940780393, [2.9363109288642786, -50.42811887070031]
19, 1, 0.9406553497, [2.9341869206683038, -50.742919454405374]
19, 2, 0.8967777868, [2.4592027241980254, -52.98379491848219]
19, 3, 0.8945602542, [2.6707183352661326, -56.00710131045463]
19, 4, 0.8635015469, [2.274621597161934, -42.52055676493928]
19, 5, 0.8151689421, [3.4468627196667025, -58.695851739079174]
19, 6, 0.5466603898, [1.2655571205579812, -50.42811887070031]
19, 7, 0.5288047291, [1.226213740910325, -50.18428819040616]
19, 8, 0.4920585985, [1.526856759898758, -57.96838621294377]
19, 9, 0, [-0.7956228031567747, -56.19225817077537]
20, 0, 0.940780393, [2.9363109288642786, -50.42811887070031]
20, 1, 0.9403886658, [2.9363977839147495, -50.55506144373893]
20, 2, 0.9394245737, [2.9342737757187747, -50.83419174302845]
20, 3, 0.9362963069, [2.9341869206683038, -53.13684262817956]
20, 4, 0.8989546097, [2.4397624268815896, -51.484441304882054]
20, 5, 0.4465244482, [1.187305610457387, -53.21243120957733]
20, 6, 0.2753322824, [0.8921453056007289, -57.24007999605552]
20, 7, 0.2681255127, [-0.4744405526896176, -47.87192678762809]
20, 8, 0.2517191812, [-1.186281278069922, -49.52751636965391]
20, 9, 0, [4.471197104259291, -44.699466844302016]
21, 0, 0.940780393, [2.9363109288642786, -50.42811887070031]
21, 1, 0.9394245737, [2.9342737757187747, -50.83419174302845]
21, 2, 0.939211956, [2.9352923522915266, -51.84595203595924]
21, 3, 0.9391578898, [2.936354356389514, -50.92805027851438]
21, 4, 0.8409311843, [2.1764470916898326, -51.782480749439934]
21, 5, 0.7661205654, [1.7753461172702234, -46.203492799369116]
21, 6, 0.5950277141, [1.3621956901906882, -50.291770179285116]
21, 7, 0.2477821436, [-4.9749592480172495, -51.01975137431049]
21, 8, 0, [4.775160916435368, -51.49443235002829]
21, 9, 0, [5.221824821555222, -52.47310675836837]
22, 0, 0.9408413783, [2.9363109288642786, -50.07451776253485]
22, 1, 0.940780393, [2.9363109288642786, -50.42811887070031]
22, 2, 0.9406553497, [2.9352923522915266, -50.63115530686438]
22, 3, 0.9360299341, [2.9363579021297834, -52.98861524843665]
22, 4, 0.9338617603, [2.9358016405779024, -53.904613250881106]
22, 5, 0.9001626088, [2.4166846362501624, -45.96859815984124]
22, 6, 0.2610783441, [-1.866524650125255, -48.673024609361896]
22, 7, 0.2428397974, [-2.4653433395129576, -50.710604975355345]
22, 8, 0.2218470162, [-1.1626940984117313, -52.12843814061428]
22, 9, 0, [6.360679336024807, -50.64036674004878]
23, 0, 0.9408413783, [2.9363109288642786, -50.07451776253485]
23, 1, 0.9402490961, [2.936710843054102, -50.275935726961606]
23, 2, 0.9378896753, [2.9352923522915266, -48.19722942455218]
23, 3, 0.9373829507, [2.93569226648135, -47.87045823840002]
23, 4, 0.93714218, [2.936334415497031, -52.30239401106242]
23, 5, 0.9314010214, [2.9363109288642786, -46.891345411488274]
23, 6, 0.4755824739, [1.1351814698291744, -50.117160874285226]
23, 7, 0.3532505788, [0.4909073677541471, -48.25252083568332]
23, 8, 0.2263400676, [-1.7047144804292858, -51.77299199984497]
23, 9, 0, [7.5696400884692405, -52.98861524843665]
24, 0, 0.9408413783, [2.9363109288642786, -50.07451776253485]
24, 1, 0.9386035181, [2.936285719268372, -51.35043059210331]
24, 2, 0.9374048936, [2.936710843054102, -52.74290203304047]
24, 3, 0.8830600875, [2.3331513498208167, -48.67738132340397]
24, 4, 0.2432075175, [-0.6291872129762552, -50.07451776253485]
24, 5, 0, [5.654740685947411, -48.41342207771859]
24, 6, 0, [3.972016006740697, -49.28878917653103]
24, 7, 0, [4.222265725928796, -55.924378091180984]
24, 8, 0, [3.816059371193809, -53.6460150514389]
24, 9, 0, [4.6101236669630605, -50.094896764717554]
25, 0, 0.9408413783, [2.9363109288642786, -50.07451776253485]
25, 1, 0.9374048936, [2.93651088595919, -52.66254225054048]
25, 2, 0.9211996235, [3.1154258325662942, -51.074615043110484]
25, 3, 0.594610209, [1.4526980024071685, -52.74290203304047]
25, 4, 0.4066503808, [0.4134050467260879, -41.104803604116185]
25, 5, 0.2782783364, [-3.6838726841519756, -47.54799504385276]
25, 6, 0.2612485934, [-0.42641371732318456, -48.68545746814344]
25, 7, 0.2243649291, [-4.854215636621975, -52.93973581434696]
25, 8, 0, [4.998136445169479, -49.24461021105272]
25, 9, 0, [6.518109046332831, -55.6448225883302]
26, 0, 0.9408413783, [2.9363109288642786, -50.07451776253485]
26, 1, 0.9400342136, [2.9439554920388855, -50.50820169032746]
26, 2, 0.9326556415, [3.0258683807152864, -50.57456640282267]
26, 3, 0.9309076573, [2.9364109074117346, -55.417690591203794]
26, 4, 0.925785748, [2.7625286800071502, -51.546191693615484]
26, 5, 0.8411832152, [2.194604444183179, -52.702722141790474]
26, 6, 0.2758623573, [0.4244518063787339, -53.12897610380038]
26, 7, 0.2437372272, [-1.529920964038285, -50.43053099641121]
26, 8, 0, [8.134999267990791, -52.87151574291714]
26, 9, 0, [4.684301149990061, -49.85637697728835]
27, 0, 0.9408413783, [2.9363109288642786, -50.07451776253485]
27, 1, 0.9400342136, [2.9439554920388855, -50.50820169032746]
27, 2, 0.9357954705, [2.9811396440635107, -52.915717994691676]
27, 3, 0.8767435507, [2.298740147760628, -49.480712257851394]
27, 4, 0.7097953348, [1.8305142424684142, -54.41760360901929]
27, 5, 0.4953963812, [1.2447021228433188, -52.38943862101562]
27, 6, 0.4711403361, [1.1100052532384157, -49.4389462454464]
27, 7, 0.2310565099, [-1.672419272391625, -51.36896960212416]
27, 8, 0, [4.459226492258022, -50.50820169032746]
27, 9, 0, [9.865446463657742, -50.56050215751957]
28, 0, 0.9409773428, [2.940133210451582, -50.68987703600205]
28, 1, 0.9408413783, [2.9363109288642786, -50.07451776253485]
28, 2, 0.9386672035, [2.9587252864638947, -49.70036857880548]
28, 3, 0.2481493332, [-1.4101304900368254, -49.76705056284977]
28, 4, 0.2044749622, [-1.5784139050981425, -53.85000442447345]
28, 5, 0, [5.474377550887924, -51.495117878613264]
28, 6, 0, [6.983291485992787, -47.11610596371319]
28, 7, 0, [5.474220540459733, -50.67120290827492]
28, 8, 0, [6.246525405397073, -49.571608186276286]
28, 9, 0, [3.7904042779137495, -51.495117878613264]
29, 0, 0.9409773428, [2.940133210451582, -50.68987703600205]
29, 1, 0.9361551353, [2.9475181076640866, -48.33248383455503]
29, 2, 0.9289541309, [2.8722129609083984, -53.864210916727004]
29, 3, 0.8635509696, [2.2776706839994736, -42.56599657919141]
29, 4, 0.7808062715, [1.9292286936287923, -50.68987703600205]
29, 5, 0.3438877081, [0.16256748100954432, -44.73391351793869]
29, 6, 0.33772248, [0.6122714281032058, -51.34109782193502]
29, 7, 0.3329445231, [0.6808596526767197, -52.26994073023775]
29, 8, 0.2477597983, [-1.5374738802437693, -49.814603565204024]
29, 9, 0.2324452094, [-5.610450287828614, -52.28239807064325]
30, 0, 0.9409773428, [2.940133210451582, -50.68987703600205]
30, 1, 0.9398365345, [2.942751960992465, -50.69346659419843]
30, 2, 0.9363690156, [2.947215336674993, -48.19058615405469]
30, 3, 0.9228024794, [2.940133210451582, -45.168189093576956]
30, 4, 0.6960916639, [3.559180849758119, -41.363887601288496]
30, 5, 0, [9.618291337807593, -56.61653026545374]
30, 6, 0, [6.019492658310015, -51.65176949340815]
30, 7, 0, [7.8959861702612, -46.53503404136732]
30, 8, 0, [4.661914417305077, -48.57524569005811]
30, 9, 0, [4.2741075488214735, -43.017066542891925]
