0, 0, 0.9323797276, [1.5767263688984465, -59.10608341685789]
0, 1, 0.9297663105, [1.0626026142919174, -53.30367785553532]
0, 2, 0.9043859557, [0.8652329118126117, -44.839341356899126]
0, 3, 0.891330358, [0.8715421771424384, -42.32202948372274]
0, 4, 0.7513198619, [2.337993794602593, -59.249677343319995]
0, 5, 0.7333864536, [2.3745955322283314, -43.6517555819035]
0, 6, 0.6454849924, [0.1928758938935227, -54.034870479400546]
0, 7, 0.6181939686, [2.6776492495740434, -39.69901537731266]
0, 8, 0.5407506909, [2.933006598372393, -59.80503720965817]
0, 9, 0, [3.222628486966959, -57.391835021117515]
1, 0, 0.9489347759, [1.3196644915951818, -55.420787798597196]
1, 1, 0.9448542714, [1.401270694707231, -52.35429020282067]
1, 2, 0.9393968562, [1.4870065908548062, -59.10608341685789]
1, 3, 0.9389576021, [1.4678258686939611, -48.250429659994595]
1, 4, 0.9323797276, [1.5767263688984465, -59.10608341685789]
1, 5, 0.9323797276, [1.5767263688984465, -59.10608341685789]
1, 6, 0, [3.4241766132555425, -44.316109174305595]
1, 7, 0, [6.608963046992745, -46.99283511622088]
1, 8, 0, [-3.9542137844892773, -52.14747631005178]
1, 9, 0, [3.745864205524551, -58.01883772196258]
2, 0, 0.9505360548, [1.1999095336989682, -48.01157814109034]
2, 1, 0.9497423891, [1.3090334847925136, -54.790273523625764]
2, 2, 0.9489347759, [1.3196644915951818, -55.420787798597196]
2, 3, 0.9489347759, [1.3196644915951818, -55.420787798597196]
2, 4, 0.8977005537, [0.7456354482534168, -50.24091214428034]
2, 5, 0.8528665319, [0.5112112755353242, -48.53907008962273]
2, 6, 0.7451305441, [0.47659806357678247, -57.026946753912455]
2, 7, 0.4950753511, [0.36895555319410733, -63.3835548933617]
2, 8, 0.217010109, [-0.5209387311725968, -53.887539000708934]
2, 9, 0, [-1.619777642487656, -56.74507020664585]
3, 0, 0.9519554533, [1.2544715092457408, -51.400925832358055]
3, 1, 0.9505360548, [1.1999095336989682, -48.01157814109034]
3, 2, 0.9493208243, [1.3196644915951818, -49.897630481235495]
3, 3, 0.9367182975, [1.5261758188511763, -49.90696237813521]
3, 4, 0.9293256363, [1.2597870126470752, -44.76766892652922]
3, 5, 0.8645744851, [0.5941299422745954, -51.71618296984377]
3, 6, 0.8608966243, [0.6513199869924771, -53.660637641581886]
3, 7, 0.8273814138, [0.4147405084240674, -48.01157814109034]
3, 8, 0.2617234314, [-0.8870529010135035, -50.28551435929223]
3, 9, 0.2586854754, [-0.36182579621173594, -49.76601307520652]
4, 0, 0.9544527068, [1.2019397848690787, -50.618356497440566]
4, 1, 0.9537917252, [1.2897257521211285, -51.85053398759348]
4, 2, 0.9522610627, [1.2671327672185198, -52.263073148229296]
4, 3, 0.9519554533, [1.2544715092457408, -51.400925832358055]
4, 4, 0.9497675324, [1.2897257521211285, -47.599957097644584]
4, 5, 0.9496272046, [1.2544715092457408, -53.670837446263654]
4, 6, 0.945989886, [1.2271905214723544, -46.64535528447396]
4, 7, 0.9421856222, [1.2271905214723544, -56.35105449424041]
4, 8, 0.8618511792, [0.5484000973900827, -49.7062519867242]
4, 9, 0.5569829566, [0.07728240996065971, -55.10114350747695]
5, 0, 0.9544527068, [1.2019397848690787, -50.618356497440566]
5, 1, 0.9527052296, [1.2894402914385417, -49.366942904269536]
5, 2, 0.9527052296, [1.2784292596698241, -49.339321830203986]
5, 3, 0.9521618817, [1.2544715092457408, -51.182842766762334]
5, 4, 0.9497423891, [1.3099348995554865, -54.850841110702845]
5, 5, 0.948787749, [1.2544715092457408, -48.178337130653645]
5, 6, 0.7815617485, [2.25196478671353, -52.61621704770662]
5, 7, 0.7014823273, [2.4834203152396777, -50.145134641388275]
5, 8, 0.26735905, [-0.5550328723675646, -49.109156797542575]
5, 9, 0, [3.7464958014122134, -55.49666807419395]
6, 0, 0.9544527068, [1.2019397848690787, -50.618356497440566]
6, 1, 0.9508691021, [1.2401845222694514, -49.97883916382227]
6, 2, 0.9502005456, [1.2544715092457408, -49.3214616460368]
6, 3, 0.9461665666, [1.2019397848690787, -55.38836370688408]
6, 4, 0.9247256924, [0.9145988659209224, -51.00127536588434]
6, 5, 0.8503712565, [0.5373220084535814, -51.182842766762334]
6, 6, 0.7917693639, [0.4122048484661668, -52.38203336221817]
6, 7, 0, [4.404624718516761, -51.9824031559674]
6, 8, 0, [-4.8505395878474395, -50.900599632101446]
6, 9, 0, [-4.870103258607774, -53.89143884071406]
7, 0, 0.9544527068, [1.2019397848690787, -50.618356497440566]
7, 1, 0.9515228609, [1.275510917649724, -52.737331325326046]
7, 2, 0.9508691021, [1.2401845222694514, -49.97883916382227]
7, 3, 0.9248646507, [0.9559101878392464, -48.627468517744234]
7, 4, 0.8712051259, [1.901739891489587, -53.00336010216232]
7, 5, 0.6863039715, [2.530920563550924, -55.732811898209896]
7, 6, 0.6787519101, [2.5631703008791282, -50.14457337352282]
7, 7, 0.6190892617, [2.746293309242618, -50.3252899790084]
7, 8, 0, [4.817635437200955, -53.80732880336212]
7, 9, 0, [3.5956381874858363, -50.342456896333694]
8, 0, 0.9544527068, [1.2019397848690787, -50.618356497440566]
8, 1, 0.9534196386, [1.2210621535692652, -50.29859783063142]
8, 2, 0.9399241059, [1.0980473550543488, -49.360706199391686]
8, 3, 0.9370868471, [1.0789249863541626, -51.83719319096625]
8, 4, 0.8559924165, [1.938962415947207, -49.6229125075924]
8, 5, 0.8280904349, [0.4024971628313727, -46.445746624725196]
8, 6, 0.6430918388, [2.676404101064283, -54.66001047003333]
8, 7, 0.4669427136, [3.088306725027758, -51.62376304914098]
8, 8, 0.2569686401, [-1.1663249713781072, -49.30315384078325]
8, 9, 0, [4.552310713609778, -50.682399921535136]
9, 0, 0.9552742996, [1.209457677543004, -50.50415489244718]
9, 1, 0.9544527068, [1.2019397848690787, -50.618356497440566]
9, 2, 0.9313458119, [1.1499935699617136, -44.684033169423785]
9, 3, 0.9000219496, [0.763085662013148, -48.4688475457668]
9, 4, 0.8647966323, [1.8787318397757626, -48.904829799879224]
9, 5, 0.6726824113, [0.06486565317827298, -45.147111615294435]
9, 6, 0.2594676802, [-0.6070250442899694, -50.598949695178966]
9, 7, 0.2318905315, [-1.0700983586089938, -52.71082840245693]
9, 8, 0, [-4.556325289409636, -50.618356497440566]
9, 9, 0, [-2.196632059477191, -49.360706199391686]
10, 0, 0.9552742996, [1.209457677543004, -50.50415489244718]
10, 1, 0.9552742996, [1.209457677543004, -50.50415489244718]
10, 2, 0.9544527068, [1.2019397848690787, -50.618356497440566]
10, 3, 0.9544527068, [1.2019397848690787, -50.618356497440566]
10, 4, 0.9491003755, [1.3545636776202976, -53.418565396161796]
10, 5, 0.928600902, [1.1548319527364164, -57.77886145259813]
10, 6, 0.9170205243, [1.2067781676437814, -65.96070489209178]
10, 7, 0.8752941526, [1.8855851323963866, -52.50220359056254]
10, 8, 0.4276068922, [3.1482086088433525, -49.70449234616321]
10, 9, 0, [4.681276979572058, -51.8150049008678]
11, 0, 0.9552742996, [1.209457677543004, -50.50415489244718]
11, 1, 0.9521226965, [1.209457677543004, -49.44802494091832]
11, 2, 0.9098428043, [1.7230736585419386, -52.686077770722584]
11, 3, 0.5987197358, [2.8054348065030057, -50.50415489244718]
11, 4, 0.4925631067, [3.038713045302595, -52.459599592163805]
11, 5, 0.4731565425, [3.0781148843870176, -53.851166885676996]
11, 6, 0.4458340339, [-0.09729415797298957, -48.54537733179304]
11, 7, 0.2951287708, [-0.9326627889421024, -45.833018008133195]
11, 8, 0.2114490528, [-1.08754119271579, -54.60542327010231]
11, 9, 0, [5.849014103547306, -48.37023120625612]
12, 0, 0.9552742996, [1.209457677543004, -50.50415489244718]
12, 1, 0.9435576788, [1.4407972628227212, -50.50415489244718]
12, 2, 0.9102764687, [0.9678798488292126, -55.18162713296944]
12, 3, 0.8546097081, [1.936639993908571, -47.818827944542875]
12, 4, 0.6583229412, [2.6265300049999434, -49.44802494091832]
12, 5, 0.2778954782, [-0.3711876779668182, -47.34483201981309]
12, 6, 0.2775242663, [-1.1394446467066914, -47.34050477640408]
12, 7, 0, [3.765895361668162, -50.83040259578836]
12, 8, 0, [3.248167224215563, -49.44802494091832]
12, 9, 0, [9.371816803456454, -50.81377016885108]
13, 0, 0.9552742996, [1.209457677543004, -50.50415489244718]
13, 1, 0.9513915644, [1.209457677543004, -48.15109642057545]
13, 2, 0.8352507506, [2.033663633911332, -53.07610925073528]
13, 3, 0.8321806377, [2.033663633911332, -49.97608991668275]
13, 4, 0.8306971933, [2.033663633911332, -48.77145352363113]
13, 5, 0.6311590169, [0.09703321264127851, -51.41596497860421]
13, 6, 0.5066400613, [3.023249498564549, -50.50415489244718]
13, 7, 0, [-1.5040295666275707, -50.50415489244718]
13, 8, 0, [4.646471681159463, -56.3676058200273]
13, 9, 0, [3.4937488100165432, -47.80199780597155]
14, 0, 0.9552742996, [1.209457677543004, -50.50415489244718]
14, 1, 0.9522266263, [1.209457677543004, -53.591909639679166]
14, 2, 0.9417029354, [1.4491417273055687, -48.889695898934264]
14, 3, 0.9221755045, [0.9078416552724135, -50.29292667933184]
14, 4, 0.8315065695, [2.033663633911332, -49.23113001769214]
14, 5, 0.7289494514, [2.4083379819088995, -50.96005993552569]
14, 6, 0.4814096794, [3.0591379300853614, -49.0635931686291]
14, 7, 0, [5.725403837344514, -54.344896350729805]
14, 8, 0, [3.782296769693949, -55.488146242231096]
14, 9, 0, [-2.35654351193479, -48.21569383451565]
15, 0, 0.9552742996, [1.209457677543004, -50.50415489244718]
15, 1, 0.9534409215, [1.2820658016787263, -50.423850055322646]
15, 2, 0.9412967354, [1.209457677543004, -57.695216341843434]
15, 3, 0.9368956471, [1.4815403164305074, -47.59115029286172]
15, 4, 0.9176366602, [0.8820467188648611, -48.70091360090205]
15, 5, 0.9117319341, [0.994076193740744, -55.533800761238886]
15, 6, 0.8640138592, [0.6546245341097626, -53.22873136834924]
15, 7, 0.8351302368, [1.9834897926788875, -44.68362465541448]
15, 8, 0.3203272393, [-0.26035014607994245, -43.79008385596134]
15, 9, 0, [3.433920617207765, -56.10871250620328]
16, 0, 0.9552742996, [1.209457677543004, -50.50415489244718]
16, 1, 0.9485852952, [1.209457677543004, -46.33692423576298]
16, 2, 0.9457697724, [1.2457617396108651, -56.22737427996293]
16, 3, 0.942431481, [1.2457617396108651, -58.14036185234656]
16, 4, 0.8752487911, [0.8864263486852578, -58.131026729197345]
16, 5, 0.415738231, [3.1611483232480158, -50.46400247388492]
16, 6, 0.2561855113, [-0.9369172173583495, -51.25016499617374]
16, 7, 0, [5.074957017282697, -48.376898601324434]
16, 8, 0, [-2.8584257216933135, -48.40893852269295]
16, 9, 0, [-2.0629727667971145, -49.99346357036141]
17, 0, 0.9552742996, [1.209457677543004, -50.50415489244718]
17, 1, 0.951365229, [1.209457677543004, -48.450016347649964]
17, 2, 0.8944705515, [0.7222320433311487, -50.24358782347783]
17, 3, 0.8593863602, [0.5375180833819027, -49.47416963206612]
17, 4, 0.8412231057, [0.4590946157064676, -46.33692423576298]
17, 5, 0.6402278577, [2.685114672069389, -50.50415489244718]
17, 6, 0.1536265084, [-1.020415925043605, -59.615735573730426]
17, 7, 0, [5.219180458492884, -57.31205524645102]
17, 8, 0, [6.389910496178516, -50.410696205015846]
17, 9, 0, [7.188290125449242, -46.339314656632325]
18, 0, 0.9552742996, [1.209457677543004, -50.50415489244718]
18, 1, 0.9521226965, [1.209457677543004, -49.56224006057917]
18, 2, 0.862674169, [1.9001934871594734, -48.36841887453512]
18, 3, 0.8144504992, [2.129081441622982, -48.98327990128113]
18, 4, 0.7056821552, [2.461380033160556, -47.63166103097441]
18, 5, 0.6744478782, [0.12413212683095076, -49.46779279653595]
18, 6, 0.6206667466, [0.0529078244794996, -50.46299847894794]
18, 7, 0.2816456412, [-0.7346738438951796, -48.106816290433045]
18, 8, 0, [3.4050272114298563, -48.38150291776509]
18, 9, 0, [3.3427772186256686, -53.73035894929089]
19, 0, 0.9552742996, [1.209457677543004, -50.66826398844015]
19, 1, 0.9552742996, [1.209457677543004, -50.50415489244718]
19, 2, 0.949802276, [1.1576681493937797, -50.10081278852545]
19, 3, 0.9348259836, [1.5548255823512387, -50.25623948633768]
19, 4, 0.9173258403, [1.6962987022714533, -55.87246301306324]
19, 5, 0.9029257815, [1.766341193419346, -53.27954587831012]
19, 6, 0.803367354, [0.4328939715225548, -52.08051562204311]
19, 7, 0.8000656352, [2.180786760160015, -55.4980819182297]
19, 8, 0.5359200675, [2.9285515974231906, -40.05025247022521]
19, 9, 0.2537269295, [-0.5006395104109496, -50.26032421215303]
20, 0, 0.9552742996, [1.209457677543004, -50.567534466999064]
20, 1, 0.9552742996, [1.209457677543004, -50.60320475141461]
20, 2, 0.9552742996, [1.209457677543004, -50.66826398844015]
20, 3, 0.9538817734, [1.209457677543004, -52.898078066221366]
20, 4, 0.8901549259, [0.7139711796583024, -51.48513158277288]
20, 5, 0.5306323627, [2.9570031911965313, -43.29599379019708]
20, 6, 0.2663859126, [-0.641879751639171, -49.49724751073478]
20, 7, 0.2237401684, [-0.5384856367659003, -53.21312148746816]
20, 8, 0, [-2.9110105211952217, -49.28875180769572]
20, 9, 0, [5.969993127779106, -50.30248384048632]
21, 0, 0.9554314086, [1.209457677543004, -51.021829730501594]
21, 1, 0.9552742996, [1.209457677543004, -50.66826398844015]
21, 2, 0.9552742996, [1.209457677543004, -50.567534466999064]
21, 3, 0.9548954828, [1.209457677543004, -51.750641408817984]
21, 4, 0.8140691667, [0.4506558444665454, -51.750641408817984]
21, 5, 0.8029975402, [2.172571983891085, -50.66826398844015]
21, 6, 0.6578801941, [0.0495114425217007, -46.108182172227856]
21, 7, 0.4833583917, [3.0482642375888576, -51.58821180201551]
21, 8, 0.2561741555, [-0.36359555703259905, -50.259930838663166]
21, 9, 0, [-6.701324924814766, -51.044168167093744]
22, 0, 0.9555608472, [1.209457677543004, -50.84504685947087]
22, 1, 0.9554314086, [1.209457677543004, -51.021829730501594]
22, 2, 0.9552742996, [1.209457677543004, -50.66822862233614]
22, 3, 0.9522266263, [1.209457677543004, -53.56225989630166]
22, 4, 0.9515048354, [1.209457677543004, -53.85079226380656]
22, 5, 0.889072634, [0.6898313849288877, -46.56230901964253]
22, 6, 0.4657115504, [3.0880052368268096, -44.4017382469991]
22, 7, 0, [-2.888514461689303, -50.65804730200291]
22, 8, 0, [-4.192182279363282, -51.11234256550544]
22, 9, 0, [-3.593381447186799, -49.30632135422948]
23, 0, 0.9558161115, [1.209457677543004, -50.90351178031108]
23, 1, 0.9555608472, [1.209457677543004, -50.84504685947087]
23, 2, 0.9538817734, [1.209457677543004, -52.88607176489557]
23, 3, 0.9512511333, [1.209457677543004, -48.234302740023935]
23, 4, 0.9511031785, [1.209457677543004, -47.941396747419965]
23, 5, 0.9505884847, [1.209457677543004, -47.66187450842429]
23, 6, 0.2572611846, [-0.5916717814921002, -50.88768997122124]
23, 7, 0.254692305, [-1.2349273069943756, -48.28959415115508]
23, 8, 0, [-3.431591218383313, -52.35666975367812]
23, 9, 0, [5.842739863882461, -53.56225989630166]
24, 0, 0.9558161115, [1.209457677543004, -50.90351178031108]
24, 1, 0.9543523823, [1.209457677543004, -53.312013165549736]
24, 2, 0.9457250415, [1.209457677543004, -56.06408373330437]
24, 3, 0.8753025479, [0.6062980984995422, -49.47714288076009]
24, 4, 0.8237735843, [2.087812838705866, -54.23993698480584]
24, 5, 0.7843786342, [2.2451627554194222, -50.11778319430726]
24, 6, 0.6956461956, [2.4954124746075212, -56.75337210895721]
24, 7, 0.5645635935, [2.8832704156417863, -50.894658322073674]
24, 8, 0, [-2.35604046429753, -50.90351178031108]
24, 9, 0, [3.927887434626136, -49.24241609549482]
25, 0, 0.9558161115, [1.209457677543004, -50.90351178031108]
25, 1, 0.9509722985, [1.209457677543004, -54.73763010956055]
25, 2, 0.9466543845, [1.3885725812450198, -51.888992830676656]
25, 3, 0.2647554693, [-1.3134482045951867, -41.91918139168236]
25, 4, 0.2029681376, [-0.27455516310392936, -56.06408373330437]
25, 5, 0, [3.271283193848204, -50.058987998618896]
25, 6, 0, [-6.581468802133072, -56.26091751461086]
25, 7, 0, [4.7908558808217325, -58.9660042885941]
25, 8, 0, [-2.153266968644459, -49.48521902549956]
25, 9, 0, [-5.410925892568162, -49.623082902872824]
26, 0, 0.9558161115, [1.209457677543004, -50.90351178031108]
26, 1, 0.952904455, [1.2990151293940118, -51.39625230549387]
26, 2, 0.9429210909, [1.209457677543004, -56.869731529601935]
26, 3, 0.9258583448, [1.03557545013842, -52.990924516908606]
26, 4, 0.8006098016, [1.2224573710989568, -35.93849856036256]
26, 5, 0.5312043854, [2.9573479201213306, -51.30110980058147]
26, 6, 0.5036350722, [-0.051995263526091406, -48.32840575062146]
26, 7, 0, [6.408046038122061, -54.32355668131528]
26, 8, 0, [-3.2567742153595596, -51.252216899082406]
26, 9, 0, [3.7453632532371475, -45.202043628681075]
27, 0, 0.9558161115, [1.209457677543004, -50.90351178031108]
27, 1, 0.952904455, [1.2990151293940118, -51.39625230549387]
27, 2, 0.9361105623, [1.122516563840712, -54.849917520933715]
27, 3, 0.8285282828, [0.52710817051385, -53.04279183012914]
27, 4, 0.59647747, [2.814286129613148, -51.39625230549387]
27, 5, 0.5951431977, [0.14461743548534023, -55.27612592549061]
27, 6, 0.2330194261, [-0.6616267240083626, -53.00102581772415]
27, 7, 0, [-0.44119468413975516, -53.247960937486944]
27, 8, 0, [-3.495582054992652, -52.20508559845745]
27, 9, 0, [8.124196569733115, -51.455674751243045]
28, 0, 0.9558161115, [1.209457677543004, -50.90351178031108]
28, 1, 0.9517717707, [1.2542364034685078, -51.548399352473375]
28, 2, 0.9510771755, [1.165987120691858, -51.08196535081461]
28, 3, 0.8392005147, [1.9976661121417125, -52.8767146506224]
28, 4, 0, [3.681639385115888, -52.8767146506224]
28, 5, 0, [5.256438234671512, -47.94509998148941]
28, 6, 0, [3.7473672891384586, -51.500196926051146]
28, 7, 0, [4.453787239625036, -50.95320495828542]
28, 8, 0, [-3.2643107120812163, -54.70852674094477]
28, 9, 0, [6.847516018377546, -56.43829722321314]
29, 0, 0.9558161115, [1.209457677543004, -50.90351178031108]
29, 1, 0.9524338987, [1.210111762080183, -49.76022301552886]
29, 2, 0.8559521018, [0.5469951510908955, -42.77963132350044]
29, 3, 0.7275698991, [2.4098242587672174, -50.273011444878385]
29, 4, 0.7041084295, [0.19855316072021445, -50.90351178031108]
29, 5, 0.7031002472, [2.4784124833407315, -51.20185435318111]
29, 6, 0.2263914727, [-1.005037154306354, -53.34325922947467]
29, 7, 0, [4.66976579157241, -52.796124539670366]
29, 8, 0, [-3.8128974571646026, -51.21431169358661]
29, 9, 0, [-5.433887840427486, -48.03931359024219]
30, 0, 0.9558161115, [1.2096896217645998, -50.90525264456484]
30, 1, 0.9558161115, [1.209457677543004, -50.90351178031108]
30, 2, 0.9524887083, [1.2100849454818507, -49.221076666979066]
30, 3, 0.9388145345, [1.209457677543004, -45.38182383788599]
30, 4, 0.6524093209, [2.639389299546845, -50.872028541908236]
30, 5, 0.5444586131, [2.93151483878726, -48.39163176631768]
30, 6, 0, [7.884250398561352, -57.437217228095165]
30, 7, 0, [4.285451719063774, -52.47245645604958]
30, 8, 0, [6.156193018358009, -47.96092452839853]
30, 9, 0, [4.406261123589218, -50.7240814085789]
