0, 0, 0.9397954669, [2.3745955322283314, -43.6517555819035]
0, 1, 0.8840701292, [2.6776492495740434, -39.69901537731266]
0, 2, 0.8312590419, [0.8715421771424384, -42.32202948372274]
0, 3, 0.804341261, [0.8652329118126117, -44.839341356899126]
0, 4, 0.6013757865, [1.0626026142919174, -53.30367785553532]
0, 5, 0.5239239685, [2.337993794602593, -59.249677343319995]
0, 6, 0.5097591905, [3.222628486966959, -57.391835021117515]
0, 7, 0.5003794097, [1.5767263688984465, -59.10608341685789]
0, 8, 0.4544842211, [2.933006598372393, -59.80503720965817]
0, 9, 0.2576656157, [0.1928758938935227, -54.034870479400546]
1, 0, 0.9420569032, [1.6230688546853849, -42.202799695213706]
1, 1, 0.9397954669, [2.3745955322283314, -43.6517555819035]
1, 2, 0.9394695497, [1.4709805013588744, -46.9917737234064]
1, 3, 0.8907485435, [1.8530472838053769, -38.41858793372996]
1, 4, 0.6013757865, [1.0626026142919174, -53.30367785553532]
1, 5, 0.5666751418, [0.972882836248277, -53.30367785553532]
1, 6, 0.3458549697, [-3.5024371953911313, -38.21177404096107]
1, 7, 0.3045055636, [-2.0657605146187574, -44.13202902048637]
1, 8, 0, [5.2365929510169735, -39.17578319471913]
1, 9, 0, [8.421379384754177, -41.85250913663442]
2, 0, 0.9420569032, [1.6230688546853849, -42.202799695213706]
2, 1, 0.9420569032, [1.6230688546853849, -42.202799695213706]
2, 2, 0.8721373978, [1.0316907429026863, -42.01737426882069]
2, 3, 0.7921817768, [0.8401620251428434, -44.8568026302894]
2, 4, 0.7807924271, [0.7800024266669855, -43.808958650528965]
2, 5, 0.6727632599, [0.5202232106665867, -41.5997734721802]
2, 6, 0.4543398617, [0.5126446899912429, -50.71740599494421]
2, 7, 0.4036059181, [0.11742586913305497, -42.92727763855861]
2, 8, 0.3239174413, [-0.6039713492098621, -39.31365399290388]
2, 9, 0.2985523118, [-1.4760885056905204, -44.07892130822836]
3, 0, 0.9420569032, [1.6230688546853849, -42.202799695213706]
3, 1, 0.9420569032, [1.6230688546853849, -42.202799695213706]
3, 2, 0.9313762272, [1.8947731642908203, -40.70883624099086]
3, 3, 0.8572748713, [1.0199173324321211, -44.462511504437536]
3, 4, 0.84059526, [1.3273797987940354, -35.16157293870264]
3, 5, 0.8333850185, [0.8401620251428434, -39.3336453129277]
3, 6, 0.819188337, [0.837899829410484, -42.202799695213706]
3, 7, 0.7456580989, [0.6617227284215557, -42.110086982017194]
3, 8, 0.3699834775, [0.06133352477468068, -43.95723462932989]
3, 9, 0.3177181613, [-0.5184555555738595, -41.08738822214788]
4, 0, 0.9486179476, [1.6230688546853849, -44.472711309119305]
4, 1, 0.9444887606, [1.675837085747293, -43.069375936206974]
4, 2, 0.9420829144, [1.6110764815424279, -42.453088873557874]
4, 3, 0.9420569032, [1.6230688546853849, -42.202799695213706]
4, 4, 0.9331994215, [1.4041327761418576, -41.41532738851853]
4, 5, 0.9320567144, [1.6230688546853849, -48.84760220272992]
4, 6, 0.9090098227, [1.6230688546853849, -39.141902992963466]
4, 7, 0.8923480055, [1.6110764815424279, -38.20251198360898]
4, 8, 0.8513314087, [0.9442784306031131, -42.202799695213706]
4, 9, 0.7384460985, [3.2947521683349965, -43.83220133287619]
5, 0, 0.9486179476, [1.6230688546853849, -44.472711309119305]
5, 1, 0.9408109256, [1.6230688546853849, -41.984716629617985]
5, 2, 0.9293692341, [1.5777029464740042, -48.685703661979176]
5, 3, 0.9251282498, [1.6434567836448606, -40.04375066717502]
5, 4, 0.9249659756, [2.6380761203396945, -43.835058996320114]
5, 5, 0.9246196329, [1.6754098107860613, -40.06466773953615]
5, 6, 0.9058081038, [1.6230688546853849, -38.980210993509296]
5, 7, 0.8766356555, [2.869531648865842, -41.36397659000177]
5, 8, 0.3002003934, [-0.28726482544904686, -42.94401934881891]
5, 9, 0, [4.114951332573213, -50.15231571731333]
6, 0, 0.9486179476, [1.6230688546853849, -44.472711309119305]
6, 1, 0.9439253029, [1.6230688546853849, -43.22871396936864]
6, 2, 0.938493128, [1.3357279357372285, -44.85563017756308]
6, 3, 0.9278839013, [1.6230688546853849, -49.24271851856282]
6, 4, 0.8918232839, [1.6434567836448606, -38.182369546449486]
6, 5, 0.8589376838, [0.9263072828527011, -40.04375066717502]
6, 6, 0.7624128515, [0.7950891808821002, -45.63190816776454]
6, 7, 0.3300804424, [-4.445482415739727, -42.25823098814716]
6, 8, 0.2773714834, [-4.4489741887914676, -47.7457936523928]
6, 9, 0, [4.809681890624473, -43.34003451201311]
7, 0, 0.9486179476, [1.6230688546853849, -44.472711309119305]
7, 1, 0.945449005, [2.3228689613058933, -46.857714913841065]
7, 2, 0.9439253029, [1.6230688546853849, -43.22871396936864]
7, 3, 0.9433750915, [1.850504411419846, -43.25505582144799]
7, 4, 0.9309619463, [1.3387945202551799, -41.8773433232906]
7, 5, 0.8612330446, [2.9520496333672304, -49.58716670988864]
7, 6, 0.7756876513, [3.1311755123686433, -39.65840542853881]
7, 7, 0.5943196992, [3.255781351912786, -32.804428191939635]
7, 8, 0.2566782576, [-1.3510730283599552, -47.53835064050733]
7, 9, 0, [5.392628930971076, -44.32505329948406]
8, 0, 0.9524481695, [1.7367866330526154, -46.07816424865749]
8, 1, 0.9486179476, [1.6230688546853849, -44.472711309119305]
8, 2, 0.947013679, [1.6230688546853849, -43.85071263924397]
8, 3, 0.9461801871, [1.7367866330526154, -43.29943725401675]
8, 4, 0.9315140247, [2.59682406264566, -43.86388356528364]
8, 5, 0.8307437608, [0.8045038639474924, -39.99786143333775]
8, 6, 0.6951345951, [3.4106476578005207, -48.647379670130206]
8, 7, 0.2981419981, [-0.5275856933798406, -43.24188489540832]
8, 8, 0, [3.822550281763996, -45.61113224923786]
8, 9, 0, [5.523286847228162, -45.05638536764452]
9, 0, 0.9524481695, [1.7367866330526154, -46.07816424865749]
9, 1, 0.9515545153, [1.745015510309665, -45.612426504601224]
9, 2, 0.9381979911, [2.404464323989923, -43.04330010066863]
9, 3, 0.9333766898, [1.2930198359204343, -43.4437546413014]
9, 4, 0.9161572265, [1.6799277438690001, -39.65894026495839]
9, 5, 0.7385633346, [0.5997125013618096, -40.606919366511356]
9, 6, 0.3351902486, [-0.015583471125224957, -43.575074946630366]
9, 7, 0.3040520156, [-1.6716105598461548, -43.85071263924397]
9, 8, 0.2991174312, [-2.3985012456509356, -44.91068697985843]
9, 9, 0.2932099553, [-4.021478441226099, -46.07816424865749]
10, 0, 0.9524481695, [1.7367866330526154, -46.07816424865749]
10, 1, 0.9524481695, [1.7367866330526154, -46.07816424865749]
10, 2, 0.9515545153, [1.745015510309665, -45.612426504601224]
10, 3, 0.9515545153, [1.745015510309665, -45.612426504601224]
10, 4, 0.9377337466, [2.465886812357912, -48.03449460646015]
10, 5, 0.937547607, [2.4129140879059983, -48.07621294677284]
10, 6, 0.8682741582, [2.901850744659789, -49.728718436750206]
10, 7, 0.8334901569, [1.8064379986776538, -52.85114112186961]
10, 8, 0.7244736222, [3.312471038644777, -42.86855225680794]
10, 9, 0, [5.517169018023926, -44.75996101737202]
11, 0, 0.9524481695, [1.7367866330526154, -46.07816424865749]
11, 1, 0.9504830404, [1.7367866330526154, -45.02203429712863]
11, 2, 0.9393756995, [2.2504026140515503, -48.26008712693289]
11, 3, 0.7292480778, [3.3327637620126174, -46.07816424865749]
11, 4, 0.660173384, [3.5660420008122067, -48.03360894837411]
11, 5, 0.566668536, [0.43790818250210917, -43.82941701347852]
11, 6, 0.3119770984, [-0.40533383343249096, -41.407027364343506]
11, 7, 0.2262369574, [-0.7910193118134201, -50.03721968216209]
11, 8, 0, [3.9586309445173904, -48.32488315182483]
11, 9, 0, [6.376343059056917, -43.944240562466426]
12, 0, 0.9524481695, [1.7367866330526154, -46.07816424865749]
12, 1, 0.9523161024, [1.968126218332333, -46.07816424865749]
12, 2, 0.9400263976, [2.4639689494181827, -43.392837300753186]
12, 3, 0.8757739357, [1.495208804338824, -50.75563648917974]
12, 4, 0.8055529476, [3.1538589605095546, -45.02203429712863]
12, 5, 0.4206965883, [0.15614127754279306, -42.918841376023394]
12, 6, 0.3008822289, [-0.61211569119708, -42.914514132614386]
12, 7, 0, [4.293224317177774, -46.40441195199867]
12, 8, 0, [3.7754961797251747, -45.02203429712863]
12, 9, 0, [9.899145758966066, -46.38777952506138]
13, 0, 0.9524481695, [1.7367866330526154, -46.07816424865749]
13, 1, 0.9483592612, [1.7367866330526154, -43.72510577678575]
13, 2, 0.9377161429, [2.5609925894209438, -45.55009927289306]
13, 3, 0.9354545634, [2.5609925894209438, -44.345462879841435]
13, 4, 0.9293037255, [2.5609925894209438, -48.65011860694558]
13, 5, 0.6549005843, [3.5505784540741607, -46.07816424865749]
13, 6, 0.6265063444, [0.6243621681508902, -46.98997433481451]
13, 7, 0.2704441274, [-0.976700611117959, -46.07816424865749]
13, 8, 0, [5.173800636669075, -51.941615176237605]
13, 9, 0, [4.0210777655261545, -43.37600716218186]
14, 0, 0.9524481695, [1.7367866330526154, -46.07816424865749]
14, 1, 0.9502725958, [1.9764706828151803, -44.46370525514457]
14, 2, 0.9429347583, [1.4351706107820248, -45.26461783901634]
14, 3, 0.9339109318, [2.5609925894209438, -43.60050298085082]
14, 4, 0.9328838441, [1.7367866330526154, -49.16591899588947]
14, 5, 0.63366804, [3.5864668855949726, -44.035284328313594]
14, 6, 0.3046742923, [-3.57122970781411, -44.90163501272162]
14, 7, 0.2817831787, [-1.8292145564251783, -45.942031054278026]
14, 8, 0, [7.715840935815761, -49.4630006638616]
14, 9, 0, [4.398775080380146, -46.07816424865749]
15, 0, 0.9527127669, [1.8177662301043378, -46.03769762040493]
15, 1, 0.9524481695, [1.7367866330526154, -46.07816424865749]
15, 2, 0.9454566103, [1.4759406728229636, -44.00591044181577]
15, 3, 0.9451999584, [1.7016366276773542, -43.542162721702574]
15, 4, 0.9333062842, [1.3333879868883418, -46.276436605565955]
15, 5, 0.929339714, [1.4742144429222557, -48.06998048914976]
15, 6, 0.9069468136, [1.8566286579338978, -50.91811882768128]
15, 7, 0.6304040584, [3.672354601966465, -46.4735531593935]
15, 8, 0.3372821783, [-0.16072240269490945, -39.23493344103331]
15, 9, 0.3216276074, [-0.5051185591965832, -39.256433728220216]
16, 0, 0.9527127669, [1.8177662301043378, -46.03769762040493]
16, 1, 0.9437668379, [1.6063636529377896, -47.20987842661652]
16, 2, 0.940655798, [1.8177662301043378, -41.87046696372072]
16, 3, 0.9279388068, [1.6063636529377896, -49.12286599900015]
16, 4, 0.8676853521, [1.3025037832787343, -50.222629812767195]
16, 5, 0.6276672825, [3.692663015215627, -46.05793093453121]
16, 6, 0.3072191829, [-2.326911029725702, -44.002866983339246]
16, 7, 0.2832805395, [-1.4546642142357806, -45.52700629831916]
16, 8, 0.2646117844, [-0.3926694793850509, -46.33913107979046]
16, 9, 0.2305898776, [-1.0020274444235453, -49.60988196517706]
17, 0, 0.9527127669, [1.8177662301043378, -46.03769762040493]
17, 1, 0.9487628693, [1.7120649415210636, -46.653264807055606]
17, 2, 0.8994800846, [1.1458266359432365, -45.007712360023866]
17, 3, 0.8907189997, [1.2248393073092083, -48.446836282883474]
17, 4, 0.7601860815, [0.8560005911012533, -47.20987842661652]
17, 5, 0.746548, [3.2934232246307227, -46.03769762040493]
17, 6, 0.273589478, [-2.4139519591358387, -47.20987842661652]
17, 7, 0.2200104878, [-0.7043029247026809, -50.596236715923716]
17, 8, 0, [5.892638272953083, -49.96928041756101]
17, 9, 0, [6.928759594065889, -48.34694710633309]
18, 0, 0.9527127669, [1.8177662301043378, -46.03769762040493]
18, 1, 0.9446138611, [2.363294415454547, -44.852105372510955]
18, 2, 0.9423246311, [1.7120649415210636, -47.765488519984814]
18, 3, 0.9112130425, [2.7768963298673017, -46.23638459066867]
18, 4, 0.8723278942, [2.9639872971386154, -45.834909490380056]
18, 5, 0.7251017302, [0.7719470150752705, -46.720897485923494]
18, 6, 0.6525683739, [0.7007227127238194, -47.71610316833548]
18, 7, 0.2994530265, [-0.08685895565085988, -45.359920979820586]
18, 8, 0.2786425238, [-3.902385585336957, -47.557452121883735]
18, 9, 0, [4.052842099674176, -45.63460760715263]
19, 0, 0.9535178401, [1.7729155832702788, -46.24426244498922]
19, 1, 0.9527127669, [1.8177662301043378, -46.03769762040493]
19, 2, 0.9495204233, [1.7412719156499192, -47.026348393293524]
19, 3, 0.9467387074, [2.0376796784878053, -47.59970696502842]
19, 4, 0.9102578861, [2.2491952895559124, -50.62301335700086]
19, 5, 0.8701070361, [2.805284793348937, -51.20478405358635]
19, 6, 0.7791001521, [3.0857909565930153, -38.850411522652884]
19, 7, 0.7667837449, [2.3380261193298395, -54.298240970657375]
19, 8, 0.6731613867, [0.8712901135124342, -49.95619499682928]
19, 9, 0.3729313163, [0.14701242179804042, -46.03769762040493]
20, 0, 0.9535178401, [1.7729155832702788, -46.24426244498922]
20, 1, 0.9529902657, [1.774749618186818, -46.361614854483975]
20, 2, 0.9526275814, [1.8196002650208771, -46.11937974548414]
20, 3, 0.9397752837, [1.8177662301043378, -48.43162079417911]
20, 4, 0.9268621334, [1.2998544088026067, -47.039902175026285]
20, 5, 0.6120667513, [3.5305340271882386, -39.62881536885214]
20, 6, 0.3048652226, [0.04739759237840402, -48.76789207972156]
20, 7, 0.2985245696, [-2.3027019686338877, -44.82229453565346]
20, 8, 0.2980805187, [-0.04400479281432812, -46.184450162739324]
20, 9, 0.1916710731, [-0.8029783019323689, -53.326147891799685]
21, 0, 0.9535178401, [1.7729155832702788, -46.24426244498922]
21, 1, 0.9526275814, [1.8196002650208771, -46.11937974548414]
21, 2, 0.9501988869, [1.7738326007285483, -46.739398771031354]
21, 3, 0.9491095692, [1.796257924145578, -47.39661782433154]
21, 4, 0.9106442028, [2.7827145713689583, -46.11937974548414]
21, 5, 0.8264208102, [1.0365390736108497, -47.337941619584164]
21, 6, 0.7331894538, [0.6363116891242748, -41.754158587741415]
21, 7, 0.6489170176, [3.612639160774402, -47.30578084254527]
21, 8, 0.4057503306, [0.2222876721117053, -45.84723104942935]
21, 9, 0.2941958903, [-6.125737339920707, -46.70075851475513]
22, 0, 0.9535178401, [1.7729155832702788, -46.24426244498922]
22, 1, 0.9533718672, [1.796257924145578, -46.18182109523668]
22, 2, 0.9532600495, [1.7729155832702788, -45.89066133682376]
22, 3, 0.9342345801, [1.7733740919994134, -49.25940840556162]
22, 4, 0.9249770128, [1.7981637633011953, -49.570022491160564]
22, 5, 0.9215400466, [1.2532892906561626, -41.78474173413015]
22, 6, 0.5823702652, [3.651921651283219, -40.09888675625906]
22, 7, 0.3052909543, [-3.0280177023039068, -44.60200788055755]
22, 8, 0.2887680909, [-3.6287372581545263, -46.342912367592284]
22, 9, 0.2755442738, [-2.3241524230222783, -46.83804869363442]
23, 0, 0.9535178401, [1.7729155832702788, -46.24426244498922]
23, 1, 0.9530422963, [1.8054226090494383, -46.04945875889188]
23, 2, 0.9485624163, [1.7729155832702788, -43.45673545451156]
23, 3, 0.9459571862, [1.7729155832702788, -43.06109009394264]
23, 4, 0.9452346215, [1.782080268174139, -43.14978507575331]
23, 5, 0.9420616703, [1.7848160080724957, -48.31464170189309]
23, 6, 0.2999901701, [-0.02821387576482537, -46.28690555673959]
23, 7, 0.2970251068, [-0.6714694012671008, -43.5120268656427]
23, 8, 0.2688239304, [-2.856232887853821, -47.78523969067564]
23, 9, 0, [6.40665627833887, -49.25940840556162]
24, 0, 0.9535178401, [1.7729155832702788, -46.24426244498922]
24, 1, 0.9525775501, [1.7956802052025713, -46.27148915212083]
24, 2, 0.9392050248, [1.8054226090494383, -48.51642506497075]
24, 3, 0.9099760566, [2.706542392144593, -49.081090613427314]
24, 4, 0.9041063411, [2.808620661146697, -45.4585338589854]
24, 5, 0.8895082352, [1.1757062166279253, -47.473901809833556]
24, 6, 0.7984965905, [3.0588703803347963, -52.09412277363535]
24, 7, 0.6844007629, [3.4526785337701695, -48.89141725114714]
24, 8, 0.2778572349, [-1.792582558570255, -46.24426244498922]
24, 9, 0, [4.491345340353411, -44.58316676017296]
25, 0, 0.9535178401, [1.7729155832702788, -46.24426244498922]
25, 1, 0.9387273498, [1.7891690961598585, -48.634176107732806]
25, 2, 0.9033947393, [2.7204236809311824, -49.361342029349345]
25, 3, 0.4082538648, [0.321409768402505, -48.51642506497075]
25, 4, 0.4001366649, [0.018402895090976035, -39.391530590355046]
25, 5, 0.3228539399, [-4.831214473951308, -43.51962890104508]
25, 6, 0.2760948442, [-5.985503870626638, -48.713258846277235]
25, 7, 0.26370069, [-0.05302267499940827, -49.08916675816678]
25, 8, 0, [4.603134293534367, -47.531337197291585]
25, 9, 0, [5.386820812328168, -51.418345620260475]
26, 0, 0.9535178401, [1.7729155832702788, -46.24426244498922]
26, 1, 0.9516459952, [1.7803947091946961, -46.516723459851654]
26, 2, 0.942373635, [2.2466696321007307, -47.80280223716928]
26, 3, 0.9389695933, [1.9913567092899287, -48.67537211533107]
26, 4, 0.880903472, [1.7810423397150688, -51.48837986102714]
26, 5, 0.8068219021, [1.0552894322811817, -48.57530058635177]
26, 6, 0.7667142469, [3.23190052406247, -44.52377551955992]
26, 7, 0.2672713204, [-2.3091197126528407, -47.65876683075782]
26, 8, 0.2375564747, [-0.7148632055232635, -49.00155454836168]
26, 9, 0, [6.979630700294125, -48.94220501274049]
27, 0, 0.9535178401, [1.7729155832702788, -46.24426244498922]
27, 1, 0.9516459952, [1.7803947091946961, -46.516723459851654]
27, 2, 0.9411951406, [2.1190131706953297, -48.158676673928625]
27, 3, 0.9346082392, [1.3274431006563505, -46.17970251625188]
27, 4, 0.7459805064, [3.295665709413832, -46.516723459851654]
27, 5, 0.5407620509, [0.6670361782493197, -50.506736835008574]
27, 6, 0.3698260185, [0.13870820613413803, -46.13793650384689]
27, 7, 0.3208750613, [0.08122405862422433, -48.47857184700491]
27, 8, 0.270906441, [-2.835620104224977, -47.51927147582322]
27, 9, 0, [8.7020801945742, -46.54958111828846]
28, 0, 0.9535178401, [1.7729155832702788, -46.24426244498922]
28, 1, 0.9511884234, [1.9459643769828041, -45.40672025965114]
28, 2, 0.950004815, [1.7766551462324873, -46.77901026199134]
28, 3, 0.9086331004, [2.777643368432659, -47.20146955945892]
28, 4, 0.2838218976, [-2.4774766863859643, -46.20141803327719]
28, 5, 0.2444685897, [-2.741891969317237, -49.93913765046273]
28, 6, 0, [4.461616641406835, -47.20146955945892]
28, 7, 0, [5.819896140398787, -43.28585064616755]
28, 8, 0, [4.310825194865734, -46.840947590729286]
28, 9, 0, [5.233764495915983, -45.27795986712194]
29, 0, 0.9535178401, [1.7729155832702788, -46.24426244498922]
29, 1, 0.9499242409, [1.8613097616076457, -44.5379059247061]
29, 2, 0.9457387456, [1.8390727566738359, -47.81711042562246]
29, 3, 0.8706569725, [1.1104530568181703, -38.12038198817858]
29, 4, 0.7316991154, [0.7620110664474893, -46.24426244498922]
29, 5, 0.327745243, [-4.8268144822883485, -42.58377949859005]
29, 6, 0.2996385069, [-6.6435904920631765, -46.2352975795387]
29, 7, 0.285779202, [-2.62368222630021, -46.0200256553551]
29, 8, 0.2751830299, [-0.42086877613135665, -45.29399733083048]
29, 9, 0.265706647, [-0.35228055155784277, -46.222840239133205]
30, 0, 0.9535178401, [1.7729155832702788, -46.24426244498922]
30, 1, 0.9525818822, [1.8042609487737988, -46.246860681901744]
30, 2, 0.9490588901, [1.857685717557312, -44.182992422309795]
30, 3, 0.9326105689, [1.7729155832702788, -40.72257450256413]
30, 4, 0.8557894814, [2.3919632225768157, -36.91827301027566]
30, 5, 0.7840220541, [3.2028472052741197, -46.212779206586376]
30, 6, 0.7678343159, [3.10688992164017, -38.57145195187909]
30, 7, 0.6652441201, [3.4913755170625334, -43.916615277149305]
30, 8, 0, [8.491578351188721, -52.49643401502286]
30, 9, 0, [4.892779671691143, -47.53167324297727]
