0, 0, 0.8947197996, [1.0626026142919174, -53.30367785553532]
0, 1, 0.7200842546, [0.8652329118126117, -44.839341356899126]
0, 2, 0.6853435997, [0.8715421771424384, -42.32202948372274]
0, 3, 0.6829409351, [1.5767263688984465, -59.10608341685789]
0, 4, 0.4217572114, [2.337993794602593, -59.249677343319995]
0, 5, 0.0817946088, [0.1928758938935227, -54.034870479400546]
0, 6, 0, [2.6776492495740434, -39.69901537731266]
0, 7, 0, [3.222628486966959, -57.391835021117515]
0, 8, 0, [2.3745955322283314, -43.6517555819035]
0, 9, 0, [2.933006598372393, -59.80503720965817]
1, 0, 0.8947197996, [1.0626026142919174, -53.30367785553532]
1, 1, 0.8947197996, [1.0626026142919174, -53.30367785553532]
1, 2, 0.8939928633, [1.0626026142919174, -52.51958501793591]
1, 3, 0.858964173, [1.0455239661643139, -45.220919172841285]
1, 4, 0.8209089052, [0.972882836248277, -53.30367785553532]
1, 5, 0.7125156881, [1.4678258686939611, -48.250429659994595]
1, 6, 0, [3.4241766132555425, -44.316109174305595]
1, 7, 0, [6.608963046992745, -46.99283511622088]
1, 8, 0, [-4.309960513032195, -45.01410528007239]
1, 9, 0, [3.4888023282212863, -55.1176349413013]
2, 0, 0.8947197996, [1.0626026142919174, -53.30367785553532]
2, 1, 0.8947197996, [1.0626026142919174, -53.30367785553532]
2, 2, 0.8947197996, [1.0626026142919174, -53.30367785553532]
2, 3, 0.803445399, [0.9320999741923168, -52.018385481983216]
2, 4, 0.5940927838, [0.6899347319584151, -52.46651426294879]
2, 5, 0.0971432283, [0.2200136610827026, -53.303068099616816]
2, 6, 0.0952863951, [0.219536186273518, -54.90983681085058]
2, 7, 0, [0.02822262626103078, -59.03175072236977]
2, 8, 0, [-1.9605105694207325, -52.39326603565392]
2, 9, 0, [-0.8188037100318859, -53.30367785553532]
3, 0, 0.8947197996, [1.0626026142919174, -53.30367785553532]
3, 1, 0.8947197996, [1.0626026142919174, -53.30367785553532]
3, 2, 0.8711579711, [1.0626026142919174, -46.355163812220766]
3, 3, 0.7811370776, [0.9320999741923168, -46.495228164621516]
3, 4, 0.7718609194, [1.3343069238973528, -51.809714401312476]
3, 5, 0.3319609753, [0.45945109203865364, -55.56338966475915]
3, 6, 0.259881926, [0.3969455439194376, -53.30367785553532]
3, 7, 0.1284714195, [0.27743358901701654, -53.30367785553532]
3, 8, 0, [3.41215225941806, -57.34901906497546]
3, 9, 0, [-0.4991327156187868, -55.0581127896515]
4, 0, 0.8947197996, [1.0626026142919174, -53.30367785553532]
4, 1, 0.893956268, [1.0626026142919174, -51.5815203810776]
4, 2, 0.8936720352, [1.0626026142919174, -59.94848036305153]
4, 3, 0.8925821214, [1.0626026142919174, -55.57358946944092]
4, 4, 0.8925821214, [1.0626026142919174, -55.382022422480865]
4, 5, 0.8900565049, [1.0626026142919174, -50.24278115328508]
4, 6, 0.8536506413, [1.198454769094635, -53.60032339047775]
4, 7, 0.8447212382, [1.198454769094635, -49.34974650052885]
4, 8, 0.2541498431, [0.38381219020964563, -53.30367785553532]
4, 9, 0, [2.734285927941529, -54.9330794931978]
5, 0, 0.9045782157, [1.1267047453523003, -60.084534452168356]
5, 1, 0.8947197996, [1.0626026142919174, -53.04751863435716]
5, 2, 0.8947197996, [1.0626026142919174, -53.30367785553532]
5, 3, 0.8935332451, [1.0626026142919174, -52.35100076773651]
5, 4, 0.8927949837, [1.0626026142919174, -55.3555064038452]
5, 5, 0.8846334468, [1.0626026142919174, -49.161334112367065]
5, 6, 0.5352142172, [2.024841648884319, -52.34720344119074]
5, 7, 0.4586987354, [2.2562971774104668, -49.8761210348724]
5, 8, 0, [3.554912367140977, -52.13201659582878]
5, 9, 0, [5.652704613489885, -55.76500037206456]
6, 0, 0.9119375671, [1.094653679822109, -56.694106153851834]
6, 1, 0.9045782157, [1.1267047453523003, -60.084534452168356]
6, 2, 0.8999079958, [1.1267047453523003, -64.85454166161188]
6, 3, 0.8898618643, [1.0626026142919174, -50.489619647010976]
6, 4, 0.7440185364, [0.839363826404144, -60.46745332061213]
6, 5, 0.2053279307, [0.34545311349975794, -52.35100076773651]
6, 6, 0.1241967062, [0.2666740060188243, -59.097300352247736]
6, 7, 0, [4.2710727512814595, -57.29957113381838]
6, 8, 0, [-4.984091555082741, -56.21776760995243]
6, 9, 0, [-4.945338298124552, -63.35761679544185]
7, 0, 0.9119375671, [1.094653679822109, -56.694106153851834]
7, 1, 0.9045782157, [1.1267047453523003, -60.084534452168356]
7, 2, 0.8746838939, [1.168224812602754, -55.02104827275339]
7, 3, 0.7442575122, [0.8424304109220953, -58.73316380609032]
7, 4, 0.6184476043, [1.7784282536775216, -53.59186290043141]
7, 5, 0, [4.710349332153984, -56.09104575078946]
7, 6, 0, [3.4882623926744465, -62.72298672446984]
7, 7, 0, [-1.4373324876360452, -69.27581203237975]
7, 8, 0, [2.4076089257388587, -56.321314696478986]
7, 9, 0, [2.4835833689201503, -57.015890904109845]
8, 0, 0.9119375671, [1.094653679822109, -56.694106153851834]
8, 1, 0.9026091868, [1.1314392462124314, -55.85757721330261]
8, 2, 0.8390506689, [1.0053276117624246, -56.93465839803029]
8, 3, 0.8246381797, [0.9685420453721021, -59.92791566334492]
8, 4, 0.5985410543, [1.8285794749651467, -57.713634979971076]
8, 5, 0.1571738693, [0.31287425547453895, -52.004726007396386]
8, 6, 0, [-1.2590447146700314, -56.877106039421854]
8, 7, 0, [2.5483579623920862, -61.37148686166012]
8, 8, 0, [2.9602605863555613, -58.33523944076777]
8, 9, 0, [4.421167739002491, -59.40884912912934]
9, 0, 0.9151585798, [1.1011175174073304, -56.9485849359811]
9, 1, 0.9119375671, [1.094653679822109, -56.694106153851834]
9, 2, 0.8892651473, [1.0499906457922668, -51.50888409694872]
9, 3, 0.6137171131, [1.7849580413951347, -56.847462385640476]
9, 4, 0.5700335528, [0.6630827378437011, -55.293698473291734]
9, 5, 0, [-0.04242045186869681, -51.2228612717057]
9, 6, 0, [-4.6636113944566056, -56.694106153851834]
9, 7, 0, [-1.171649700745986, -60.543165737965566]
9, 8, 0, [-0.7085763864269617, -58.4312870306876]
9, 9, 0, [-2.289351802769115, -56.93465839803029]
10, 0, 0.9151585798, [1.1011175174073304, -56.9485849359811]
10, 1, 0.9151585798, [1.1011175174073304, -56.9485849359811]
10, 2, 0.9119375671, [1.094653679822109, -56.694106153851834]
10, 3, 0.9119375671, [1.094653679822109, -56.694106153851834]
10, 4, 0.9011893098, [1.098813691382168, -70.23256535562048]
10, 5, 0.8893263081, [1.0541506573523258, -62.7998231872405]
10, 6, 0.804811292, [1.251050259543733, -59.787278434946344]
10, 7, 0.6164788104, [1.7772449722607133, -58.94663363409646]
10, 8, 0, [4.570480380617971, -57.43461666853868]
10, 9, 0, [2.486213977809485, -56.121141704636415]
11, 0, 0.9151585798, [1.1011175174073304, -56.9485849359811]
11, 1, 0.9144256326, [1.1011175174073304, -55.89245498445224]
11, 2, 0.6697999433, [1.6147334984062651, -59.130507814256504]
11, 3, 0, [2.8788033922518546, -72.20437739407636]
11, 4, 0, [-1.1394428587484968, -62.58906386257691]
11, 5, 0, [5.7406739434116325, -54.81466124979004]
11, 6, 0, [2.9303728851669213, -58.904029635697725]
11, 7, 0, [-0.2051072905643112, -54.805467181765636]
11, 8, 0, [5.023556043639108, -56.27156250159597]
11, 9, 0, [-1.041002949077776, -52.27744805166712]
12, 0, 0.9151585798, [1.1011175174073304, -56.9485849359811]
12, 1, 0.7899197054, [1.2809147802531438, -54.91185096998263]
12, 2, 0.7736002867, [1.332457102687048, -56.9485849359811]
12, 3, 0.6703007236, [0.7619712345739469, -63.27962115258438]
12, 4, 0.6675143846, [1.6203799442375146, -55.30441800436232]
12, 5, 0.1576140657, [0.3141551362658729, -54.21743020167571]
12, 6, 0, [-1.247784806842365, -53.784934819938]
12, 7, 0, [2.5181898448642697, -55.89245498445224]
12, 8, 0, [3.1398270640798893, -55.89245498445224]
12, 9, 0, [5.32937068408536, -64.55224311506183]
13, 0, 0.9158600962, [1.1011175174073304, -54.59552646410937]
13, 1, 0.9151585798, [1.1011175174073304, -56.9485849359811]
13, 2, 0.7251493813, [1.4506473622453293, -53.903498094120856]
13, 3, 0.7245331423, [1.4506473622453293, -55.10813448717248]
13, 4, 0.7233040626, [1.4506473622453293, -58.208153821225004]
13, 5, 0, [-1.6381408879801962, -55.93021795298186]
13, 6, 0, [4.512360359806838, -61.79366888056198]
13, 7, 0, [-0.4859830590247243, -56.54800954909393]
13, 8, 0, [3.38540864988087, -54.24642784950547]
13, 9, 0, [2.863367015994972, -54.91185096998263]
14, 0, 0.9158600962, [1.1011175174073304, -54.59552646410937]
14, 1, 0.9151736322, [1.1011175174073304, -60.036339683213086]
14, 2, 0.7721533266, [1.3408015671698954, -52.98106747059645]
14, 3, 0.7251493813, [1.4506473622453293, -54.36317458818186]
14, 4, 0.4647807078, [0.5621634393715752, -57.257693222279535]
14, 5, 0, [7.054400658953524, -58.138525132250116]
14, 6, 0, [3.7373348035179093, -54.753688717046]
14, 7, 0, [3.436618553793111, -62.25218217685912]
14, 8, 0, [-2.702221727835628, -54.979729769143674]
14, 9, 0, [-4.206898823459395, -55.772055700045236]
15, 0, 0.9158600962, [1.1011175174073304, -54.59552646410937]
15, 1, 0.9156693124, [1.0992794922834823, -52.781723341158155]
15, 2, 0.9132549425, [1.1011175174073304, -62.96311714944149]
15, 3, 0.8679558857, [1.1737256415430528, -54.51522162698483]
15, 4, 0.7747950866, [0.8857360336050705, -62.18451694449382]
15, 5, 0.7658331282, [0.8718573075283839, -57.309541108605345]
15, 6, 0.763384223, [1.3732001562948342, -51.682521864523906]
15, 7, 0, [3.3255804570720917, -61.376613313801336]
15, 8, 0, [-1.3781257306070327, -50.072979875547546]
15, 9, 0, [2.7993474305560158, -57.290099306720826]
16, 0, 0.9158600962, [1.1011175174073304, -54.59552646410937]
16, 1, 0.915451408, [1.1001985048454064, -60.04026132667971]
16, 2, 0.9139658396, [1.1011175174073304, -50.428295807425165]
16, 3, 0.9130808791, [1.1001985048454064, -61.95324889906334]
16, 4, 0.6716147266, [0.7572707347405616, -59.563306655115824]
16, 5, 0, [4.966616857147024, -52.46827017298662]
16, 6, 0, [-3.0039889564587723, -51.633560951441794]
16, 7, 0, [3.015585088482557, -53.68862490263376]
16, 8, 0, [-1.0521941052263593, -54.998076146387945]
16, 9, 0, [-2.1713129269327878, -54.0848351420236]
17, 0, 0.9158600962, [1.1011175174073304, -54.59552646410937]
17, 1, 0.9151585798, [1.1006580111263684, -57.34737067893942]
17, 2, 0.5214912065, [0.6134323769145131, -59.14094215476729]
17, 3, 0.2959076116, [0.42917792324622916, -53.56554120372831]
17, 4, 0.2178118065, [0.34983544300887004, -60.04026132667971]
17, 5, 0, [9.043704194142919, -62.71674059267664]
17, 6, 0, [8.299706525231944, -67.5144509430565]
17, 7, 0, [2.5767745119337153, -54.59552646410937]
17, 8, 0, [7.034542039765644, -60.04064874308876]
17, 9, 0, [-1.210468072795064, -63.42661961598691]
18, 0, 0.9158600962, [1.1011175174073304, -54.59552646410937]
18, 1, 0.9155816296, [1.1006580111263684, -58.45959439186863]
18, 2, 0.608770965, [1.791393820742838, -57.26577320582458]
18, 3, 0.5366311823, [2.0207412814873082, -53.07465147294331]
18, 4, 0, [3.2966870512941826, -52.47287448942727]
18, 5, 0, [-0.05543233565617389, -54.55437005061012]
18, 6, 0, [3.2344370584899953, -57.82173052095307]
18, 7, 0, [0.01579196669527727, -53.55916436819813]
18, 8, 0, [-0.8430140040308531, -52.198187862095224]
18, 9, 0, [-4.474286180048666, -59.97111995519736]
19, 0, 0.9158600962, [1.1011175174073304, -54.59552646410937]
19, 1, 0.915239414, [1.1010797390587888, -55.26876004428605]
19, 2, 0.7261097837, [1.4460259159346032, -59.15359381762714]
19, 3, 0.6745138957, [0.7627423179582329, -54.87796362960702]
19, 4, 0.6731093243, [1.587461257506276, -65.2789418285364]
19, 5, 0.6528609258, [1.6575415270027105, -62.17690020959958]
19, 6, 0, [-1.341446179652914, -66.11648854598592]
19, 7, 0, [-0.5936813423897381, -50.66865909798142]
19, 8, 0, [-5.93055194226041, -66.46673032178835]
19, 9, 0, [-0.608979670546623, -54.35169578381522]
20, 0, 0.9158600962, [1.101119062241468, -54.7542277745893]
20, 1, 0.9158600962, [1.1011175174073304, -54.59552646410937]
20, 2, 0.915239414, [1.1010812838929263, -55.391791070350436]
20, 3, 0.9149472075, [1.1010797390587888, -57.66268321806023]
20, 4, 0.5100092396, [0.6056121303483581, -55.831065396526924]
20, 5, 0, [-3.019388459679437, -54.05335695953458]
20, 6, 0, [-0.6468446860758446, -57.5590553012222]
20, 7, 0, [3.0470119943991065, -49.86807009057902]
20, 8, 0, [6.060001930981681, -56.874560140868255]
20, 9, 0, [-0.31196517852214, -55.32998844802472]
21, 0, 0.9158600962, [1.101119062241468, -54.7542277745893]
21, 1, 0.915239414, [1.1011182898243992, -55.11133724064409]
21, 2, 0.915239414, [1.1010812838929263, -55.391791070350436]
21, 3, 0.9144256326, [1.1010986282330597, -56.129104841084796]
21, 4, 0.5206296279, [2.0641955902410074, -55.391791070350436]
21, 5, 0.2024762262, [0.34229679515660116, -56.129104841084796]
21, 6, 0, [2.939924849870253, -55.677719312158004]
21, 7, 0, [-6.809674529537575, -55.21329593031815]
21, 8, 0, [3.3871095400348965, -56.666651314376026]
21, 9, 0, [-0.05884760678824352, -50.48664560449467]
22, 0, 0.9158600962, [1.101119062241468, -54.40062666642385]
22, 1, 0.9158600962, [1.1011186760329337, -54.93278250761669]
22, 2, 0.9158600962, [1.101119062241468, -54.7542277745893]
22, 3, 0.9155816296, [1.1011002966147159, -58.34099564703394]
22, 4, 0.9149472075, [1.1011001730671972, -57.8405872200212]
22, 5, 0.4828500199, [0.5814927696273517, -50.294707063730236]
22, 6, 0, [-2.9968913861426136, -55.51881784353055]
22, 7, 0, [-4.30052142546805, -54.881254547769416]
22, 8, 0, [-3.701718394106679, -53.15045934927776]
22, 9, 0, [4.526505659766215, -54.9419939408011]
23, 0, 0.9163459401, [1.101119062241468, -51.947863498030024]
23, 1, 0.9163459401, [1.101119062241468, -52.3203018922771]
23, 2, 0.916087319, [1.101119062241468, -51.39425486946]
23, 3, 0.9158600962, [1.101119062241468, -54.55637742275568]
23, 4, 0.9158600962, [1.101119062241468, -54.40062666642385]
23, 5, 0.9151585798, [1.1011094863238249, -57.23091602881926]
23, 6, 0, [-3.539939409602492, -56.70151401760181]
23, 7, 0, [-0.7000103967936362, -54.62007033225695]
23, 8, 0, [5.734382482954173, -58.34099564703394]
23, 9, 0, [5.441575504463639, -58.067842062379626]
24, 0, 0.9163459401, [1.101119062241468, -51.947863498030024]
24, 1, 0.9158600962, [1.101119062241468, -54.78726819835597]
24, 2, 0.915239414, [1.101119062241468, -55.306408786408944]
24, 3, 0.5445560593, [1.97947422340433, -56.44933396615221]
24, 4, 0.495267336, [2.136824140117886, -51.348354109149746]
24, 5, 0.3788081743, [0.49795469523918456, -54.97005869694059]
24, 6, 0, [-2.464379079599066, -52.134082695153566]
24, 7, 0, [3.8195488193246003, -50.472987010337306]
24, 8, 0, [2.3870738593059855, -57.9839430237997]
24, 9, 0, [2.7749270123814287, -56.38757413825417]
25, 0, 0.9163459401, [1.101119062241468, -51.947863498030024]
25, 1, 0.9158600962, [1.101119062241468, -54.88096849497231]
25, 2, 0.5344163595, [2.0209913360466456, -55.89726423223219]
25, 3, 0, [-0.6810294497935607, -45.92745279323789]
25, 4, 0, [3.90370194864983, -54.06725940017443]
25, 5, 0, [-6.689807417434609, -55.50324256771543]
25, 6, 0, [4.682517265520197, -58.20832934169867]
25, 7, 0, [-0.38289377840546535, -55.306408786408944]
25, 8, 0, [-0.7800908437396712, -56.45741011089168]
25, 9, 0, [-5.519264507869698, -49.76642128828458]
26, 0, 0.9163459401, [1.101119062241468, -51.947863498030024]
26, 1, 0.9151585798, [1.101119062241468, -57.46357658116729]
26, 2, 0.8897671125, [1.135231693332316, -47.82052588444521]
26, 3, 0.7849544871, [1.2976155198884651, -55.06672941039225]
26, 4, 0.6901296284, [1.5610551991440569, -53.92256386513111]
26, 5, 0.0924882122, [0.2100448062239536, -50.4042106441051]
26, 6, 0, [6.299707422820524, -54.917401732880634]
26, 7, 0, [3.2193879898713753, -53.37691469406511]
26, 8, 0, [-2.9947341456095145, -53.77852845871965]
26, 9, 0, [7.755615263443482, -50.281182773880445]
27, 0, 0.9163459401, [1.101119062241468, -51.947863498030024]
27, 1, 0.9151585798, [1.101119062241468, -57.46357658116729]
27, 2, 0.8340150998, [1.2164236066103906, -51.363217145097174]
27, 3, 0.2913890109, [0.43582587075773793, -49.04036486641025]
27, 4, 0, [2.6163900624606042, -57.46357658116729]
27, 5, 0, [-0.5943120253667951, -56.80379893418313]
27, 6, 0, [-0.008499905741699676, -58.831963922186794]
27, 7, 0, [-3.498623001639701, -53.85518679094086]
27, 8, 0, [8.031598171235059, -58.12874850168093]
27, 9, 0, [6.390810310075848, -51.44362764741873]
28, 0, 0.9163459401, [1.101119062241468, -51.947863498030024]
28, 1, 0.915239414, [1.101119062241468, -55.10423734916956]
28, 2, 0.8782818037, [1.1587713344259294, -49.860791021755816]
28, 3, 0.5447094688, [1.990450325875784, -51.6555403215636]
28, 4, 0, [3.6744235988499594, -51.6555403215636]
28, 5, 0, [5.148099619369976, -48.98945169920836]
28, 6, 0, [3.639028673836923, -52.54454864377009]
28, 7, 0, [4.446571453359108, -49.73203062922662]
28, 8, 0, [-3.4174280533082566, -58.26436473764095]
28, 9, 0, [6.747705560848722, -54.959259600213166]
29, 0, 0.9163459401, [1.101119062241468, -51.947863498030024]
29, 1, 0.9015796076, [1.1299451983336986, -50.92755484934755]
29, 2, 0.440320096, [2.301485643465681, -51.31736316259733]
29, 3, 0.2710519058, [0.4386565357893595, -43.823983041219385]
29, 4, 0, [2.3700738680391953, -52.24620607090006]
29, 5, 0, [4.561427176270874, -53.84047625738931]
29, 6, 0, [0.09021454541867846, -51.947863498030024]
29, 7, 0, [-3.921236072466139, -52.258663411305555]
29, 8, 0, [-1.1581544955333944, -56.89909722617085]
29, 9, 0, [-5.5870051816545265, -51.59515158693837]
30, 0, 0.9163459401, [1.101119062241468, -51.947863498030024]
30, 1, 0.9115872352, [1.1113410676818785, -51.949417102778895]
30, 2, 0.9010969821, [1.1287633649939457, -50.348170045322384]
30, 3, 0.897029908, [1.101119062241468, -46.42617555560493]
30, 4, 0.620900411, [1.7201667015480049, -42.62187406331647]
30, 5, 0, [7.789997809037342, -58.54305900386399]
30, 6, 0, [4.191199129539764, -53.5782982318184]
30, 7, 0, [6.086016515830339, -49.12806910271233]
30, 8, 0, [2.8220212067443033, -49.39574502856125]
30, 9, 0, [2.4350934006113594, -44.2750530049199]
