0, 0, 0.8674444856, [1.5767263688984465, -59.10608341685789]
0, 1, 0.8043396501, [1.0626026142919174, -53.30367785553532]
0, 2, 0.7962112774, [0.8715421771424384, -42.32202948372274]
0, 3, 0.7960804474, [2.337993794602593, -59.249677343319995]
0, 4, 0.7812439177, [0.8652329118126117, -44.839341356899126]
0, 5, 0.7784821965, [2.3745955322283314, -43.6517555819035]
0, 6, 0.6526478222, [2.6776492495740434, -39.69901537731266]
0, 7, 0.4851153343, [2.933006598372393, -59.80503720965817]
0, 8, 0.2912400556, [0.1928758938935227, -54.034870479400546]
0, 9, 0, [3.222628486966959, -57.391835021117515]
1, 0, 0.8765491746, [1.4709805013588744, -46.9917737234064]
1, 1, 0.8705209658, [1.401270694707231, -52.35429020282067]
1, 2, 0.8674444856, [1.5767263688984465, -59.10608341685789]
1, 3, 0.8674444856, [1.5767263688984465, -59.10608341685789]
1, 4, 0.8641942053, [1.4870065908548062, -59.10608341685789]
1, 5, 0.8573182847, [1.3196644915951818, -55.420787798597196]
1, 6, 0.3111372249, [-2.0657605146187574, -44.13202902048637]
1, 7, 0.2347840309, [-3.9542137844892773, -52.14747631005178]
1, 8, 0, [4.160557054650533, -51.52127716751603]
1, 9, 0, [7.345343488387735, -54.19800310943132]
2, 0, 0.8765491746, [1.4709805013588744, -46.9917737234064]
2, 1, 0.8765491746, [1.4709805013588744, -46.9917737234064]
2, 2, 0.8652620793, [1.2292635792461288, -44.76000249541979]
2, 3, 0.8618720078, [1.3490769911556209, -54.790273523625764]
2, 4, 0.8073235093, [0.9263055035642699, -38.560322423418995]
2, 5, 0.6379236644, [0.627914073340475, -48.59793267872166]
2, 6, 0.5197224265, [0.4615350038547912, -48.53907008962273]
2, 7, 0.3162822921, [0.48947344709777396, -59.1690478557663]
2, 8, 0.2303567747, [-0.44528072629075055, -49.67303196311354]
2, 9, 0.2061369704, [-1.4992597485839894, -52.53056316905045]
3, 0, 0.8765491746, [1.4709805013588744, -46.9917737234064]
3, 1, 0.8765491746, [1.4709805013588744, -46.9917737234064]
3, 2, 0.8752232472, [1.3490769911556209, -49.26711620626406]
3, 3, 0.873527058, [1.7426848109643098, -45.49781026918356]
3, 4, 0.8589205927, [1.3501220403025016, -38.927374066098544]
3, 5, 0.7673065322, [0.8678289791056106, -49.251485532630234]
3, 6, 0.6954418758, [0.6844649699300218, -45.8758881094131]
3, 7, 0.6884357109, [0.6858114760839735, -46.9917737234064]
3, 8, 0.2690504578, [-0.67054390890037, -45.87636225034058]
3, 9, 0.2632311433, [-0.09075482855182981, -48.74620865752259]
4, 0, 0.8768105229, [1.4709805013588744, -49.261685337312]
4, 1, 0.8765491746, [1.4709805013588744, -46.9917737234064]
4, 2, 0.874511847, [1.37275211284583, -46.6148373845046]
4, 3, 0.87433454, [1.3495995157290612, -48.615129419892426]
4, 4, 0.8734609815, [1.3495995157290612, -44.36455252994353]
4, 5, 0.8728330754, [1.4709805013588744, -43.930877021156164]
4, 6, 0.8696318377, [1.4709805013588744, -53.636576230922614]
4, 7, 0.860293718, [1.2508486026425765, -52.03819186927355]
4, 8, 0.744846701, [0.7921900772766026, -46.9917737234064]
4, 9, 0.3841257508, [0.3210723898471797, -52.38666524415915]
5, 0, 0.8768105229, [1.4709805013588744, -49.261685337312]
5, 1, 0.8762100966, [1.3495995157290612, -48.397046354296705]
5, 2, 0.8727699344, [1.3495995157290612, -45.392540718188016]
5, 3, 0.8722293525, [1.4709805013588744, -44.3448408061666]
5, 4, 0.8720740463, [1.421866307102352, -44.085823816248094]
5, 5, 0.8717013614, [1.4743921396043507, -52.554803246788026]
5, 6, 0.7679718241, [2.4332195359512756, -47.757456783519544]
5, 7, 0.6783670081, [2.6646750644774233, -45.2863743772012]
5, 8, 0.2572232366, [-0.3905756323187004, -46.81311893362776]
5, 9, 0, [3.963290254207934, -45.5933658151706]
6, 0, 0.8768105229, [1.4709805013588744, -49.261685337312]
6, 1, 0.873573159, [1.4102900085439678, -48.829365845804354]
6, 2, 0.8690427561, [1.4709805013588744, -54.031692546755515]
6, 3, 0.8679350037, [1.4709805013588744, -42.48345968544107]
6, 4, 0.8537262477, [1.1836395824107182, -49.644604205755776]
6, 5, 0.7449200426, [0.7538310005667149, -44.3448408061666]
6, 6, 0.5789461488, [0.5823103347406832, -51.232560044200255]
6, 7, 0.2944631172, [-4.6077647335459755, -46.8032630717393]
6, 8, 0.2330500522, [-4.601062542117978, -52.534767680585496]
6, 9, 0, [4.647399572818225, -47.88506659560525]
7, 0, 0.8768105229, [1.4709805013588744, -49.261685337312]
7, 1, 0.873573159, [1.4102900085439678, -48.829365845804354]
7, 2, 0.8715993193, [1.5445516341395196, -45.60654373454026]
7, 3, 0.8416330972, [1.1260156741137628, -47.477995199726315]
7, 4, 0.8332946389, [2.1707806079793825, -45.87257251137653]
7, 5, 0.5972611965, [2.79996128004072, -48.60202430742411]
7, 6, 0.5719367422, [2.832211017368924, -48.787902213394254]
7, 7, 0.4201317253, [3.0153340257324137, -48.96861881887984]
7, 8, 0.1196623495, [-1.1189861793672515, -58.692093445978415]
7, 9, 0, [5.08667615369075, -46.67654121257633]
8, 0, 0.877520145, [1.507766067749197, -47.43411453592613]
8, 1, 0.8768105229, [1.4709805013588744, -49.261685337312]
8, 2, 0.8738399428, [1.3352836541266413, -46.59982182574172]
8, 3, 0.866764008, [1.2984980877363186, -50.584120951893]
8, 4, 0.8402835347, [2.158535517329363, -48.369840268519155]
8, 5, 0.7190279823, [0.6892010770113046, -43.5812633300199]
8, 6, 0.5257481754, [2.8783140047563034, -52.027692150208196]
8, 7, 0.2644972274, [-0.9290886723058147, -46.54226946713329]
8, 8, 0, [3.290216628719778, -48.99144472931585]
8, 9, 0, [4.704753002194158, -48.153680522765335]
9, 0, 0.8784134464, [1.5202472877578768, -47.473372706803154]
9, 1, 0.877520145, [1.507766067749197, -47.43411453592613]
9, 2, 0.868508977, [1.4215248609379192, -41.71147000184159]
9, 3, 0.8391150493, [2.1209314661828094, -46.29740520209967]
9, 4, 0.8215932808, [1.0346169529893534, -45.496284378184605]
9, 5, 0.5297756407, [0.37069193605839135, -41.96286965378]
9, 6, 0.2862764946, [-4.250499006529518, -47.43411453592613]
9, 7, 0.2803951419, [-1.9593957604048984, -46.59982182574172]
9, 8, 0.2789839978, [-2.686286446209679, -47.65979616635618]
9, 9, 0.2404530257, [-0.37862034406274514, -48.591971388817356]
10, 0, 0.8784134464, [1.5202472877578768, -47.473372706803154]
10, 1, 0.8784134464, [1.5202472877578768, -47.473372706803154]
10, 2, 0.877520145, [1.507766067749197, -47.43411453592613]
10, 3, 0.877520145, [1.507766067749197, -47.43411453592613]
10, 4, 0.87643211, [1.6426251581040705, -50.3171081499301]
10, 5, 0.8657572872, [1.4295575534112661, -54.29656067881869]
10, 6, 0.8619107895, [1.515798760222544, -62.2667253243801]
10, 7, 0.83390755, [2.1963747426112596, -49.47142140491851]
10, 8, 0.5208040572, [2.8815459705575845, -46.48482854249388]
10, 9, 0, [5.003633451959744, -48.50186886070386]
11, 0, 0.8784134464, [1.5202472877578768, -47.473372706803154]
11, 1, 0.873672675, [1.5202472877578768, -46.417242755274295]
11, 2, 0.8572789268, [2.0338632687568117, -49.655295585078555]
11, 3, 0.421952071, [0.21101378857450603, -45.437865258213805]
11, 4, 0.3195065106, [3.1162244167178788, -47.473372706803154]
11, 5, 0.2903515649, [-0.6218731787272296, -42.802235822489166]
11, 6, 0.210788114, [-0.7677689362329978, -51.564150408404636]
11, 7, 0, [3.37515901113871, -50.73921896339166]
11, 8, 0, [6.159803713762178, -45.33944902061209]
11, 9, 0, [3.349502655517468, -49.42881740651978]
12, 0, 0.8784134464, [1.5202472877578768, -47.473372706803154]
12, 1, 0.8777343531, [1.7515868730375943, -47.473372706803154]
12, 2, 0.8625037056, [1.3220729027538893, -52.12834418179888]
12, 3, 0.84748297, [2.0707891988152918, -46.702275403100415]
12, 4, 0.8356415064, [2.1546947060672315, -45.84589920777121]
12, 5, 0.482393016, [2.937319615214816, -46.417242755274295]
12, 6, 0.2881618879, [-0.21950292981816588, -44.27415412404406]
12, 7, 0.2823462071, [-0.8286550364918186, -44.30972259076005]
12, 8, 0, [3.7506718350272332, -46.90202915930007]
12, 9, 0, [3.558956834430436, -46.417242755274295]
13, 0, 0.8784134464, [1.5202472877578768, -47.473372706803154]
13, 1, 0.8738159971, [1.5202472877578768, -45.12031423493142]
13, 2, 0.8622371392, [1.9531407895524129, -49.759655291339705]
13, 3, 0.8594127327, [1.9531407895524129, -46.65963595728718]
13, 4, 0.8583570205, [1.9531407895524129, -45.45499956423556]
13, 5, 0.3070913671, [0.0165103682823593, -48.099511019208634]
13, 6, 0.2563437631, [-1.1932399564126976, -47.473372706803154]
13, 7, 0, [4.957261291374337, -53.33682363438327]
13, 8, 0, [3.804538420231416, -44.771215620327524]
13, 9, 0, [3.334039108779422, -47.473372706803154]
14, 0, 0.8784134464, [1.5202472877578768, -47.473372706803154]
14, 1, 0.8759466204, [1.5202472877578768, -50.56112745403514]
14, 2, 0.8728418755, [1.7599313375204417, -45.858913713290235]
14, 3, 0.8588159519, [1.9531407895524129, -45.914676058296564]
14, 4, 0.8217396146, [1.0229750382003902, -47.11930860681204]
14, 5, 0.7419381512, [2.523471364836876, -47.78644186300589]
14, 6, 0.3043479604, [-2.241410129006813, -45.04207576199585]
14, 7, 0.2978745269, [-3.787769053108849, -46.29684347086729]
14, 8, 0, [5.840537220272491, -51.17127827821]
14, 9, 0, [3.897430152621926, -52.314528169711295]
15, 0, 0.8795207613, [1.5928554118935991, -47.39306786967862]
15, 1, 0.8784134464, [1.5202472877578768, -47.473372706803154]
15, 2, 0.874232569, [1.5600910911122974, -44.996397197562395]
15, 3, 0.872097433, [1.332668906357199, -49.524214965009584]
15, 4, 0.8701224488, [1.5202472877578768, -54.664434156199405]
15, 5, 0.8687493064, [1.7923299266453805, -44.56036810721769]
15, 6, 0.8624716485, [1.3048658039556167, -52.50301857559486]
15, 7, 0.3764883268, [0.05043946413493039, -40.75930167031731]
15, 8, 0.3106806909, [-0.14413466972720002, -40.48374064158021]
15, 9, 0, [3.7447102274226376, -53.077930320559254]
16, 0, 0.8795207613, [1.5928554118935991, -47.39306786967862]
16, 1, 0.8772819967, [1.540169189435087, -48.402726033562665]
16, 2, 0.8762246923, [1.6926305456843778, -46.83173733785894]
16, 3, 0.87517998, [1.540169189435087, -50.31571360594629]
16, 4, 0.870576096, [1.5928554118935991, -43.22583721299441]
16, 5, 0.3048408948, [-2.5476361114784405, -45.37815633704892]
16, 6, 0.2717976191, [-1.6795750324465193, -46.88237654759285]
16, 7, 0.2495428097, [-0.5455690189132709, -47.813221236087955]
16, 8, 0.2202129859, [-1.226938262634284, -50.96525221445075]
16, 9, 0, [5.458354751633292, -45.26581157855587]
17, 0, 0.8796964093, [1.566512300664343, -47.92737373516552]
17, 1, 0.8795207613, [1.5928554118935991, -47.39306786967862]
17, 2, 0.8759640454, [1.7629008531875865, -51.137940815794366]
17, 3, 0.8241242998, [1.0792866664524878, -49.720945210993385]
17, 4, 0.7949240342, [0.9209158177324979, -46.36308260929756]
17, 5, 0.7354548556, [0.7898061275985507, -48.402726033562665]
17, 6, 0.3753361679, [3.068512406419984, -47.39306786967862]
17, 7, 0.2688938923, [-2.4801464226385415, -48.402726033562665]
17, 8, 0.2081827958, [-0.7704973882053834, -51.78908432286986]
17, 9, 0, [8.973126837491758, -51.38822970899488]
18, 0, 0.8796964093, [1.566512300664343, -47.92737373516552]
18, 1, 0.8780819254, [1.5928554118935991, -48.505291582607825]
18, 2, 0.7185339234, [2.578493044718944, -47.81827711210392]
18, 3, 0.7064879221, [2.61222675926299, -48.287121131707714]
18, 4, 0.6034168592, [0.573543729926913, -48.302790007358745]
18, 5, 0.560695729, [2.844777767511151, -46.57471255300307]
18, 6, 0.5424774017, [0.5023194275754619, -49.29799568977073]
18, 7, 0.2580758703, [-0.28526224079921736, -46.94181350125584]
18, 8, 0.2482716191, [-3.653453241528514, -50.99246788108049]
18, 9, 0, [3.8544388145258184, -47.21650012858788]
19, 0, 0.8796964093, [1.566512300664343, -47.92737373516552]
19, 1, 0.8791762721, [1.5643464995013927, -48.02806391679677]
19, 2, 0.8706449041, [1.5760183873229285, -55.55857552520627]
19, 3, 0.8475939019, [2.0856742283062717, -49.45269436613641]
19, 4, 0.8453048226, [2.077530635459098, -54.752095620730174]
19, 5, 0.8119916712, [2.297189839374379, -52.47600075810885]
19, 6, 0.7779974286, [2.3237832245861045, -40.11074607720178]
19, 7, 0.2715042012, [-0.10424150764195428, -47.92737373516552]
19, 8, 0.2654143475, [-0.14358488728961039, -47.683543054871365]
19, 9, 0.2057357873, [-1.48413380564601, -52.714392076306275]
20, 0, 0.8796964093, [1.566512300664343, -47.92737373516552]
20, 1, 0.8795467093, [1.5666008647149314, -48.03534518637703]
20, 2, 0.8792780941, [1.564435063551981, -48.100365083592735]
20, 3, 0.8757560098, [1.5643464995013927, -50.42198709057095]
20, 4, 0.8232563277, [1.0699429021981663, -48.876640968310355]
20, 5, 0.2862106626, [-2.556121699236833, -46.8126608320453]
20, 6, 0.241330151, [-0.32997930376264817, -48.61351497894055]
20, 7, 0.2285774811, [-0.18251391422603636, -50.60463087300563]
20, 8, 0.1308613853, [-1.3086120167959696, -58.03130757062223]
20, 9, 0, [3.344705621721775, -44.73648457989666]
21, 0, 0.8796964093, [1.566512300664343, -47.92737373516552]
21, 1, 0.8792780941, [1.564435063551981, -48.100365083592735]
21, 2, 0.8786971805, [1.5665565826896373, -48.41781958206603]
21, 3, 0.8777823333, [1.565473682108162, -49.22866613847399]
21, 4, 0.7401423662, [0.8066275670064094, -49.174680412868234]
21, 5, 0.7395339291, [2.527549369900062, -48.100365083592735]
21, 6, 0.5403731775, [0.40552744708685884, -43.58620690188386]
21, 7, 0.2939163235, [-0.007623834492735071, -47.68396984271342]
21, 8, 0.2820757925, [-6.34476746995887, -48.45599307734369]
21, 9, 0, [3.405363142735491, -48.984201653579944]
22, 0, 0.8796964093, [1.566512300664343, -47.92737373516552]
22, 1, 0.8795809943, [1.566512300664343, -47.57377262700006]
22, 2, 0.8793611612, [1.565473682108162, -48.013869409379126]
22, 3, 0.8756971289, [1.5665344416769902, -50.94017445616711]
22, 4, 0.8752173802, [1.5655584825111164, -51.427830141832544]
22, 5, 0.8285695143, [1.046886008050227, -43.46785302430645]
22, 6, 0.2977334892, [-3.2362420236625056, -46.31087850726338]
22, 7, 0.2793412739, [-3.835128278424835, -48.02508913654694]
22, 8, 0.2692242416, [-2.5314161787255625, -48.51553498344745]
22, 9, 0, [4.990860665841443, -48.02308084256353]
23, 0, 0.8797311445, [1.5669200837506048, -47.474909391580205]
23, 1, 0.8796964093, [1.566512300664343, -47.92737373516552]
23, 2, 0.8760894053, [1.5665233711706668, -49.85100049307752]
23, 3, 0.8757373074, [1.566512300664343, -44.74420138411894]
23, 4, 0.875224318, [1.5658814651944237, -45.306492249233614]
23, 5, 0.8742484206, [1.565473682108162, -45.57994352706692]
23, 6, 0.2740692754, [-0.8789113024292174, -45.63523493819807]
23, 7, 0.2641369628, [-3.07452552475565, -49.32159848186007]
23, 8, 0.2511843463, [-0.23461715837076103, -47.97001684691589]
23, 9, 0, [6.199816628016447, -50.94017445616711]
24, 0, 0.8797311445, [1.5669200837506048, -47.474909391580205]
24, 1, 0.8761179499, [1.566512300664343, -50.394340041244384]
24, 2, 0.8734754347, [1.5665311238298232, -53.1063116672503]
24, 3, 0.8077475694, [0.9630373038859218, -46.72187619571597]
24, 4, 0.7642124529, [2.4448752144863617, -51.39956306626446]
24, 5, 0.707763555, [2.602625161627023, -46.689180805576385]
24, 6, 0.5466013093, [2.852874880815122, -53.32476972022633]
24, 7, 0.2718824681, [-1.998578058089929, -47.474909391580205]
24, 8, 0, [4.285349840833737, -45.813813706763945]
24, 9, 0, [3.240009621028166, -48.139391637029554]
25, 0, 0.8797311445, [1.5669200837506048, -47.474909391580205]
25, 1, 0.8761949695, [1.74567338704201, -48.79705829378916]
25, 2, 0.8753969983, [1.566725603790214, -51.54444288216808]
25, 3, 0.3093790918, [-0.9563473987981965, -38.827246854794865]
25, 4, 0.2988059744, [-5.0536579663209515, -46.42989567548035]
25, 5, 0.2749773595, [-1.7965277632580796, -46.72995234045544]
25, 6, 0.2586180525, [0.0825182831828899, -53.1063116672503]
25, 7, 0.2285962459, [-6.224395355846253, -53.30314544855679]
25, 8, 0, [3.6283839996451945, -46.9670534617314]
25, 9, 0, [5.147929327108552, -56.00823222254003]
26, 0, 0.8797311445, [1.5669200837506048, -47.474909391580205]
26, 1, 0.8776513968, [1.5668228437704093, -49.50967613687414]
26, 2, 0.8762639584, [1.6562967353963074, -52.18514442735081]
26, 3, 0.8730025403, [1.3927598161605204, -49.84836363476862]
26, 4, 0.7773013515, [1.579921640513014, -33.046241451669616]
26, 5, 0.5354116112, [0.39466299412190675, -43.812152574292014]
26, 6, 0.2877161183, [-1.3754896436825383, -44.23840653630192]
26, 7, 0.2640042959, [-2.988966500983162, -49.36564073046268]
26, 8, 0, [6.854885095975364, -49.63896957906415]
26, 9, 0, [3.3145322861434305, -48.15854891844148]
27, 0, 0.8797311445, [1.5669200837506048, -47.474909391580205]
27, 1, 0.8776513968, [1.5668228437704093, -49.50967613687414]
27, 2, 0.8758681183, [1.524528275778414, -50.936343528738156]
27, 3, 0.7925412233, [0.929258902544302, -48.986197084638135]
27, 4, 0.4646247683, [0.4572524957773394, -52.61853664681531]
27, 5, 0.3649741238, [3.0820938439895453, -49.50967613687414]
27, 6, 0.2684889663, [-3.0329363105743514, -48.96244512015472]
27, 7, 0.2400467565, [-0.2594759919779106, -48.944431072233144]
27, 8, 0.2359525386, [-0.128559623847756, -50.59037165881164]
27, 9, 0, [8.497187622320213, -49.75506049305146]
28, 0, 0.8797311445, [1.5669200837506048, -47.474909391580205]
28, 1, 0.8775455931, [1.566871463760507, -48.89081007379807]
28, 2, 0.877506586, [1.5457241797645094, -47.4108771603514]
28, 3, 0.7878009175, [2.3774031712143637, -49.20562646015918]
28, 4, 0.2756399781, [-2.7795665352018255, -48.21998879076581]
28, 5, 0.2292138496, [-2.951675651789217, -52.05093746226947]
28, 6, 0, [4.061376444188539, -49.20562646015918]
28, 7, 0, [5.613900640879113, -44.51649759275854]
28, 8, 0, [4.1048296953460595, -48.07159453732027]
28, 9, 0, [4.833524298697688, -47.2821167678222]
29, 0, 0.8797311445, [1.5669200837506048, -47.474909391580205]
29, 1, 0.878608288, [1.5850300825060684, -49.44171927766226]
29, 2, 0.875890983, [1.556297821762508, -46.595884280959595]
29, 3, 0.8071803703, [0.9044575572984963, -39.351028934769566]
29, 4, 0.6017460393, [0.5560155669278153, -47.474909391580205]
29, 5, 0.3106328624, [-5.121252780135487, -45.381724311566884]
29, 6, 0.2890270043, [-6.8976331662309445, -47.8599064315785]
29, 7, 0.2765267489, [-2.928694166145348, -48.07800401160859]
29, 8, 0.2585310147, [-0.6749114502991242, -46.91860618287028]
29, 9, 0.2495263497, [-0.6063232257256104, -47.847449091173004]
30, 0, 0.8797311445, [1.5669200837506048, -47.474909391580205]
30, 1, 0.8795095577, [1.5733420511350602, -47.477904215923886]
30, 2, 0.8790029092, [1.584287596581364, -49.17202476428212]
30, 3, 0.8688185411, [1.5669200837506048, -41.95322144915511]
30, 4, 0.7845896423, [2.185967723057142, -38.14891995686665]
30, 5, 0.4970632634, [2.900894422120496, -39.80209889847008]
30, 6, 0.4359559425, [2.996851705754446, -47.44342615317736]
30, 7, 0, [8.250440761878094, -55.563664164796435]
30, 8, 0, [4.651642082380517, -50.59890339275085]
30, 9, 0, [6.537301361946755, -47.64367475062185]
