0, 0, 0.8771515948, [0.1928758938935227, -54.034870479400546]
0, 1, 0.7902306837, [0.8652329118126117, -44.839341356899126]
0, 2, 0.7855288381, [0.8715421771424384, -42.32202948372274]
0, 3, 0.7368118651, [1.0626026142919174, -53.30367785553532]
0, 4, 0, [2.337993794602593, -59.249677343319995]
0, 5, 0, [2.6776492495740434, -39.69901537731266]
0, 6, 0, [3.222628486966959, -57.391835021117515]
0, 7, 0, [1.5767263688984465, -59.10608341685789]
0, 8, 0, [2.3745955322283314, -43.6517555819035]
0, 9, 0, [2.933006598372393, -59.80503720965817]
1, 0, 0.8771515948, [0.1928758938935227, -54.034870479400546]
1, 1, 0.8771515948, [0.1928758938935227, -54.034870479400546]
1, 2, 0.8682202273, [0.5322090355179806, -47.39435714396223]
1, 3, 0.867794826, [0.10315611584988231, -54.034870479400546]
1, 4, 0.8603508592, [0.6106606059651165, -45.586515484773905]
1, 5, 0.7476609992, [1.0329625084947636, -48.616025971927215]
1, 6, 0, [3.087998104295998, -48.91387373555631]
1, 7, 0, [6.2727845380332, -51.590599677471594]
1, 8, 0, [-4.744823873231391, -45.37970159200501]
1, 9, 0, [2.9584087494473494, -49.99240706732762]
2, 0, 0.8771515948, [0.1928758938935227, -54.034870479400546]
2, 1, 0.8771515948, [0.1928758938935227, -54.034870479400546]
2, 2, 0.8771515948, [0.1928758938935227, -54.034870479400546]
2, 3, 0.8517396122, [0.21382357068216507, -43.149678398523015]
2, 4, 0.316341024, [-0.17979198843997954, -53.19770688681402]
2, 5, 0, [-0.671837523325135, -56.83473309731554]
2, 6, 0, [-2.6605707190068983, -50.196248410599694]
2, 7, 0, [-1.6885304304302806, -54.034870479400546]
2, 8, 0, [2.640601330703668, -54.678867487697445]
2, 9, 0, [-0.6501905341248767, -55.641029434715804]
3, 0, 0.8771515948, [0.1928758938935227, -54.034870479400546]
3, 1, 0.8771515948, [0.1928758938935227, -54.034870479400546]
3, 2, 0.875116634, [0.1928758938935227, -47.08635643608599]
3, 3, 0.8664033079, [0.46458020349895823, -52.5409070251777]
3, 4, 0.7869201074, [0.21382357068216507, -37.626521081161314]
3, 5, 0.0594158128, [-0.4102756283597411, -56.294582288624376]
3, 6, 0, [-0.4727811764789571, -54.034870479400546]
3, 7, 0, [2.5424255390196655, -58.080211688840684]
3, 8, 0, [-0.5922931313813782, -54.034870479400546]
3, 9, 0, [-1.3688594360171815, -55.78930541351673]
4, 0, 0.8852229224, [0.1928758938935227, -50.973973777150306]
4, 1, 0.8816444956, [0.1928758938935227, -52.31271300494283]
4, 2, 0.8771515948, [0.1928758938935227, -54.034870479400546]
4, 3, 0.8764142286, [0.20334973228784387, -46.87432304233478]
4, 4, 0.8709708716, [0.1928758938935227, -56.304782093306144]
4, 5, 0.8697793125, [0.1928758938935227, -56.11321504634609]
4, 6, 0.8614088568, [0.1928758938935227, -60.679672986916756]
4, 7, 0.8431753285, [0.20334973228784387, -42.623746152385884]
4, 8, 0, [1.864559207543134, -55.66427211706303]
4, 9, 0, [-0.957032217618172, -59.42976200015329]
5, 0, 0.8852229224, [0.1928758938935227, -50.973973777150306]
5, 1, 0.8850523017, [0.1928758938935227, -50.456310004464285]
5, 2, 0.8845345685, [0.1928758938935227, -49.56840047267095]
5, 3, 0.877136976, [0.20334973228784387, -46.65623997673906]
5, 4, 0.8639127023, [0.25697802495390565, -59.38106224838849]
5, 5, 0.8523446579, [0.20334973228784387, -43.65173434063037]
5, 6, 0.664455297, [1.1551149284859241, -53.07839606505597]
5, 7, 0.4359990344, [1.3865704570120718, -50.607313658737624]
5, 8, 0, [2.6851856467425823, -57.67832422532845]
5, 9, 0, [4.7829778930914895, -53.17379174217169]
6, 0, 0.8852229224, [0.1928758938935227, -50.973973777150306]
6, 1, 0.8847620779, [0.1928758938935227, -50.715141890807296]
6, 2, 0.8702272571, [0.1928758938935227, -55.74398098659382]
6, 3, 0.864551639, [0.20334973228784387, -44.794858856013526]
6, 4, 0.7240736684, [-0.09446502505463358, -51.35689264559408]
6, 5, 0, [3.374531884550034, -49.89691040081063]
6, 6, 0, [-5.880632421814166, -48.81510687694468]
6, 7, 0, [-5.8791671495833295, -54.2470561204238]
6, 8, 0, [-0.5137997685043156, -46.65623997673906]
6, 9, 0, [-0.635103779909762, -53.1183360892032]
7, 0, 0.8852229224, [0.1928758938935227, -50.973973777150306]
7, 1, 0.8847620779, [0.1928758938935227, -50.715141890807296]
7, 2, 0.8735448177, [0.2716839458713284, -47.61838753974564]
7, 3, 0.7844982372, [0.8979129197111916, -47.88441631658192]
7, 4, 0.738020383, [-0.09139844053668236, -49.36377124472926]
7, 5, 0, [3.813808465422559, -48.68838501778171]
7, 6, 0, [2.554433541215669, -53.49676283113799]
7, 7, 0, [-2.3711613390948227, -60.308420025390895]
7, 8, 0, [1.527093591772529, -50.6138681126295]
7, 9, 0, [1.554106409903572, -50.50019065323256]
8, 0, 0.8852229224, [0.1928758938935227, -50.973973777150306]
8, 1, 0.8795523268, [0.23227991988242552, -49.29618065844797]
8, 2, 0.8714404856, [0.5453944068023572, -51.643475730239956]
8, 3, 0.8654989244, [0.58479843279126, -47.80895428677221]
8, 4, 0.4260667544, [1.4054318363954017, -49.42919504686611]
8, 5, 0, [-1.6795738936411961, -47.75140192816378]
8, 6, 0, [1.6305546436984046, -53.82672439262882]
8, 7, 0, [2.0424572676618795, -50.790476971736474]
8, 8, 0, [-0.586285070855467, -45.44332945254175]
8, 9, 0, [3.98199456766765, -49.299779103694604]
9, 0, 0.8852229224, [0.1928758938935227, -50.973973777150306]
9, 1, 0.8845136057, [0.218384935797215, -51.072965736612154]
9, 2, 0.8696749916, [0.3691351503479399, -46.00322657470279]
9, 3, 0.8018164887, [-0.017772757600625744, -49.78804095104581]
9, 4, 0.4652096712, [1.3440700407535382, -51.400792895182725]
9, 5, 0, [-0.9441982377972831, -45.502728895004175]
9, 6, 0, [-5.565389180385192, -50.973973777150306]
9, 7, 0, [-1.593488109516441, -51.838093715784055]
9, 8, 0, [-1.1304147951974164, -49.72621500850609]
9, 9, 0, [-2.7492850077291826, -51.643475730239956]
10, 0, 0.8852229224, [0.1928758938935227, -50.973973777150306]
10, 1, 0.8852229224, [0.1928758938935227, -50.973973777150306]
10, 2, 0.8845136057, [0.218384935797215, -51.072965736612154]
10, 3, 0.8845136057, [0.218384935797215, -51.072965736612154]
10, 4, 0.8634084817, [0.6213287956585042, -54.21130181708632]
10, 5, 0.8618693392, [0.3831763512836706, -57.01607463207946]
10, 6, 0.8603440573, [0.23242613673294568, -64.3333339054657]
10, 7, 0.7987191702, [0.8690033487469054, -52.97202247526566]
10, 8, 0, [3.745345668152175, -51.743157155684905]
10, 9, 0, [2.3725868175075, -51.18738333616652]
11, 0, 0.8852229224, [0.1928758938935227, -50.973973777150306]
11, 1, 0.8845364536, [0.1928758938935227, -49.917843825621446]
11, 2, 0.8497385298, [0.7064918748924573, -53.15589665542571]
11, 3, 0, [2.2328952056520563, -54.69183567816754]
11, 4, 0, [-2.216107773138439, -55.12317452637145]
11, 5, 0, [4.8324323198978245, -48.840050090959245]
11, 6, 0, [2.0221312616531137, -52.92941847686693]
11, 7, 0, [-1.097362474333662, -49.007591393730394]
11, 8, 0, [4.131300859869756, -50.47368671356073]
11, 9, 0, [-1.9492445725915837, -46.302836892836325]
12, 0, 0.8852229224, [0.1928758938935227, -50.973973777150306]
12, 1, 0.8750889159, [0.372673156739336, -48.937239811151834]
12, 2, 0.8692500849, [0.4242154791732401, -50.973973777150306]
12, 3, 0.8485623122, [0.7057832450526426, -49.42541687304133]
12, 4, 0.2715229939, [-0.17176407063265633, -56.867826572892774]
12, 5, 0, [-0.5844551231745422, -48.515164441150276]
12, 6, 0, [-2.1560264303561727, -47.810323661107205]
12, 7, 0, [1.609948221350462, -49.917843825621446]
12, 8, 0, [2.2315854405660818, -49.917843825621446]
12, 9, 0, [4.227212088002622, -56.64917035799556]
13, 0, 0.8852229224, [0.1928758938935227, -50.973973777150306]
13, 1, 0.8801166867, [0.1928758938935227, -48.62091530527857]
13, 2, 0.8765414342, [0.10045454305333983, -51.69789679897068]
13, 3, 0.8708548433, [0.10045454305333983, -52.902533192022304]
13, 4, 0.855073721, [0.10045454305333983, -56.00255252607483]
13, 5, 0, [-2.546382511494004, -49.955606794151066]
13, 6, 0, [3.6041187362930303, -55.819057721731184]
13, 7, 0, [-1.8361758782167137, -54.34240825394376]
13, 8, 0, [2.477167026367062, -48.271816690674676]
13, 9, 0, [1.9551253924811638, -48.937239811151834]
14, 0, 0.8852229224, [0.1928758938935227, -50.973973777150306]
14, 1, 0.8768880522, [0.1928758938935227, -54.06172852438229]
14, 2, 0.872250943, [0.10045454305333983, -52.15757329303169]
14, 3, 0.8686425241, [0.4325599436560875, -49.35951478363739]
14, 4, 0, [6.146159035439716, -53.34044320935518]
14, 5, 0, [2.8290931800041013, -49.955606794151066]
14, 6, 0, [2.3074013324402127, -59.33860518580451]
14, 7, 0, [-3.8314389491885263, -52.06615277808906]
14, 8, 0, [-5.115140446973203, -49.79744454121444]
14, 9, 0, [-0.5670537819813233, -51.99105775935318]
15, 0, 0.8852229224, [0.1928758938935227, -50.973973777150306]
15, 1, 0.8810204959, [0.2455782141989854, -50.91510032993025]
15, 2, 0.8791655971, [0.11294732834801889, -50.88045907686362]
15, 3, 0.8660507727, [0.1928758938935227, -58.16503522654656]
15, 4, 0.789927942, [-0.02993772906941644, -49.86814635010353]
15, 5, 0.7631342545, [-0.06724691916261788, -45.68065100292928]
15, 6, 0.7530727032, [-0.022505589908737272, -56.00361964594201]
15, 7, 0.1959709475, [-0.25735991382451484, -54.39596411755072]
15, 8, 0, [2.4173388335582837, -56.578531390906406]
15, 9, 0, [4.11022624200043, -52.89777043410256]
16, 0, 0.8852229224, [0.1928758938935227, -50.973973777150306]
16, 1, 0.8802022905, [0.17926277127350215, -53.065620784776826]
16, 2, 0.8764283901, [0.1928758938935227, -46.8067431204661]
16, 3, 0.8736361974, [0.17926277127350215, -54.978608357160454]
16, 4, 0.335889539, [-0.19725893331792613, -48.31698621251252]
16, 5, 0, [4.058375233633217, -48.84671748602756]
16, 6, 0, [-3.8849604072579242, -48.889473102348305]
16, 7, 0, [2.1346136376834046, -50.94453705354027]
16, 8, 0, [-1.975861170107653, -51.75909312250164]
16, 9, 0, [-3.0795545504465958, -50.46328245506454]
17, 0, 0.8852229224, [0.1928758938935227, -50.973973777150306]
17, 1, 0.8828887691, [0.18606933258351244, -52.049274064508445]
17, 2, 0.174719177, [-0.30115630162834284, -53.84284554033631]
17, 3, 0, [8.148848342849412, -55.78540928612728]
17, 4, 0, [7.3921565638803415, -57.23003178156332]
17, 5, 0, [-0.4790637002675786, -49.943988516769245]
17, 6, 0, [1.6685328884199078, -50.973973777150306]
17, 7, 0, [6.1136063061937405, -53.06600820118587]
17, 8, 0, [-2.1314038063669685, -56.45197907408402]
17, 9, 0, [-0.5711002905630342, -53.065620784776826]
18, 0, 0.8852229224, [0.1928758938935227, -50.973973777150306]
18, 1, 0.8807385965, [0.18606933258351244, -53.16149777743765]
18, 2, 0.8768422584, [0.28632960492380577, -52.70709406464164]
18, 3, 0.7983140523, [0.8768051421999821, -51.967676591393605]
18, 4, 0.4146896726, [1.4379916882010644, -51.230918747832895]
18, 5, 0, [2.342427132632647, -50.412137936472]
18, 6, 0, [-1.0096922543177094, -52.49363349765485]
18, 7, 0, [1.5000253819264926, -57.4541731126514]
18, 8, 0, [3.4215063647399653, -52.858322065918095]
18, 9, 0, [2.562700394013835, -51.49734555981519]
19, 0, 0.8852229224, [0.1928758938935227, -50.973973777150306]
19, 1, 0.8846662826, [0.19231629186805876, -51.35510439958475]
19, 2, 0.876383467, [0.2361994687536591, -54.225205939820185]
19, 3, 0.8603230839, [0.44771507982176634, -57.248512331792625]
19, 4, 0.850285449, [0.6723507552864979, -59.6887422563632]
19, 5, 0.7976620793, [0.8621606465624351, -59.46704837171221]
19, 6, 0, [1.609925483825611, -44.01921892370772]
19, 7, 0, [4.298620796603707, -53.419381383500856]
19, 8, 0, [-0.7469159641360239, -55.60781266449485]
19, 9, 0, [-1.5172212940604308, -50.73014309685615]
20, 0, 0.885649387, [0.1928987771678234, -51.10679348288936]
20, 1, 0.8852229224, [0.1928758938935227, -50.973973777150306]
20, 2, 0.8843649062, [0.19233917514235946, -51.452253820908254]
20, 3, 0.8788598349, [0.19231629186805876, -53.74902757335893]
20, 4, 0.1834109749, [-0.30289040500391085, -52.06346123069674]
20, 5, 0, [-3.928151906870167, -50.13970131483328]
20, 6, 0, [-1.5553472214281134, -53.791451135392016]
20, 7, 0, [1.9879779590517304, -45.59309980819601]
20, 8, 0, [5.0009678956343055, -52.599589858485245]
20, 9, 0, [-1.61242416799254, -55.685679437813]
21, 0, 0.885649387, [0.1928987771678234, -51.10679348288936]
21, 1, 0.8845830748, [0.19288733553067305, -51.47684375131459]
21, 2, 0.8843649062, [0.19233917514235946, -51.452253820908254]
21, 3, 0.8815027622, [0.19259609288079071, -52.36150067525462]
21, 4, 0.6648384161, [1.1554534814904405, -51.452253820908254]
21, 5, 0, [2.0316938955765265, -52.043225822828504]
21, 6, 0, [-7.718046608970613, -51.518717503923526]
21, 7, 0, [2.478737460601858, -52.972072887981405]
21, 8, 0, [-0.9673501421405125, -46.71904143866449]
21, 9, 0, [-0.5661942985585174, -52.427910528124144]
22, 0, 0.885649387, [0.1928987771678234, -51.10679348288936]
22, 1, 0.8847171381, [0.1928987771678234, -50.7531923747239]
22, 2, 0.8846350464, [0.19289305634924822, -51.291818617101974]
22, 3, 0.8770196407, [0.19261897615509144, -54.04710144945014]
22, 4, 0.8750713272, [0.1926208062361949, -54.552607554239195]
22, 5, 0.1918321355, [-0.3267275154462928, -46.64727277203029]
22, 6, 0, [-3.9056408267566782, -51.52108261373872]
22, 7, 0, [-5.208749042405192, -51.175622275719824]
22, 8, 0, [-4.609915634206575, -49.48224113061325]
22, 9, 0, [3.6182800400825292, -51.30103005028638]
23, 0, 0.885649387, [0.1928987771678234, -51.10679348288936]
23, 1, 0.8850557617, [0.1929010232792958, -50.6764905081611]
23, 2, 0.8834448604, [0.19289305634924822, -48.85789273478977]
23, 3, 0.8811116769, [0.1927588766614574, -52.99417386358096]
23, 4, 0.8801166867, [0.19289530246072065, -48.60660282581352]
23, 5, 0.8785776719, [0.1928987771678234, -47.92362113184278]
23, 6, 0, [-4.448290019264859, -52.46477185236351]
23, 7, 0, [-1.6082306818672807, -51.14943659463973]
23, 8, 0, [4.8259011624945485, -54.04710144945014]
23, 9, 0, [4.533096137632636, -54.77986239659762]
24, 0, 0.885649387, [0.1928987771678234, -51.10679348288936]
24, 1, 0.8820806178, [0.19289863557854242, -52.18235880841541]
24, 2, 0.8806822963, [0.1929010232792958, -53.14345681423997]
24, 3, 0.7328846875, [1.071261763671452, -54.2178347387129]
24, 4, 0.5513815079, [1.2286038550442417, -50.32106489688554]
24, 5, 0.0710118365, [-0.41026080187563835, -49.709657043758476]
24, 6, 0, [-3.3725993646727104, -51.10679348288936]
24, 7, 0, [2.9113285342509556, -49.4456977980731]
24, 8, 0, [1.4788535742323408, -56.95665381153549]
24, 9, 0, [1.8667115152666058, -51.12717248507206]
25, 0, 0.885649387, [0.1928987771678234, -51.10679348288936]
25, 1, 0.8799860754, [0.1928999002235596, -53.37895750131749]
25, 2, 0.714489877, [1.1127749636433846, -54.36097961094221]
25, 3, 0, [-1.589245822196822, -44.39116817194791]
25, 4, 0, [2.995485576246569, -52.53097477888445]
25, 5, 0, [-7.598025456396781, -53.340290595546456]
25, 6, 0, [3.774299226558025, -56.045377369529696]
25, 7, 0, [-1.2911118173676375, -53.14345681423997]
25, 8, 0, [-1.6883033034725492, -54.22591088345237]
25, 9, 0, [-6.427483669887606, -48.26441029462976]
26, 0, 0.885649387, [0.1928987771678234, -51.10679348288936]
26, 1, 0.8709708716, [0.19289933869569148, -56.29203607676955]
26, 2, 0.8694934915, [0.2270114024719394, -45.92651133578659]
26, 3, 0.8674928334, [0.3893977526778804, -53.54758160291985]
26, 4, 0.8631996308, [0.652836870405604, -52.733886546915784]
26, 5, 0, [5.391487699274748, -53.745861228482894]
26, 6, 0, [2.311170222660791, -51.857766886592714]
26, 7, 0, [-3.902952474347967, -52.58985114050432]
26, 8, 0, [6.847393849527369, -49.04810920373598]
26, 9, 0, [-2.4683255987910764, -49.31131679864261]
27, 0, 0.885649387, [0.1928987771678234, -51.10679348288936]
27, 1, 0.8757239194, [0.30820457757490993, -49.65663596703166]
27, 2, 0.8709708716, [0.19289933869569148, -56.29203607676955]
27, 3, 0.0295575462, [-0.47239441720927255, -47.67282258451061]
27, 4, 0, [1.7081703389148277, -56.29203607676955]
27, 5, 0, [-1.5025320296765057, -55.79749367441392]
27, 6, 0, [-0.9167199100514102, -57.82565866241759]
27, 7, 0, [-4.406843946932837, -52.97426341745851]
27, 8, 0, [7.12337778746979, -56.917354638941504]
27, 9, 0, [5.482591281040366, -49.73704646935322]
28, 0, 0.885649387, [0.1928987771678234, -51.10679348288936]
28, 1, 0.8842789543, [0.19289905793175743, -51.90466548002167]
28, 2, 0.8796844131, [0.25055167737136663, -50.78023203453141]
28, 3, 0.7470178828, [1.0245780493816121, -53.69941477982945]
28, 4, 0, [2.7085513223557873, -53.69941477982945]
28, 5, 0, [4.239879334296331, -48.148381684067694]
28, 6, 0, [2.730808388763278, -51.703478628629426]
28, 7, 0, [3.480699176864936, -51.775905087492475]
28, 8, 0, [-4.267995438178358, -53.9403594230028]
28, 9, 0, [5.8394852743283945, -53.854953451693014]
29, 0, 0.885649387, [0.1928987771678234, -51.10679348288936]
29, 1, 0.8811098784, [0.22172536765156203, -49.7874894211614]
29, 2, 0.4323867998, [1.393265358392037, -50.476293147456666]
29, 3, 0.0263402374, [-0.46956374928428507, -42.98291302607872]
29, 4, 0, [1.4618535829655508, -51.40513605575939]
29, 5, 0, [3.6532068911972297, -52.99940624224865]
29, 6, 0, [-0.818005739654966, -51.10679348288936]
29, 7, 0, [-4.829456357539783, -51.41759339616489]
29, 8, 0, [-2.0375481901233, -53.13730863427783]
29, 9, 0, [-6.4663988762444315, -47.83336299504535]
30, 0, 0.885649387, [0.1928987771678234, -51.10679348288936]
30, 1, 0.884016206, [0.20312094373952294, -51.10880236231829]
30, 2, 0.8822928252, [0.22054351568236016, -49.305934363901265]
30, 3, 0.8691263828, [0.1928987771678234, -45.58510554046427]
30, 4, 0.7948034625, [0.8119464164743604, -41.7808040481758]
30, 5, 0, [6.881777751159451, -57.55249128220058]
30, 6, 0, [3.2829790716618734, -52.58773051015499]
30, 7, 0, [5.1777968462794925, -47.98845894920625]
30, 8, 0, [1.9138009030412098, -48.652504760185614]
30, 9, 0, [1.5268731155377149, -43.43398298977923]
