0, 0, 0.8578819633, [2.6776492495740434, -39.69901537731266]
0, 1, 0.8552699885, [2.3745955322283314, -43.6517555819035]
0, 2, 0.5361562622, [0.8715421771424384, -42.32202948372274]
0, 3, 0.5189032131, [3.222628486966959, -57.391835021117515]
0, 4, 0.4953041225, [0.8652329118126117, -44.839341356899126]
0, 5, 0.4671678635, [2.337993794602593, -59.249677343319995]
0, 6, 0.449320266, [2.933006598372393, -59.80503720965817]
0, 7, 0.3842248549, [1.5767263688984465, -59.10608341685789]
0, 8, 0.3714564549, [1.0626026142919174, -53.30367785553532]
0, 9, 0.2292339238, [0.1928758938935227, -54.034870479400546]
1, 0, 0.8578819633, [2.6776492495740434, -39.69901537731266]
1, 1, 0.828846711, [1.8530472838053769, -38.41858793372996]
1, 2, 0.8135665582, [2.550993437696395, -49.0358523061975]
1, 3, 0.784643747, [1.6230688546853849, -42.202799695213706]
1, 4, 0.5307844185, [3.1329087089233187, -57.391835021117515]
1, 5, 0.5189032131, [3.222628486966959, -57.391835021117515]
1, 6, 0.339434866, [-3.5024371953911313, -38.21177404096107]
1, 7, 0.2666413563, [-0.9857475782812366, -46.17610760327746]
1, 8, 0, [5.2365929510169735, -39.17578319471913]
1, 9, 0, [8.421379384754177, -41.85250913663442]
2, 0, 0.8578819633, [2.6776492495740434, -39.69901537731266]
2, 1, 0.8578819633, [2.6776492495740434, -39.69901537731266]
2, 2, 0.8389003216, [2.0340502210027576, -42.24919679629672]
2, 3, 0.8219842114, [1.8345828215556441, -41.30517433262792]
2, 4, 0.6087622873, [1.5799413556043327, -50.48755312738923]
2, 5, 0.6048839348, [0.624017754002125, -32.132522203863374]
2, 6, 0.4483923848, [0.38394194236590695, -39.05880165552131]
2, 7, 0.4437765135, [0.270297692901598, -37.048536257893296]
2, 8, 0.3476137361, [-0.18163639053356628, -36.60527240689712]
2, 9, 0.2860834561, [-0.40879184007743063, -43.849068440673385]
3, 0, 0.8578819633, [2.6776492495740434, -39.69901537731266]
3, 1, 0.8578819633, [2.6776492495740434, -39.69901537731266]
3, 2, 0.8444104664, [2.0744977273207796, -41.95872718653649]
3, 3, 0.8358557959, [1.8924802242991425, -39.69901537731266]
3, 4, 0.8123066594, [2.949353559179479, -38.20505192308982]
3, 5, 0.8089573061, [1.6901926649159207, -40.974106086804696]
3, 6, 0.7980171391, [1.8345828215556441, -35.78201701526622]
3, 7, 0.7837243949, [2.3558497352884005, -34.02559204349014]
3, 8, 0.6334164928, [1.1159139196633392, -41.453450311428846]
3, 9, 0.4992431122, [0.536124839314799, -38.583603904246836]
4, 0, 0.8733595856, [2.6776492495740434, -41.96892699121826]
4, 1, 0.8663313129, [2.5119256432501293, -40.34919694857539]
4, 2, 0.8583471686, [2.5119256432501293, -44.599773838524285]
4, 3, 0.8578819633, [2.6776492495740434, -39.69901537731266]
4, 4, 0.8515871491, [2.6776492495740434, -46.34381788482887]
4, 5, 0.8507429784, [2.1916369767416697, -39.313866693962936]
4, 6, 0.8423966642, [1.9988588254917716, -39.69901537731266]
4, 7, 0.81414995, [2.6776492495740434, -36.63811867506242]
4, 8, 0.7414449175, [1.5884854544884062, -44.72159050509806]
4, 9, 0.719113578, [1.5277411380623487, -45.09390689806541]
5, 0, 0.8733595856, [2.6776492495740434, -41.96892699121826]
5, 1, 0.8617369684, [2.5119256432501293, -39.75700365584244]
5, 2, 0.8556151145, [2.6776492495740434, -39.48093231171694]
5, 3, 0.8452854935, [2.5093322016127777, -37.9689588081996]
5, 4, 0.8118684696, [2.6776492495740434, -36.47642667560825]
5, 5, 0.7983567492, [2.7417513806344265, -49.89805675118383]
5, 6, 0.7340767401, [3.4741646778425306, -41.11488000868853]
5, 7, 0.6325789843, [3.7056202063686783, -38.643797602370185]
5, 8, 0.5103844691, [0.8767836087113752, -44.15637243802357]
5, 9, 0, [4.681353287953378, -41.243050264841386]
6, 0, 0.8733595856, [2.6776492495740434, -41.96892699121826]
6, 1, 0.8709320572, [2.594787446412086, -40.86296532353035]
6, 2, 0.864915397, [2.390308330625887, -42.351845859662035]
6, 3, 0.8476267979, [2.6776492495740434, -46.738934200661774]
6, 4, 0.8210306106, [1.7921827008206184, -37.9689588081996]
6, 5, 0.8105741401, [2.5093322016127777, -36.10757768747407]
6, 6, 0.7896185689, [1.7668077726088014, -43.26615952192625]
6, 7, 0.3305050501, [-3.4852545093114395, -39.968942899708935]
6, 8, 0.2843515097, [-3.394393793902809, -45.242009334491755]
6, 9, 0, [5.769909797052761, -41.050746423574886]
7, 0, 0.8733595856, [2.6776492495740434, -41.96892699121826]
7, 1, 0.8709320572, [2.594787446412086, -40.86296532353035]
7, 2, 0.8680104476, [2.452157567452054, -41.896458293372525]
7, 3, 0.8559068759, [2.310513111981881, -39.51159467745231]
7, 4, 0.7686393231, [3.3774493561945516, -44.353930595940014]
7, 5, 0.5882914691, [3.521967610737508, -34.343952255846]
7, 6, 0.2793012074, [-0.2610906999081779, -44.958214125089356]
7, 7, 0, [5.994282087003285, -42.9664557714086]
7, 8, 0, [4.868983296188513, -41.68651549049129]
7, 9, 0, [4.0066300282558895, -47.08338239198759]
8, 0, 0.8733595856, [2.6776492495740434, -41.96892699121826]
8, 1, 0.8710002835, [2.5649034085130484, -41.93269264229539]
8, 2, 0.8693824226, [2.494081180777962, -42.95454151770913]
8, 3, 0.8653328105, [2.3813353397169674, -40.761578844020846]
8, 4, 0.8187100645, [1.746338417775156, -38.07984143638917]
8, 5, 0.7668191151, [3.3541186103710063, -40.74026083433529]
8, 6, 0.3742713272, [0.11696301328451142, -40.70402648541241]
8, 7, 0, [4.073897097797947, -44.39811271602433]
8, 8, 0, [4.485799721761422, -41.361865295131985]
8, 9, 0, [5.889250440062277, -40.18728000049133]
9, 0, 0.8737907038, [2.690932652821322, -41.95333363071769]
9, 1, 0.8733595856, [2.6776492495740434, -41.96892699121826]
9, 2, 0.8569977367, [2.198957307227437, -40.94105045181437]
9, 3, 0.8352037708, [2.5858652151760024, -37.156236075471355]
9, 4, 0.7920571162, [3.280531176072729, -42.59727336268948]
9, 5, 0.7835865386, [1.5405751178832376, -36.49768210907213]
9, 6, 0.5098342941, [0.7421970452532396, -41.85806018086499]
9, 7, 0.3638334514, [0.27912373093421516, -43.969938888142956]
9, 8, 0.3131573134, [-3.080615824704671, -41.96892699121826]
9, 9, 0.2979691292, [-0.8005982337535777, -42.95454151770913]
10, 0, 0.8737907038, [2.690932652821322, -41.95333363071769]
10, 1, 0.8737907038, [2.690932652821322, -41.95333363071769]
10, 2, 0.8733595856, [2.6776492495740434, -41.96892699121826]
10, 3, 0.8733595856, [2.6776492495740434, -41.96892699121826]
10, 4, 0.8574760381, [2.722235652113074, -45.49620220587859]
10, 5, 0.854605262, [2.2435437097664677, -42.22080555499783]
10, 6, 0.849020437, [2.609218897942195, -46.68798091404363]
10, 7, 0.7692370939, [3.3670601076747046, -43.95138232883304]
10, 8, 0, [6.362677927333197, -40.17797363013674]
10, 9, 0, [4.589845764630995, -42.275303496703586]
11, 0, 0.8737907038, [2.690932652821322, -41.95333363071769]
11, 1, 0.8710480578, [2.690932652821322, -40.89720367918883]
11, 2, 0.8111768091, [3.2045486338202567, -44.13525650899309]
11, 3, 0.7705949189, [1.3812980620186517, -39.94525194781714]
11, 4, 0.5263615836, [0.5488121863362156, -37.2821967464037]
11, 5, 0.3713703032, [0.43891117895979814, -46.14788739059985]
11, 6, 0, [4.490764255277064, -46.02208907762083]
11, 7, 0, [7.330489078825623, -39.819409944526626]
11, 8, 0, [4.520188020580913, -43.90877833043431]
11, 9, 0, [6.6099613962220705, -41.41134726764748]
12, 0, 0.8737907038, [2.690932652821322, -41.95333363071769]
12, 1, 0.8544982377, [2.9222722381010393, -41.95333363071769]
12, 2, 0.8462693156, [2.4926975558931175, -46.60026496253592]
12, 3, 0.7939446591, [3.2412960251608367, -41.195406256777]
12, 4, 0.7689200393, [1.4003674968779913, -35.32655588778038]
12, 5, 0.6730559658, [3.5424879633630977, -38.94156282056551]
12, 6, 0.6174582313, [0.9514049881466788, -38.73985921203184]
12, 7, 0.4388780751, [0.34203032857162663, -38.789683514674586]
12, 8, 0, [4.108004980278261, -40.89720367918883]
12, 9, 0, [4.729642199493881, -40.89720367918883]
13, 0, 0.8737907038, [2.690932652821322, -41.95333363071769]
13, 1, 0.8578864842, [2.690932652821322, -39.60027515884595]
13, 2, 0.8515759648, [2.1613198674895155, -41.73996409330156]
13, 3, 0.8460522988, [2.1613198674895155, -38.63994475924903]
13, 4, 0.8368932386, [2.1613198674895155, -37.43530836619741]
13, 5, 0.4014690352, [0.22468944621946196, -40.07981982117049]
13, 6, 0.3225049256, [-0.02255459134925264, -41.95333363071769]
13, 7, 0, [6.127946656437782, -47.816784558297805]
13, 8, 0, [4.975223785294862, -39.25117654424206]
13, 9, 0, [4.504724473842867, -41.95333363071769]
14, 0, 0.8737907038, [2.690932652821322, -41.95333363071769]
14, 1, 0.8594031932, [2.690932652821322, -45.04108837794967]
14, 2, 0.8421871587, [2.9306167025838867, -40.33887463720477]
14, 3, 0.836631771, [2.1613198674895155, -37.89498486025842]
14, 4, 0.8157185992, [1.7124072597006643, -40.34944346975024]
14, 5, 0.7989508913, [3.2129035863371502, -41.01657672594409]
14, 6, 0.3325430958, [-1.5519779075065387, -38.27221062493404]
14, 7, 0.3196629742, [-2.6170836880454034, -40.77680439478182]
14, 8, 0, [6.5299694417727645, -44.401413141148204]
14, 9, 0, [4.5868623741222, -45.54466303264949]
15, 0, 0.8737907038, [2.690932652821322, -41.95333363071769]
15, 1, 0.8672741056, [2.7635407769570444, -41.87302879359315]
15, 2, 0.8420448949, [2.249523312612571, -38.22653206050059]
15, 3, 0.8397841017, [2.475551169019062, -46.98297949950939]
15, 4, 0.8325215068, [2.0221011278574728, -42.75434982794778]
15, 5, 0.8246985873, [2.9630152917088255, -39.040329031132224]
15, 6, 0.8185367973, [2.690932652821322, -49.14439508011394]
15, 7, 0.7321117998, [1.2211248291983756, -35.239262594231846]
15, 8, 0.4922723272, [0.3046709799914884, -33.088962474030225]
15, 9, 0, [4.9153955924860835, -47.55789124447379]
16, 0, 0.8737907038, [2.690932652821322, -41.95333363071769]
16, 1, 0.871983021, [2.506532044784808, -42.21762150842676]
16, 2, 0.8627882044, [2.506532044784808, -44.13060908081039]
16, 3, 0.8612340603, [2.827025635581198, -41.3236092832322]
16, 4, 0.8374503869, [2.690932652821322, -37.78610297403348]
16, 5, 0.4394527057, [0.516217946847827, -42.38539801858576]
16, 6, 0.3236370098, [-1.3769507464149955, -39.85811726096345]
16, 7, 0.3032908235, [-0.5814977915187964, -41.44264230863192]
16, 8, 0.2807240999, [-0.1288610217065611, -45.52551797548982]
16, 9, 0, [6.5564319925610155, -39.82607733959494]
17, 0, 0.8737907038, [2.690932652821322, -41.95333363071769]
17, 1, 0.8704496132, [2.5987323488030647, -42.1149543531171]
17, 2, 0.8598492912, [2.614978004851568, -45.325288292994415]
17, 3, 0.8455613588, [2.0189930586602207, -40.923348370336626]
17, 4, 0.8292324681, [2.1115067145912096, -43.90852582894497]
17, 5, 0.801070897, [1.7561689829482714, -42.21762150842676]
17, 6, 0.5347274227, [0.9091088126888036, -42.79677363824542]
17, 7, 0.3037020837, [-1.5137835672888205, -42.21762150842676]
17, 8, 0, [7.727712786179192, -42.38323097952218]
17, 9, 0, [4.166589647347707, -41.95333363071769]
18, 0, 0.8737907038, [2.690932652821322, -41.95333363071769]
18, 1, 0.8638500906, [2.5987323488030647, -43.22717806604631]
18, 2, 0.7955424951, [1.6056071021092686, -40.91697153480646]
18, 3, 0.7756399741, [1.5343827997578174, -41.91217721721844]
18, 4, 0.7139496198, [3.5412038035497133, -42.74173811202698]
18, 5, 0.6766596509, [3.6105564169013, -40.43245863955163]
18, 6, 0.5500650007, [0.7468011313831382, -39.55599502870355]
18, 7, 0.2799003002, [-2.7244761972417906, -45.44708486139976]
18, 8, 0, [4.886502186708174, -39.830681656035594]
18, 9, 0, [4.824252193903987, -45.17953768756139]
19, 0, 0.8737907038, [2.690932652821322, -41.95333363071769]
19, 1, 0.8714809696, [2.683352396870182, -42.17527456597493]
19, 2, 0.8332067507, [2.1021697254561666, -43.362984819206915]
19, 3, 0.8298504985, [2.3136853365242738, -46.386291211179355]
19, 4, 0.8087604635, [2.573405452829491, -49.32739678889166]
19, 5, 0.7898039187, [3.077993117580374, -49.595232857794656]
19, 6, 0.6784120871, [3.6412242908412535, -41.228599799236214]
19, 7, 0.6587248121, [3.3211702900926667, -33.87956734088717]
19, 8, 0.5845423647, [1.0201788445150246, -41.95333363071769]
19, 9, 0.5777204892, [0.9808354648673685, -41.709502950423534]
20, 0, 0.8737907038, [2.690932652821322, -41.95333363071769]
20, 1, 0.8736405411, [2.691242625030689, -42.07204843113777]
20, 2, 0.8712952742, [2.6836623690795487, -42.25831908197947]
20, 3, 0.8616422866, [2.683352396870182, -44.569197739749114]
20, 4, 0.841730076, [2.1916560269610503, -42.963226240675525]
20, 5, 0.5176722309, [0.9391992105368476, -44.6912161453708]
20, 6, 0.3606715086, [0.3111602966896312, -44.95022946205997]
20, 7, 0.3117176887, [-1.4371158018680439, -40.959871481223466]
20, 8, 0.2086054662, [-0.3996087071912995, -52.0097263768602]
20, 9, 0, [4.169991466866884, -35.65166917467307]
21, 0, 0.8740407668, [2.6910876389260054, -42.449151152222484]
21, 1, 0.8737907038, [2.690932652821322, -41.95333363071769]
21, 2, 0.8712952742, [2.6836623690795487, -42.25831908197947]
21, 3, 0.8665394733, [2.6872975109504353, -43.320623085443444]
21, 4, 0.8154395108, [1.9283406917692933, -43.2612656852334]
21, 5, 0.7954384667, [1.5273512759291321, -37.678163848853316]
21, 6, 0.6895615987, [3.64677667542763, -42.25831908197947]
21, 7, 0.6234959453, [1.114089290270149, -41.77055511507858]
21, 8, 0.3180720984, [-5.221590027419549, -42.51763733590665]
21, 9, 0, [4.529894198971859, -43.0155332237364]
22, 0, 0.8740407668, [2.6910876389260054, -42.449151152222484]
22, 1, 0.8726245512, [2.6910876389260054, -42.09555004405703]
22, 2, 0.8722856471, [2.6910101458736637, -42.20124239147009]
22, 3, 0.8595356003, [2.687375004002777, -45.121312914652314]
22, 4, 0.8589664077, [2.6876069646740026, -45.445447681168986]
22, 5, 0.8377740004, [2.1714613463118893, -37.98963044136342]
22, 6, 0.3162676662, [-2.1114420320802303, -40.75831651668734]
22, 7, 0.3045014499, [-1.4144140986210858, -42.296340063211325]
22, 8, 0.3033302598, [-2.7106566464486073, -42.48717213345434]
22, 9, 0, [6.116397129606945, -42.21045382465449]
23, 0, 0.8740407668, [2.6910876389260054, -42.449151152222484]
23, 1, 0.8737907038, [2.691118064298111, -41.92147214663869]
23, 2, 0.8652759802, [2.6892313214643915, -44.20245843084861]
23, 3, 0.860308559, [2.6910101458736637, -39.76731650915789]
23, 4, 0.8572678236, [2.6910405712457695, -39.4186505693261]
23, 5, 0.856477214, [2.6910876389260054, -39.265978801175905]
23, 6, 0.5376007675, [0.8899581798909013, -42.49179426397286]
23, 7, 0.4089933401, [0.2466251613362842, -39.82260792028903]
23, 8, 0.2924978172, [-1.9518175744619253, -43.67305641963116]
23, 9, 0, [7.320657190342234, -45.121312914652314]
24, 0, 0.8740407668, [2.6910876389260054, -42.449151152222484]
24, 1, 0.8612587521, [2.691118064298111, -44.38843845271756]
24, 2, 0.8517973745, [2.0879280598825436, -41.0520147130916]
24, 3, 0.8433855337, [2.690552604672055, -47.22247110891834]
24, 4, 0.7157954636, [3.570794508668637, -45.15836298163459]
24, 5, 0.6733794728, [3.7267927168024237, -41.663422566218664]
24, 6, 0.3011943578, [-0.8744105029145284, -42.449151152222484]
24, 7, 0, [5.409517396009138, -40.788055467406224]
24, 8, 0, [3.9770424359905228, -48.299011480868614]
24, 9, 0, [4.364900377024788, -42.469530154405184]
25, 0, 0.8740407668, [2.6910876389260054, -42.449151152222484]
25, 1, 0.8610216424, [2.3895078494042745, -43.00441528540986]
25, 2, 0.8188260632, [3.1715148150227765, -46.53447663071149]
25, 3, 0.5005900027, [0.4694940291825702, -36.56466519171718]
25, 4, 0.4895911108, [0.6039152192356103, -41.0520147130916]
25, 5, 0.3448763491, [-4.230875720706891, -37.88986807872214]
25, 6, 0.3289573061, [-5.702998419793532, -41.24884849439809]
25, 7, 0.2658160358, [-0.06901246247194637, -47.23054725365781]
25, 8, 0, [5.054225427625961, -44.70447179865373]
25, 9, 0, [5.669326263161272, -43.95393526838133]
26, 0, 0.8740407668, [2.6910876389260054, -42.449151152222484]
26, 1, 0.858284812, [2.517071652957934, -44.44705900485067]
26, 2, 0.846059674, [2.9313012269743908, -44.49181389146699]
26, 3, 0.8422306988, [2.54029774416514, -46.7759438034823]
26, 4, 0.7826781897, [1.4295009392934224, -39.78454023856352]
26, 5, 0.7360324394, [2.7025347707183545, -32.42249756112654]
26, 6, 0.3190664227, [-0.34065169851102284, -40.21079420057343]
26, 7, 0.2850385649, [-1.6244881177791806, -44.34777848505553]
26, 8, 0, [7.738886104744196, -44.229768955195645]
26, 9, 0, [4.438844122940845, -42.75724428852354]
27, 0, 0.8740407668, [2.6910876389260054, -42.449151152222484]
27, 1, 0.858284812, [2.517071652957934, -44.44705900485067]
27, 2, 0.8551708195, [2.7357994855697654, -45.55346834515309]
27, 3, 0.8442000993, [2.128844925921044, -42.62665269701737]
27, 4, 0.6602491195, [1.494460677958802, -47.57434896112471]
27, 5, 0.5493553356, [0.9401100313988313, -42.58488668461238]
27, 6, 0.4946095184, [0.9086485583337067, -45.546183973121046]
27, 7, 0.2919524764, [-2.113254681576284, -43.93224185255624]
27, 8, 0, [4.0323426531770705, -44.44705900485067]
27, 9, 0, [9.242950505330406, -44.68799833278723]
28, 0, 0.8740407668, [2.6910876389260054, -42.449151152222484]
28, 1, 0.8680912218, [2.7134435622478854, -42.206560448880005]
28, 2, 0.8678114256, [2.6040796459419697, -43.84662238810748]
28, 3, 0.7100187599, [3.54512255369774, -44.00130974868779]
28, 4, 0.3025199811, [-1.6176897459257544, -42.527337477276575]
28, 5, 0.2595464042, [-1.9144674696077546, -47.00674977657887]
28, 6, 0, [5.229095826671916, -44.00130974868779]
28, 7, 0, [6.738068196054513, -39.49073935340082]
28, 8, 0, [5.22899725052146, -43.04583629796255]
28, 9, 0, [6.001243681181064, -42.07780005635081]
29, 0, 0.8740407668, [2.6910876389260054, -42.449151152222484]
29, 1, 0.8724432588, [2.6587616040949276, -41.4716320823786]
29, 2, 0.863286081, [2.7280522547318045, -44.082514501238784]
29, 3, 0.793695511, [1.680183122103216, -42.449151152222484]
29, 4, 0.7895379638, [2.0286251124738968, -34.325270695411845]
29, 5, 0.4453988752, [0.5366989465001255, -42.48824431474953]
29, 6, 0.4387028112, [0.46811072192661163, -41.5594014064468]
29, 7, 0.3808073214, [0.3994880463200654, -44.82145129549504]
29, 8, 0.3332042357, [-4.029362639801066, -39.51750565626256]
29, 9, 0.3192298053, [-5.754610994005208, -42.50070165515503]
30, 0, 0.8740407668, [2.6910876389260054, -42.449151152222484]
30, 1, 0.8723225099, [2.702550739733305, -42.45063960208614]
30, 2, 0.8696876649, [2.65743627954976, -40.878246750320834]
30, 3, 0.8454831661, [2.9616932878618614, -41.24704217431957]
30, 4, 0.8212235533, [2.6910876389260054, -36.927463209797395]
30, 5, 0.6892104998, [3.676619986925216, -42.900221115922996]
30, 6, 0, [9.349390300260225, -49.065741447475745]
30, 7, 0, [5.750591620762647, -44.10098067543016]
30, 8, 0, [7.616074016958457, -39.672081180858164]
30, 9, 0, [4.4118462922234265, -39.883032154721114]
