0, 0, 0.898641576, [0.8652329118126117, -44.839341356899126]
0, 1, 0.8962868247, [1.5767263688984465, -59.10608341685789]
0, 2, 0.8925356672, [0.8715421771424384, -42.32202948372274]
0, 3, 0.8914614156, [1.0626026142919174, -53.30367785553532]
0, 4, 0.7915267719, [2.337993794602593, -59.249677343319995]
0, 5, 0.7722002387, [2.3745955322283314, -43.6517555819035]
0, 6, 0.6379980045, [2.6776492495740434, -39.69901537731266]
0, 7, 0.6002858356, [0.1928758938935227, -54.034870479400546]
0, 8, 0.4949372033, [2.933006598372393, -59.80503720965817]
0, 9, 0, [3.222628486966959, -57.391835021117515]
1, 0, 0.9069272585, [1.4678258686939611, -48.250429659994595]
1, 1, 0.9064278633, [1.2241342730204425, -49.929963612690905]
1, 2, 0.9039868976, [1.0455239661643139, -45.220919172841285]
1, 3, 0.898641576, [0.8652329118126117, -44.839341356899126]
1, 4, 0.8962868247, [1.5767263688984465, -59.10608341685789]
1, 5, 0.8957084073, [1.4870065908548062, -59.10608341685789]
1, 6, 0.3293432895, [-4.309960513032195, -45.01410528007239]
1, 7, 0.3168070023, [-2.068915147283671, -45.390684957074555]
1, 8, 0, [3.4241766132555425, -44.316109174305595]
1, 9, 0, [6.608963046992745, -46.99283511622088]
2, 0, 0.9069272585, [1.4678258686939611, -48.250429659994595]
2, 1, 0.9069272585, [1.4678258686939611, -48.250429659994595]
2, 2, 0.8942058032, [0.8161279234973029, -42.21085355961726]
2, 3, 0.888211339, [0.6228316665825429, -47.55144149530672]
2, 4, 0.8785376384, [0.6247594406755618, -49.85658861530985]
2, 5, 0.8775910401, [0.49385537992255923, -45.03474395002388]
2, 6, 0.7928554066, [0.28265191724381733, -47.42048777950107]
2, 7, 0.6684738342, [0.2222949293982508, -52.85579370205209]
2, 8, 0.29951222, [-1.7664382662835125, -46.21730901533624]
2, 9, 0.2408753864, [-0.5354262534666014, -49.09019663634275]
3, 0, 0.9069272585, [1.4678258686939611, -48.250429659994595]
3, 1, 0.9069272585, [1.4678258686939611, -48.250429659994595]
3, 2, 0.8945001607, [1.7395301782993966, -46.75646620577175]
3, 3, 0.8924193497, [0.8646743464406974, -50.510141469218425]
3, 4, 0.8892985241, [0.6228316665825429, -42.02828417794502]
3, 5, 0.8891638907, [0.6826568434190603, -48.250429659994595]
3, 6, 0.8752059152, [0.47631982572315223, -45.23064160980593]
3, 7, 0.8559221421, [1.141976896095632, -38.282127566491376]
3, 8, 0.3085070551, [-0.09390946121674304, -50.00486459411078]
3, 9, 0.2550992446, [-0.6736985415652832, -47.13501818692877]
4, 0, 0.9114857609, [1.1811809224409697, -48.91025947556951]
4, 1, 0.9090251595, [1.2488897901504339, -47.462957353299416]
4, 2, 0.9086757658, [1.1811809224409697, -44.659682585620615]
4, 3, 0.9069272585, [1.4678258686939611, -48.250429659994595]
4, 4, 0.9052278254, [1.5205940997558693, -49.11700590098786]
4, 5, 0.9028341508, [1.4678258686939611, -45.189532957744355]
4, 6, 0.9027096904, [1.4678258686939611, -50.52034127390019]
4, 7, 0.8985084118, [1.4678258686939611, -54.895232167510805]
4, 8, 0.8958423645, [0.7890354446116894, -48.250429659994595]
4, 9, 0.7465814276, [0.31791775718226645, -53.645321180747345]
5, 0, 0.9114857609, [1.1811809224409697, -48.91025947556951]
5, 1, 0.9059964977, [1.4678258686939611, -48.032346594398874]
5, 2, 0.9050119887, [1.247117020766481, -44.919706421592885]
5, 3, 0.9017495573, [1.4678258686939611, -45.027840958290184]
5, 4, 0.9014802746, [1.2150353562957017, -43.34383823175261]
5, 5, 0.8944536187, [1.4149896421588024, -54.755317001438954]
5, 6, 0.8298920075, [2.2111288247428353, -48.228640413412556]
5, 7, 0.7655412175, [2.442584353268983, -45.75755800709421]
5, 8, 0.2398928409, [-0.44997812976424867, -49.01363268827869]
5, 9, 0, [3.958362852159068, -46.95570373729206]
6, 0, 0.9114857609, [1.1811809224409697, -48.91025947556951]
6, 1, 0.9062006433, [1.3245033955674654, -48.47130303498419]
6, 2, 0.8995752985, [1.1811809224409697, -53.680266685013024]
6, 3, 0.8970806288, [0.8938400034928135, -49.293178344013285]
6, 4, 0.8940380804, [0.7506763679018017, -45.027840958290184]
6, 5, 0.8919423582, [1.4678258686939611, -43.16645983756465]
6, 6, 0.8554700649, [0.4965237217641808, -50.87449723338009]
6, 7, 0.3154851571, [-4.754241839337384, -46.969050216929844]
6, 8, 0.2576913581, [-4.890862121035882, -52.183341818843004]
6, 9, 0, [4.500922467026816, -48.050853740795795]
7, 0, 0.9114857609, [1.1811809224409697, -48.91025947556951]
7, 1, 0.9062006433, [1.3245033955674654, -48.47130303498419]
7, 2, 0.9041571422, [1.0394997779520307, -46.70302144009357]
7, 3, 0.9039614642, [1.0402290611372604, -47.11993238890615]
7, 4, 0.8940926437, [1.7373105695873998, -49.1017189097914]
7, 5, 0.7867529815, [2.3664912416487374, -51.83117070583898]
7, 6, 0.7576291402, [2.418686555781948, -41.492800908295415]
7, 7, 0.624977866, [2.7449731997364495, -45.9388548995041]
7, 8, 0.1458987631, [-1.4440895021761997, -58.34433870518108]
7, 9, 0, [4.581624297503262, -47.773018918129644]
8, 0, 0.9114857609, [1.1811809224409697, -48.91025947556951]
8, 1, 0.9103507316, [1.1103403501965001, -47.80664045783154]
8, 2, 0.9056983944, [1.110704991789115, -50.22937661561167]
8, 3, 0.9049858283, [1.0398644195446456, -46.96902927310829]
8, 4, 0.8686472933, [1.9707424213821594, -48.01509593223783]
8, 5, 0.8107020003, [0.29177535945860766, -43.953789251925315]
8, 6, 0.6541556603, [2.6905209088090993, -51.67294781392687]
8, 7, 0.2791398508, [-1.2245079068878104, -46.91147691449986]
8, 8, 0, [3.1024235327725744, -48.63670039303452]
8, 9, 0, [4.618966389217656, -47.79561771194517]
9, 0, 0.9122885167, [1.1862807211816526, -48.77377720745318]
9, 1, 0.9114857609, [1.1811809224409697, -48.91025947556951]
9, 2, 0.9058438244, [1.1459429571150423, -44.26431986659826]
9, 3, 0.8952665569, [0.7590350491664767, -48.04913424294127]
9, 4, 0.8727609826, [1.8889713825772865, -49.75121955297626]
9, 5, 0.6035838078, [0.04410679075016399, -43.43901459342338]
9, 6, 0.2963583296, [-4.577084151837745, -48.91025947556951]
9, 7, 0.2646605925, [-2.1839744227424247, -50.22937661561167]
9, 8, 0.2591256278, [-2.9108651085472053, -51.28935095622613]
9, 9, 0.2436998431, [-0.6202265093273447, -48.59920294435998]
10, 0, 0.9122885167, [1.1862807211816526, -48.77377720745318]
10, 1, 0.9122885167, [1.1862807211816526, -48.77377720745318]
10, 2, 0.9114857609, [1.1811809224409697, -48.91025947556951]
10, 3, 0.9114857609, [1.1811809224409697, -48.91025947556951]
10, 4, 0.898557955, [1.342459686814106, -52.21433783317592]
10, 5, 0.8955650296, [1.1492250973971125, -54.256628428217596]
10, 6, 0.888686168, [1.18446306272304, -61.150088148665716]
10, 7, 0.87834002, [1.8624081760350353, -50.771825905568534]
10, 8, 0, [4.652464739184429, -49.322393618836394]
10, 9, 0, [3.141739902063439, -49.26249838021472]
11, 0, 0.9124412184, [1.1862807211816526, -47.71764725592432]
11, 1, 0.9122885167, [1.1862807211816526, -48.77377720745318]
11, 2, 0.8958648991, [1.6998967021805873, -50.95570008572858]
11, 3, 0.6075857563, [2.7822578501416544, -48.77377720745318]
11, 4, 0.4353954332, [3.0155360889412437, -50.7292219071698]
11, 5, 0.3961926892, [3.061634619162489, -52.725038590518764]
11, 6, 0.3237127598, [-0.11926206736771983, -46.826139978360516]
11, 7, 0.2960383358, [-0.9558397453034537, -44.1026403231392]
11, 8, 0.2123497322, [-1.1150944234954783, -52.95314485293595]
11, 9, 0, [5.825837147185954, -46.63985352126212]
12, 0, 0.9124412184, [1.1862807211816526, -47.71764725592432]
12, 1, 0.9044805353, [1.41762030646137, -47.71764725592432]
12, 2, 0.8821538848, [0.9447028924678613, -54.1977641231004]
12, 3, 0.8752595887, [1.9134630375472197, -47.71592375858082]
12, 4, 0.6961404661, [2.603353048638592, -48.77377720745318]
12, 5, 0.2992019121, [-1.1626216030680427, -44.55399713988122]
12, 6, 0.267715941, [-0.3943646343281695, -46.121610905726044]
12, 7, 0, [3.7427184053068108, -49.671368458297444]
12, 8, 0, [3.2249902678542117, -48.77377720745318]
12, 9, 0, [9.348639847095104, -48.77377720745318]
13, 0, 0.9124412184, [1.1862807211816526, -47.71764725592432]
13, 1, 0.9097565729, [1.1862807211816526, -45.364588784052586]
13, 2, 0.8640580694, [2.010486677549981, -48.24571223168875]
13, 3, 0.8635787293, [2.010486677549981, -47.04107583863713]
13, 4, 0.8624726075, [2.010486677549981, -51.345731565741275]
13, 5, 0.5451444663, [0.0738562562799272, -49.685587293610205]
13, 6, 0.4549214781, [3.0000725422031977, -47.71764725592432]
13, 7, 0.2784765727, [-1.527206522988922, -47.71764725592432]
13, 8, 0, [4.623294724798113, -53.58109818350444]
13, 9, 0, [3.470571853655192, -45.01549016944869]
14, 0, 0.9124412184, [1.1862807211816526, -47.71764725592432]
14, 1, 0.9068262071, [1.1862807211816526, -50.8054020031563]
14, 2, 0.9037550622, [1.4259647709442174, -46.1031882624114]
14, 3, 0.8989360575, [0.8846646989110621, -47.4321658220476]
14, 4, 0.8639930601, [2.010486677549981, -46.29611593964651]
14, 5, 0.7773683416, [2.385161025547548, -48.70161727476726]
14, 6, 0.4185230672, [3.03596097372401, -46.20283231134486]
14, 7, 0.3153369169, [-4.121735619685072, -46.54111801998845]
14, 8, 0.2932059047, [-2.3797204682961413, -48.10957903730929]
14, 9, 0, [5.702226880983162, -52.08645368997137]
15, 0, 0.9124412184, [1.1862807211816526, -47.71764725592432]
15, 1, 0.9084082629, [1.258888845317375, -47.63734241879978]
15, 2, 0.9005570188, [1.4583633600691561, -44.80464265633886]
15, 3, 0.8998083893, [1.1862807211816526, -54.90870870532057]
15, 4, 0.8986855332, [0.8588697625035098, -45.877279353998496]
15, 5, 0.8897662102, [0.9708992373793927, -52.74729312471602]
15, 6, 0.8779106534, [0.6314475777484113, -50.405097121445685]
15, 7, 0.855135917, [1.9603128363175362, -41.82286379813023]
15, 8, 0.3192336839, [-0.28352710244129375, -41.00357621943848]
15, 9, 0, [3.4107436608464137, -53.32220486968042]
16, 0, 0.9124412184, [1.1862807211816526, -47.71764725592432]
16, 1, 0.9038084165, [1.3586261026932656, -48.38883361894921]
16, 2, 0.9030628474, [1.1862807211816526, -43.550416599240116]
16, 3, 0.9000728133, [1.3586261026932656, -50.301821191332834]
16, 4, 0.8743519307, [0.8632493923239065, -55.344519092674474]
16, 5, 0.3253425966, [-2.881602678054665, -45.62243088617008]
16, 6, 0.3004360435, [-2.086149723158466, -47.20695593383855]
16, 7, 0.2567477348, [-0.9600941737197008, -48.463657359650874]
16, 8, 0.2391882755, [-1.6335129533462305, -51.28983160069645]
16, 9, 0, [5.051780060921346, -45.59039096480157]
17, 0, 0.9124412184, [1.1862807211816526, -47.71764725592432]
17, 1, 0.9065813847, [1.272453411937459, -48.08271722098164]
17, 2, 0.9045570596, [1.589662842827675, -51.1273829436315]
17, 3, 0.8900927621, [0.7852277777256038, -49.87628869680951]
17, 4, 0.8813196735, [0.6082630408567292, -48.38883361894921]
17, 5, 0.878456221, [0.5143411270205513, -46.68766199554326]
17, 6, 0.665157917, [2.6619377157080377, -47.71764725592432]
17, 7, 0.2909992305, [-2.6616895093803628, -48.38883361894921]
17, 8, 0.2199520199, [-0.9520404749472049, -51.7751919082564]
17, 9, 0, [8.952312306966249, -51.1195048730974]
18, 0, 0.9124412184, [1.1862807211816526, -47.71764725592432]
18, 1, 0.9045902566, [1.272453411937459, -49.19494093391085]
18, 2, 0.8225921115, [2.241347810614157, -47.79108561539139]
18, 3, 0.7862644387, [2.3654067541049644, -48.6266668712778]
18, 4, 0.7503641523, [0.2363984958221257, -48.27559851064621]
18, 5, 0.7277823331, [2.524375767555011, -47.26436190430609]
18, 6, 0.6668211865, [0.16517419347067452, -49.2708041930582]
18, 7, 0.2628925991, [-3.90027324668654, -51.33201362065058]
18, 8, 0.2579404081, [-0.6224074749040047, -46.914622004543304]
18, 9, 0, [3.517293580421031, -47.18930863187535]
19, 0, 0.9124412184, [1.1862807211816526, -47.71764725592432]
19, 1, 0.9122835238, [1.179196025975028, -47.97503499609792]
19, 2, 0.8976653893, [1.2388731532181412, -55.53138402849374]
19, 3, 0.8878543816, [1.756900611275808, -49.783923293431656]
19, 4, 0.8844633816, [1.7522097414592839, -55.598442530575554]
19, 5, 0.8658919949, [1.9684162223439152, -52.807229685404096]
19, 6, 0.8347133599, [1.986637990481317, -40.08355458048925]
19, 7, 0.2548147057, [-0.5238164667723009, -47.47381657563017]
19, 8, 0.252324341, [-0.48447308712464476, -47.71764725592432]
19, 9, 0.227059447, [-1.8138751458035753, -52.44006440103644]
20, 0, 0.9125409212, [1.179485733689391, -48.06122025467235]
20, 1, 0.9124412184, [1.1865704288960155, -47.839502798914296]
20, 2, 0.9124412184, [1.1862807211816526, -47.71764725592432]
20, 3, 0.9083787126, [1.179196025975028, -50.3689581698721]
20, 4, 0.8870609956, [0.6872518756936388, -48.74526326834033]
20, 5, 0.4654306565, [2.9860172149280366, -44.618025591919796]
20, 6, 0.3118578334, [-2.9412721727631976, -46.75963191134645]
20, 7, 0.240815775, [-0.6644228387971765, -49.07511977093669]
20, 8, 0.2287816562, [-0.5652049407305639, -50.47325317303561]
20, 9, 0.1410785704, [-1.6396028287998485, -59.00803034516851]
21, 0, 0.9125409212, [1.179485733689391, -48.06122025467235]
21, 1, 0.9124412184, [1.1862807211816526, -47.71764725592432]
21, 2, 0.9123809245, [1.1830280812927032, -48.38682164808808]
21, 3, 0.9106086102, [1.1828832274355219, -49.1042304843932]
21, 4, 0.8480234201, [0.42053904675575104, -49.215089212272225]
21, 5, 0.8410628097, [2.1493950275297338, -47.71764725592432]
21, 6, 0.5818995753, [0.02293699241421865, -43.46177124780307]
21, 7, 0.4320860866, [3.0218346413385566, -48.953203719601994]
21, 8, 0.3115454457, [-6.726128201120592, -48.29238303362732]
21, 9, 0.2530767234, [-0.3937123547433934, -47.72437864211741]
22, 0, 0.9126214447, [1.179485733689391, -47.70761914650689]
22, 1, 0.9125409212, [1.179485733689391, -48.06122025467235]
22, 2, 0.9121567966, [1.1828832274355219, -47.889433755298334]
22, 3, 0.9064704947, [1.181256907491047, -50.991598748931544]
22, 4, 0.9056378964, [1.1831606236335697, -51.258723409655445]
22, 5, 0.8898248498, [0.6598594410752747, -43.60169954381328]
22, 6, 0.399839567, [3.0598044667748523, -41.831077099628985]
22, 7, 0.3141622327, [-3.623075994842364, -46.40005394867391]
22, 8, 0.2987375185, [-4.2222039948356205, -48.12609239305223]
22, 9, 0.2933640986, [-2.91499382955833, -48.45169378646796]
23, 0, 0.9126214447, [1.179485733689391, -47.70761914650689]
23, 1, 0.9121567966, [1.1808196598715364, -47.90200833623041]
23, 2, 0.909279983, [1.1828832274355219, -45.45550787298613]
23, 3, 0.909163118, [1.179485733689391, -44.524446795460314]
23, 4, 0.9081318427, [1.1842171536176673, -45.12170791213074]
23, 5, 0.906850934, [1.1803713205902189, -50.12043645329589]
23, 6, 0.2926892559, [-1.2615017571018576, -45.510799284117276]
23, 7, 0.2811891743, [-3.460677575336098, -49.59103444207844]
23, 8, 0.2515408697, [-0.6216437253457132, -47.750262258257266]
23, 9, 0, [5.814539093830504, -50.991598748931544]
24, 0, 0.9126214447, [1.179485733689391, -47.70761914650689]
24, 1, 0.9123182043, [1.1843283407394891, -48.36654000193221]
24, 2, 0.9079125994, [1.1808196598715364, -50.368974642309276]
24, 3, 0.8773841962, [0.5767689480963433, -49.1084775362938]
24, 4, 0.8562579138, [2.0606199343383658, -51.02991862210265]
24, 5, 0.8281562487, [2.215190811565809, -46.92189056050307]
24, 6, 0.7493888164, [2.4654405307539085, -53.557479475153016]
24, 7, 0.556938943, [2.8537412652385874, -50.52599297760738]
24, 8, 0.2978912655, [-2.386012408151143, -47.70761914650689]
24, 9, 0, [3.8979154907725233, -46.04652346169063]
25, 0, 0.9126214447, [1.179485733689391, -47.70761914650689]
25, 1, 0.9074089799, [1.1801526967804636, -50.29212924716091]
25, 2, 0.8992612552, [1.358822034116614, -50.10671384154142]
25, 3, 0.3515598941, [-1.3431987517235926, -40.13690240254712]
25, 4, 0.3336608729, [-5.440230873330702, -45.17758204047318]
25, 5, 0.2873962149, [-6.61010681980454, -50.56580842361576]
25, 6, 0.2770598637, [-2.182796119047658, -49.11655368103327]
25, 7, 0.2286905145, [-0.3031931807753969, -50.368974642309276]
25, 8, 0, [3.241532646719798, -48.27670900948366]
25, 9, 0, [4.762217863150266, -53.270895197599]
26, 0, 0.9126214447, [1.179485733689391, -47.70761914650689]
26, 1, 0.9068164086, [1.2691538839030025, -48.90716649402415]
26, 2, 0.9014244906, [1.1798192152349274, -53.049034781500026]
26, 3, 0.8995397059, [1.006047686192947, -49.87703459114117]
26, 4, 0.8287599819, [1.1924842864617726, -34.994632670318026]
26, 5, 0.5018052765, [2.9278201561758577, -48.18721987481403]
26, 6, 0.3903945863, [-0.08152302747156448, -45.21451582485402]
26, 7, 0.3083029536, [-1.8516756652760096, -45.64076978686393]
26, 8, 0.2911968761, [-3.286635460850569, -48.76313108761269]
26, 9, 0, [6.378407575813984, -50.50285993321337]
27, 0, 0.9126214447, [1.179485733689391, -47.70761914650689]
27, 1, 0.9068164086, [1.2691538839030025, -48.90716649402415]
27, 2, 0.8996181424, [1.0929334507139372, -51.38262418399904]
27, 3, 0.8630590107, [0.4973029674330053, -49.534497139176096]
27, 4, 0.6038460906, [2.7844248841221386, -48.90716649402415]
27, 5, 0.5377129282, [0.114700840813029, -52.433636702853654]
27, 6, 0.2882449204, [-3.525684153057502, -49.09443091020226]
27, 7, 0.237152949, [-0.6914319270892073, -49.492731126771105]
27, 8, 0.227674669, [-0.4711112788120664, -50.40547171484999]
27, 9, 0, [8.09420517003087, -49.05182688532233]
28, 0, 0.9126214447, [1.179485733689391, -47.70761914650689]
28, 1, 0.9126049325, [1.1362095922016642, -47.75037236544518]
28, 2, 0.9113135692, [1.2243198087961966, -48.70591012983642]
28, 3, 0.8666807949, [1.9678885836515188, -49.545121665252964]
28, 4, 0.2921747409, [-3.189261677788081, -48.610493695498135]
28, 5, 0.2540604328, [-3.2942273067535277, -51.86603751830781]
28, 6, 0, [3.651861856625694, -49.545121665252964]
28, 7, 0, [5.226466290817899, -44.74920734768523]
28, 8, 0, [3.717395345284846, -48.30430429224696]
28, 9, 0, [4.424009711134843, -47.621611972915986]
29, 0, 0.9126214447, [1.179485733689391, -47.70761914650689]
29, 1, 0.9108482187, [1.1802647004989304, -46.67318191152566]
29, 2, 0.9076264046, [1.1864653361823336, -49.75332660749177]
29, 3, 0.8673185107, [0.5170232072372825, -39.583738689696254]
29, 4, 0.6933701938, [0.16858121686660144, -47.70761914650689]
29, 5, 0.3412034927, [-5.507859543397064, -44.71905548540961]
29, 6, 0.3158873821, [-7.296197912554679, -48.171513761408015]
29, 7, 0.2981973853, [-3.3047272874089257, -48.155301642174656]
29, 8, 0.2720756901, [-1.073476196622859, -47.23021351269979]
29, 9, 0.2600472102, [-1.004887972049345, -48.15905642100252]
30, 0, 0.9126214447, [1.179485733689391, -47.70761914650689]
30, 1, 0.9121567966, [1.179761962280678, -47.70919426458783]
30, 2, 0.910189048, [1.1802327638930972, -46.098419907581864]
30, 3, 0.899963711, [1.179485733689391, -42.1859312040818]
30, 4, 0.8343583356, [1.7985333729959279, -38.38162971179334]
30, 5, 0.704431657, [2.5134600720592823, -40.034808653396766]
30, 6, 0.6912492844, [2.609417355693232, -47.67613590810405]
30, 7, 0.5194924206, [2.9015377749261457, -45.16012347711949]
30, 8, 0, [7.854340895843919, -54.29575035919147]
30, 9, 0, [4.255542216346341, -49.330989587145886]
