0, 0, 0.8086250852, [2.6776492495740434, -39.69901537731266]
0, 1, 0.7882059167, [2.3745955322283314, -43.6517555819035]
0, 2, 0.5409321415, [3.222628486966959, -57.391835021117515]
0, 3, 0.5333151397, [0.8715421771424384, -42.32202948372274]
0, 4, 0.5066240637, [2.337993794602593, -59.249677343319995]
0, 5, 0.502770393, [0.8652329118126117, -44.839341356899126]
0, 6, 0.460344249, [2.933006598372393, -59.80503720965817]
0, 7, 0.4209432667, [1.5767263688984465, -59.10608341685789]
0, 8, 0.4130056229, [1.0626026142919174, -53.30367785553532]
0, 9, 0.2325554403, [0.1928758938935227, -54.034870479400546]
1, 0, 0.8086250852, [2.6776492495740434, -39.69901537731266]
1, 1, 0.783650592, [2.5894277252003675, -45.6237559269404]
1, 2, 0.7489659856, [1.6230688546853849, -42.202799695213706]
1, 3, 0.5591324205, [3.1329087089233187, -57.391835021117515]
1, 4, 0.5409321415, [3.222628486966959, -57.391835021117515]
1, 5, 0.4865444522, [3.7265365926086553, -56.57075507489489]
1, 6, 0.2851696027, [-2.766056753996141, -45.416942034171505]
1, 7, 0.2360264507, [0.18979557663102353, -53.71101037197485]
1, 8, 0, [5.2365929510169735, -39.17578319471913]
1, 9, 0, [8.421379384754177, -41.85250913663442]
2, 0, 0.8086250852, [2.6776492495740434, -39.69901537731266]
2, 1, 0.8086250852, [2.6776492495740434, -39.69901537731266]
2, 2, 0.806637459, [2.3717434328750553, -37.23325782809035]
2, 3, 0.7722575528, [1.8345828215556441, -41.30517433262792]
2, 4, 0.7049346406, [2.087297074915229, -30.471353685876092]
2, 5, 0.6302598392, [1.2117827694089196, -43.937638223323454]
2, 6, 0.5873445009, [0.9575102120035515, -40.01609221156257]
2, 7, 0.5446471024, [1.1159790640988276, -47.07102682189734]
2, 8, 0.4970399706, [0.7521321630634021, -42.661385652126526]
2, 9, 0.3106599414, [-0.8727541315829357, -40.43254213518149]
3, 0, 0.8086250852, [2.6776492495740434, -39.69901537731266]
3, 1, 0.8086250852, [2.6776492495740434, -39.69901537731266]
3, 2, 0.7879017706, [2.0744977273207796, -41.95872718653649]
3, 3, 0.7863118638, [1.8590392708520698, -38.46613660270151]
3, 4, 0.785324563, [1.8924802242991425, -39.69901537731266]
3, 5, 0.7801310963, [1.8345828215556441, -35.78201701526622]
3, 6, 0.7576624021, [2.949353559179479, -38.20505192308982]
3, 7, 0.7195627242, [2.5246963412245496, -31.517622559386957]
3, 8, 0.6116747837, [1.1159139196633392, -41.453450311428846]
3, 9, 0.487427155, [0.536124839314799, -38.583603904246836]
4, 0, 0.8086250852, [2.6776492495740434, -39.69901537731266]
4, 1, 0.8058440356, [2.1916369767416697, -39.313866693962936]
4, 2, 0.8000318557, [2.6776492495740434, -41.96892699121826]
4, 3, 0.7925832703, [1.9988588254917716, -39.69901537731266]
4, 4, 0.7882576843, [2.6776492495740434, -36.63811867506242]
4, 5, 0.7870408562, [1.9834889758099612, -41.09617867568681]
4, 6, 0.7761626979, [2.6776492495740434, -46.34381788482887]
4, 7, 0.7570533721, [1.9834889758099612, -45.3467555656357]
4, 8, 0.7204157467, [1.5884854544884062, -44.72159050509806]
4, 9, 0.7059889681, [1.5277411380623487, -45.09390689806541]
5, 0, 0.8086250852, [2.6776492495740434, -39.69901537731266]
5, 1, 0.8057133265, [2.4346431131578568, -37.92391510488319]
5, 2, 0.8012651222, [2.1899515605880713, -36.83527773164013]
5, 3, 0.7937335094, [1.9988588254917716, -39.48093231171694]
5, 4, 0.793286566, [1.9988588254917716, -36.47642667560825]
5, 5, 0.7830716335, [2.7417513806344265, -43.91025133934781]
5, 6, 0.7354811953, [3.153876011334071, -40.079549754076076]
5, 7, 0.6210098294, [3.3853315398602186, -37.60846734775773]
5, 8, 0.5797215213, [0.8767836087113752, -38.168567026187546]
5, 9, 0, [4.474113312505422, -42.92701142461824]
6, 0, 0.8163392899, [2.55614618136595, -38.81146524109793]
6, 1, 0.8123746424, [2.390308330625887, -40.081934245756436]
6, 2, 0.8086250852, [2.6776492495740434, -39.69901537731266]
6, 3, 0.8005743933, [1.9988588254917716, -37.61955119099141]
6, 4, 0.7846333601, [2.6776492495740434, -44.469022586756175]
6, 5, 0.7667071167, [1.728166507562665, -41.21465943949383]
6, 6, 0.7006735222, [1.2817093246996123, -39.48093231171694]
6, 7, 0.3319529076, [-3.7404911973719424, -39.5899738445148]
6, 8, 0.3102638645, [-3.394393793902809, -42.972097720586156]
6, 9, 0, [5.514673108992258, -40.67177736838075]
7, 0, 0.8164702667, [2.5554956297876306, -40.58679867781563]
7, 1, 0.8163392899, [2.55614618136595, -38.81146524109793]
7, 2, 0.8123746424, [2.390308330625887, -40.081934245756436]
7, 3, 0.8044128673, [2.106033996195682, -38.7305635996784]
7, 4, 0.7547208999, [2.9773026100493687, -38.21550821604467]
7, 5, 0.587230807, [3.6064832821107062, -40.944960012092245]
7, 6, 0.3319915487, [-0.009151714523140342, -41.693638849270386]
7, 7, 0, [6.097620149338861, -41.6567961558517]
7, 8, 0, [4.629102246839196, -40.29373961924778]
7, 9, 0, [4.303703227551406, -39.575382062773144]
8, 0, 0.819520504, [2.4729019802067587, -40.33436646178603]
8, 1, 0.8164702667, [2.5554956297876306, -40.58679867781563]
8, 2, 0.8072127566, [2.2481711634107846, -39.46380128132585]
8, 3, 0.798173154, [2.3307648129916565, -41.87296182212086]
8, 4, 0.7765049531, [1.6543369894688662, -36.481515255879806]
8, 5, 0.7132592096, [3.190802242584701, -39.65868113874701]
8, 6, 0.3554394754, [-0.016201163021671405, -39.40624892271742]
8, 7, 0, [3.9934996553816724, -42.6812985181068]
8, 8, 0, [4.405402279345147, -39.645051097214456]
8, 9, 0, [5.767690249646109, -38.77101442038816]
9, 0, 0.819520504, [2.4729019802067587, -40.33436646178603]
9, 1, 0.8189385334, [2.489164013583094, -40.36047649189897]
9, 2, 0.7928260758, [1.973628663860206, -38.37840006890662]
9, 3, 0.7761964712, [2.3605365718087716, -34.59358569256361]
9, 4, 0.7618976471, [3.0375997888346085, -39.14823651691971]
9, 5, 0.7252761944, [1.335827848515953, -34.8631215796399]
9, 6, 0.4892501339, [0.5939567732069955, -40.66838155172336]
9, 7, 0.3585288091, [0.13088345888797104, -42.780260259001324]
9, 8, 0.3302165035, [-3.285363094071956, -40.33436646178603]
9, 9, 0.3203026651, [-1.046508251120755, -39.46380128132585]
10, 0, 0.819520504, [2.4729019802067587, -40.33436646178603]
10, 1, 0.819520504, [2.4729019802067587, -40.33436646178603]
10, 2, 0.8189385334, [2.489164013583094, -40.36047649189897]
10, 3, 0.8189385334, [2.489164013583094, -40.36047649189897]
10, 4, 0.784500166, [2.401648780593597, -44.706355737099415]
10, 5, 0.7809639786, [2.021646741025168, -41.955936425746295]
10, 6, 0.7801199348, [2.537182090748056, -46.18553296021551]
10, 7, 0.742558942, [3.1490294350601413, -42.33241515990139]
10, 8, 0, [6.191951217360881, -39.150548336780986]
10, 9, 0, [4.359364734704653, -39.74130148935287]
11, 0, 0.819520504, [2.4729019802067587, -40.33436646178603]
11, 1, 0.8179879063, [2.4729019802067587, -39.27823651025717]
11, 2, 0.7720019386, [2.9865179612056934, -42.516289340061434]
11, 3, 0.6732752721, [1.1780401077158955, -38.331543113691666]
11, 4, 0.4664551385, [0.3307815137216523, -35.66322957747205]
11, 5, 0.3479101615, [0.2050913269422021, -44.65199102772544]
11, 6, 0, [4.154388204354555, -45.355313414898895]
11, 7, 0, [7.1124584062110605, -38.20044277559497]
11, 8, 0, [4.30215734796635, -42.289811161502655]
11, 9, 0, [6.406703441919314, -39.797638433522]
12, 0, 0.819520504, [2.4729019802067587, -40.33436646178603]
12, 1, 0.8090474589, [2.704241565486476, -40.33436646178603]
12, 2, 0.7784377371, [2.2769029812458803, -44.97975625907806]
12, 3, 0.7681228854, [3.0298411623123735, -39.57896415499747]
12, 4, 0.6810665171, [1.182336824263428, -33.70758871884873]
12, 5, 0.6412329334, [3.3244572907485344, -37.322595651633854]
12, 6, 0.556964352, [0.7251774069864085, -37.11815877544613]
12, 7, 0.412095534, [0.1239996559570633, -37.17071634574293]
12, 8, 0, [3.8899743076636977, -39.27823651025717]
12, 9, 0, [4.511611526879317, -39.27823651025717]
13, 0, 0.819520504, [2.4729019802067587, -40.33436646178603]
13, 1, 0.8094049411, [2.4729019802067587, -37.9813079899143]
13, 2, 0.7987690924, [1.943289194874952, -37.020977590317386]
13, 3, 0.7890974828, [1.943289194874952, -40.12099692436991]
13, 4, 0.7866340299, [1.943289194874952, -35.816341197265764]
13, 5, 0.3727930632, [0.006658773604898416, -38.46085265223884]
13, 6, 0.3185025131, [-0.24058526396381597, -40.33436646178603]
13, 7, 0, [5.909915983823218, -46.19781738936615]
13, 8, 0, [4.757193112680298, -37.6322093753104]
13, 9, 0, [4.286693801228304, -40.33436646178603]
14, 0, 0.819520504, [2.4729019802067587, -40.33436646178603]
14, 1, 0.8009932766, [2.7125860299693234, -38.719907468273114]
14, 2, 0.7929190972, [2.4729019802067587, -43.422121209018016]
14, 3, 0.7907186737, [1.943289194874952, -39.3760370253793]
14, 4, 0.7722719364, [2.9948729137225865, -39.39760955701244]
14, 5, 0.7441085975, [1.4943765870861005, -40.280485967844854]
14, 6, 0.5453426537, [3.6456728618990484, -39.05115245714211]
14, 7, 0.3483223412, [-1.7700085801211025, -36.653243456002386]
14, 8, 0.3336417306, [-2.8351143606599667, -39.157837225850166]
14, 9, 0, [6.311938769158202, -42.78244597221655]
15, 0, 0.819520504, [2.4729019802067587, -40.33436646178603]
15, 1, 0.8177604875, [2.5131115152175423, -40.18077839107422]
15, 2, 0.8024693613, [2.4729019802067587, -42.050292369358196]
15, 3, 0.7971382235, [2.0695033340424853, -40.5326388186945]
15, 4, 0.7871145736, [2.592744005088041, -45.17432104080983]
15, 5, 0.7851508525, [1.9116506151167252, -40.50868142896765]
15, 6, 0.7340858022, [1.6842284303616268, -45.03649919641484]
15, 7, 0.72794213, [2.794481028387, -34.218959472694706]
15, 8, 0.5326616915, [0.5753929444592341, -33.49113565416186]
15, 9, 0, [4.817206944752802, -43.58781720516968]
16, 0, 0.819520504, [2.4729019802067587, -40.33436646178603]
16, 1, 0.7943926083, [2.4729019802067587, -36.16713580510183]
16, 2, 0.7935305332, [2.4930067477121503, -43.2833764615961]
16, 3, 0.7850242278, [2.4930067477121503, -45.19636403397973]
16, 4, 0.7471946265, [1.6311315035268357, -42.38575214066607]
16, 5, 0.3829472456, [0.1536578187710016, -40.36022130925256]
16, 6, 0.3334677436, [-1.6111807135920282, -38.20250847523816]
16, 7, 0.3145328913, [-0.7995284641333598, -39.82367513970026]
16, 8, 0.2864014519, [-0.34689169432112443, -43.906550806558165]
16, 9, 0, [6.338401319946453, -38.207110170663285]
17, 0, 0.819520504, [2.4729019802067587, -40.33436646178603]
17, 1, 0.8090625577, [2.4729019802067587, -38.28022791698881]
17, 2, 0.7920002725, [1.9856763459949034, -40.073799392816674]
17, 3, 0.7808281169, [1.8009623860456574, -39.30438120140497]
17, 4, 0.7804327551, [1.7225389183702222, -36.16713580510183]
17, 5, 0.7774994945, [2.5992703056770092, -47.273428783183725]
17, 6, 0.3494500975, [-1.5474136318668696, -36.16713580510183]
17, 7, 0.3272905722, [0.2069776128591898, -46.67117592513822]
17, 8, 0, [8.04093515050341, -40.30606247571976]
17, 9, 0, [3.9485589747331438, -40.33436646178603]
18, 0, 0.819520504, [2.4729019802067587, -40.33436646178603]
18, 1, 0.8187397538, [2.4729019802067587, -39.392451629918014]
18, 2, 0.7287850148, [1.3875764294947057, -39.298004365874796]
18, 3, 0.7069577949, [3.1636377898232286, -38.19863044387396]
18, 4, 0.7066973951, [1.3163521271432546, -40.29321004828678]
18, 5, 0.6315108376, [3.392525744286737, -38.81349147061997]
18, 6, 0.4942069383, [0.5287704587685753, -37.93702785977189]
18, 7, 0.4795798383, [3.7248243358243105, -37.46187260031326]
18, 8, 0.3255149432, [-3.1020422109682757, -40.90397719324674]
18, 9, 0, [4.668471514093611, -38.21171448710393]
19, 0, 0.8197222314, [2.4729019802067587, -40.49847555777901]
19, 1, 0.819520504, [2.4729019802067587, -40.33436646178603]
19, 2, 0.7854309215, [1.9302392048507322, -40.63613801667694]
19, 3, 0.7795451255, [2.1417548159188393, -43.65944440864938]
19, 4, 0.7612960481, [2.9597430049352083, -45.702674582402096]
19, 5, 0.7307302016, [2.099729115582156, -31.84581972455124]
19, 6, 0.6429763443, [1.35196427831898, -47.29364917255573]
19, 7, 0.5403444057, [0.8021481719004613, -40.33436646178603]
19, 8, 0.534990498, [0.7628047922528052, -40.09053578149188]
19, 9, 0.2767107929, [-0.827581543500238, -44.619188559556775]
20, 0, 0.8197222314, [2.4729019802067587, -40.49847555777901]
20, 1, 0.8192452608, [2.4729019802067587, -40.412286822880105]
20, 2, 0.8164735096, [2.4729019802067587, -40.61206620328863]
20, 3, 0.7966308971, [2.4729019802067587, -42.728289635560216]
20, 4, 0.784235423, [1.977415482322057, -41.31534315211174]
20, 5, 0.5840096262, [1.0559943611554994, -41.996131260529374]
20, 6, 0.4851211499, [0.7249586658978544, -43.043333056807015]
20, 7, 0.4667343709, [0.90349342998572, -48.15775277137001]
20, 8, 0.3275850846, [-1.647566218531467, -39.11896337703457]
20, 9, 0, [3.975010870256885, -33.56081673693874]
21, 0, 0.8197222314, [2.4729019802067587, -40.49847555777901]
21, 1, 0.8164735096, [2.4729019802067587, -40.61206620328863]
21, 2, 0.8156730251, [2.4729019802067587, -40.89184131162432]
21, 3, 0.8055946425, [2.4729019802067587, -41.57028822922016]
21, 4, 0.7600981987, [1.7141001471303001, -41.61338259666961]
21, 5, 0.7367887994, [1.3129557451854554, -35.92782899263003]
21, 6, 0.6384292567, [3.43601628655484, -40.61206620328863]
21, 7, 0.5689994356, [0.8998487456311557, -40.12267202651479]
21, 8, 0.3274618742, [-5.437880622151011, -40.86381498749592]
21, 9, 0, [4.311708540252612, -41.45822338313823]
22, 0, 0.8197222314, [2.4729019802067587, -40.49847555777901]
22, 1, 0.8193957169, [2.4729019802067587, -40.14487444961355]
22, 2, 0.817411608, [2.4729019802067587, -40.55527088053382]
22, 3, 0.7930370161, [2.4729019802067587, -43.462736232253]
22, 4, 0.7920591567, [2.4729019802067587, -43.7297626679395]
22, 5, 0.7885056698, [1.9532756875926425, -36.03895484691994]
22, 6, 0.3367573824, [-2.3299371445230443, -38.84229076523766]
22, 7, 0.3282831732, [-2.9287379766995265, -40.57684892513367]
22, 8, 0.3145652555, [-1.6250701590255483, -40.97021467897898]
22, 9, 0, [5.89828896394004, -40.56448231371822]
23, 0, 0.8200898618, [2.4729019802067587, -40.03933097415311]
23, 1, 0.8197222314, [2.4729019802067587, -40.49847555777901]
23, 2, 0.8100600296, [2.4729019802067587, -37.84121348034772]
23, 3, 0.8091006974, [2.4729019802067587, -38.121344998221616]
23, 4, 0.8088805777, [2.4729019802067587, -37.31530320673243]
23, 5, 0.7997213094, [2.4729019802067587, -42.39783229242722]
23, 6, 0.5053060648, [0.6717725211716545, -40.54111866952938]
23, 7, 0.3769742501, [0.028516995669379153, -38.17663640935276]
23, 8, 0.3160630692, [-2.168146915719558, -41.86843028120977]
23, 9, 0, [7.106184166546216, -43.462736232253]
24, 0, 0.8200898618, [2.4729019802067587, -40.03933097415311]
24, 1, 0.8164735096, [2.4729019802067587, -40.613472504884896]
24, 2, 0.7950577453, [2.4729019802067587, -42.965441863857876]
24, 3, 0.7723205208, [1.8697424011632968, -41.41303136968257]
24, 4, 0.6736180106, [3.351257141369621, -43.48761273924235]
24, 5, 0.5909991609, [3.508607058083177, -39.25360238814929]
24, 6, 0.3169121064, [-1.0925961616337752, -40.03933097415311]
24, 7, 0, [5.191331737289891, -38.37823528933685]
24, 8, 0, [3.758856777271276, -45.88919130279923]
24, 9, 0, [4.146714718305541, -42.830546810996154]
25, 0, 0.8200898618, [2.4729019802067587, -40.03933097415311]
25, 1, 0.7991563102, [2.6520168839087743, -42.42484667205892]
25, 2, 0.7960231304, [2.4729019802067587, -42.75621877175831]
25, 3, 0.5541661412, [0.9888891395598254, -42.965441863857876]
25, 4, 0.3868568177, [-0.050003901931432004, -32.45503523306462]
25, 5, 0.3351635164, [-4.147481589904407, -37.64167156507059]
25, 6, 0.3117199352, [-5.318024499469318, -43.162275645164364]
25, 7, 0.3049968675, [-0.8898226659807045, -41.42110751442204]
25, 8, 0, [4.534727496511959, -40.59484184000116]
25, 9, 0, [6.054300183485488, -45.867362419147604]
26, 0, 0.8200898618, [2.4729019802067587, -40.03933097415311]
26, 1, 0.8176841055, [2.4805486040059623, -40.577884073612566]
26, 2, 0.806366324, [2.4729019802067587, -41.39777487295571]
26, 3, 0.7947237774, [2.2990197528021747, -42.268145768698616]
26, 4, 0.7842479452, [2.5624594320577665, -45.28124940777214]
26, 5, 0.7608633294, [1.8204530117342999, -42.6951442679584]
26, 6, 0.3388470371, [0.05030037392985465, -43.12139822996831]
26, 7, 0.3158743587, [-2.0828873645468127, -41.253739466544246]
26, 8, 0, [7.761047792636823, -42.73507455948548]
26, 9, 0, [4.220792222785085, -40.57833105237148]
27, 0, 0.8200898618, [2.4729019802067587, -40.03933097415311]
27, 1, 0.8176841055, [2.4805486040059623, -40.577884073612566]
27, 2, 0.8005504336, [2.3859608665044667, -41.75254981850561]
27, 3, 0.7826861856, [1.7905524731776046, -39.874723098727046]
27, 4, 0.6785693029, [1.3671063241231929, -44.434851406470976]
27, 5, 0.5080995775, [0.7812942044980975, -42.40668641846731]
27, 6, 0.4991747497, [0.6018175786553921, -39.832957086322054]
27, 7, 0.3155408854, [-2.1358306438398955, -41.34642959708101]
27, 8, 0, [3.9958196042250984, -40.577884073612566]
27, 9, 0, [9.402037152834069, -40.64283132414327]
28, 0, 0.8200898618, [2.4729019802067587, -40.03933097415311]
28, 1, 0.8168526764, [2.4767252921063605, -40.70712483345374]
28, 2, 0.8142499298, [2.429431423355613, -39.101191096521575]
28, 3, 0.6999576173, [3.2611104148054677, -40.89594039632936]
28, 4, 0.324840459, [-1.8959288016570972, -39.946462589096726]
28, 5, 0.2936503885, [-2.041821823443364, -43.867252221925135]
28, 6, 0, [4.945083687779643, -40.89594039632936]
28, 7, 0, [6.519882537335267, -37.080919175331445]
28, 8, 0, [5.010811591802213, -40.63601611989318]
28, 9, 0, [5.717231542288792, -38.97243070399238]
29, 0, 0.8200898618, [2.4729019802067587, -40.03933097415311]
29, 1, 0.8053228482, [2.4798398975065092, -41.587166968114175]
29, 2, 0.8049309891, [2.4530783577309867, -38.34919862887252]
29, 3, 0.7427310153, [1.4619974633839692, -40.03933097415311]
29, 4, 0.7244019944, [1.8104394537546502, -31.91545051734247]
29, 5, 0.4168348271, [0.28848658927483073, -39.99289678162492]
29, 6, 0.4089726909, [0.21989836470131685, -39.064053873322194]
29, 7, 0.3759413452, [0.21745173433149834, -42.501984710455034]
29, 8, 0.3418139593, [-4.211398951789634, -37.19803907122255]
29, 9, 0.3302360828, [-6.002823351230504, -40.00535412203042]
30, 0, 0.8206096057, [2.4753622276764946, -40.041687834847956]
30, 1, 0.8200898618, [2.4729019802067587, -40.03933097415311]
30, 2, 0.8122480325, [2.4795554521008865, -41.180386372543474]
30, 3, 0.8004628231, [2.7435076291426146, -38.83722199625019]
30, 4, 0.7754840848, [2.4729019802067587, -34.517643031728014]
30, 5, 0.6179323891, [3.458434328205969, -40.49040093785362]
30, 6, 0, [9.150836617606393, -47.918598801308846]
30, 7, 0, [5.552037938108814, -42.95383802926326]
30, 8, 0, [7.428149457032475, -39.78848447742493]
30, 9, 0, [4.194701512643724, -37.6598167131388]
