0, 0, 0.8517699771, [0.8652329118126117, -44.839341356899126]
0, 1, 0.848988402, [0.8715421771424384, -42.32202948372274]
0, 2, 0.8325483309, [1.0626026142919174, -53.30367785553532]
0, 3, 0.7944715454, [0.1928758938935227, -54.034870479400546]
0, 4, 0.7199324919, [1.5767263688984465, -59.10608341685789]
0, 5, 0, [2.337993794602593, -59.249677343319995]
0, 6, 0, [2.6776492495740434, -39.69901537731266]
0, 7, 0, [3.222628486966959, -57.391835021117515]
0, 8, 0, [2.3745955322283314, -43.6517555819035]
0, 9, 0, [2.933006598372393, -59.80503720965817]
1, 0, 0.8517699771, [0.8652329118126117, -44.839341356899126]
1, 1, 0.8484755948, [0.8715421771424384, -41.53793664612333]
1, 2, 0.8421046252, [0.972882836248277, -53.30367785553532]
1, 3, 0.8405441133, [1.0455239661643139, -45.220919172841285]
1, 4, 0.8325483309, [1.0626026142919174, -53.30367785553532]
1, 5, 0.7486137208, [1.4678258686939611, -48.250429659994595]
1, 6, 0.3831304313, [-4.309960513032195, -45.01410528007239]
1, 7, 0.3629530277, [-2.068915147283671, -45.390684957074555]
1, 8, 0, [3.4241766132555425, -44.316109174305595]
1, 9, 0, [6.608963046992745, -46.99283511622088]
2, 0, 0.8613562246, [0.7862696459021383, -45.78290512108332]
2, 1, 0.8517699771, [0.8652329118126117, -44.839341356899126]
2, 2, 0.8517699771, [0.8652329118126117, -44.839341356899126]
2, 3, 0.8462541647, [0.4769970831285275, -39.32679498302956]
2, 4, 0.8382647175, [0.8559742307918564, -36.86255386484029]
2, 5, 0.6248746959, [0.022166483794212377, -46.445500312214385]
2, 6, 0.4692602989, [-0.027157326313314467, -34.517753691705515]
2, 7, 0.3569203409, [-1.0130187798462782, -43.18863900151123]
2, 8, 0.3185823013, [-2.1040553096822054, -48.553144205135524]
2, 9, 0.2225791467, [-0.11532211400044223, -55.19162889185137]
3, 0, 0.8613562246, [0.7862696459021383, -45.78290512108332]
3, 1, 0.8558420309, [0.8257512788573751, -45.31112323899122]
3, 2, 0.844772996, [0.8257512788573751, -38.36260919567667]
3, 3, 0.8354064159, [1.0974555884628105, -43.81715978476838]
3, 4, 0.8312661612, [0.22259975660411135, -47.57083504821505]
3, 5, 0.8085457662, [0.1600942084848953, -45.31112323899122]
3, 6, 0.7603799183, [0.4769970831285275, -33.80363766566786]
3, 7, 0.5954234627, [0.0011006206272374808, -45.78290512108332]
3, 8, 0.3612958313, [-1.3157731314018692, -44.195711765925395]
3, 9, 0.2773136145, [-0.7754656840085659, -47.5373400551995]
4, 0, 0.8647342679, [0.5241755177307432, -43.234029515708094]
4, 1, 0.8624004817, [0.5241755177307432, -47.48460640565699]
4, 2, 0.8623739085, [0.7862696459021383, -48.052816734988916]
4, 3, 0.8619459648, [0.793937451883975, -43.836839618904094]
4, 4, 0.8616833833, [0.7544558189287383, -48.10912354239945]
4, 5, 0.8613562246, [0.7862696459021383, -45.78290512108332]
4, 6, 0.8553538547, [0.8060104623797567, -42.486117477787026]
4, 7, 0.8508870736, [0.8060104623797567, -52.19181668755348]
4, 8, 0.7872008852, [0.12722003829748496, -45.547014180037266]
4, 9, 0.2303782029, [-0.343897649131938, -50.94190570079002]
5, 0, 0.8647342679, [0.5241755177307432, -43.234029515708094]
5, 1, 0.8645740622, [0.6552225818164408, -45.05122983261555]
5, 2, 0.8641406303, [0.5220532889540744, -45.01663099388662]
5, 3, 0.8605492323, [0.793937451883975, -43.61875655330837]
5, 4, 0.8595434871, [0.7034177993901237, -51.413260842214044]
5, 5, 0.85498045, [0.793937451883975, -40.61425091719968]
5, 6, 0.7472965179, [1.4864145523231447, -48.25028946577013]
5, 7, 0.6951660453, [1.7178700808492924, -45.779207059451785]
5, 8, 0.3362643295, [-1.1615499725329275, -45.67157652905377]
5, 9, 0, [3.2764571699745293, -47.62435142056719]
6, 0, 0.8647342679, [0.5241755177307432, -43.234029515708094]
6, 1, 0.8639141294, [0.589699049773592, -44.142629674161824]
6, 2, 0.8615820393, [0.5241755177307432, -48.00403672515161]
6, 3, 0.8581217121, [0.793937451883975, -41.75737543258284]
6, 4, 0.8446914704, [0.23683459878258695, -43.61694838415187]
6, 5, 0.7350254608, [0.07678795109181558, -43.61875655330837]
6, 6, 0.4033411353, [-5.419688750097491, -43.42639303450824]
6, 7, 0.3733388895, [-5.547867525746109, -46.50711185898159]
6, 8, 0.291640692, [-0.23828062402969263, -46.545823872557726]
6, 9, 0, [3.8354755562667098, -44.50819655837419]
7, 0, 0.8647342679, [0.5241755177307432, -43.234029515708094]
7, 1, 0.8639141294, [0.589699049773592, -44.142629674161824]
7, 2, 0.8603922379, [0.7326276175880042, -42.229673697309195]
7, 3, 0.8543699078, [0.30542471534338694, -42.791259028083786]
7, 4, 0.7605380044, [1.3588565914278674, -42.49570247414547]
7, 5, 0.6487826056, [1.8854060337407925, -42.760246391790346]
7, 6, 0.6202203077, [1.988037263489205, -45.225154270193045]
7, 7, 0.5943603296, [2.0685290421042826, -42.94096299727593]
7, 8, 0.2626540062, [-2.0678560339869194, -51.92272962644738]
7, 9, 0, [4.2747521371392345, -43.29967117534527]
8, 0, 0.8647342679, [0.5241755177307432, -43.234029515708094]
8, 1, 0.8642306854, [0.6284015676593737, -42.73185160650864]
8, 2, 0.8634848836, [0.5190261664656955, -42.568018721304924]
8, 3, 0.8608617064, [0.41480011653706506, -45.22692495526978]
8, 4, 0.7806439582, [1.2748375461301096, -43.01264427189594]
8, 5, 0.6215277873, [1.9946160335570495, -46.67049615358498]
8, 6, 0.38116979, [-1.7453461599667603, -42.51046636269649]
8, 7, 0.3795009385, [-0.19016342307851875, -38.879000400602415]
8, 8, 0, [2.4065186575205244, -43.63424873269263]
8, 9, 0, [3.8841620434237827, -43.466944351122805]
9, 0, 0.8647342679, [0.5241755177307432, -43.234029515708094]
9, 1, 0.8646512701, [0.5245481365078765, -43.33428695958528]
9, 2, 0.8418939215, [0.5216008420982194, -37.595525939514175]
9, 3, 0.7959570351, [0.13469293414965378, -41.38034031585719]
9, 4, 0.7782497669, [1.2925653772903174, -42.32660137066303]
9, 5, 0.4025600655, [-5.234089556547971, -43.234029515708094]
9, 6, 0.3941099805, [-3.5025439338706246, -43.62799306191938]
9, 7, 0.3935336604, [-2.775653248065844, -42.568018721304924]
9, 8, 0.3630678247, [-1.2285980734928448, -43.89747183828735]
9, 9, 0.3466130574, [-1.6916713878118692, -46.00935054556532]
10, 0, 0.8647342679, [0.5241755177307432, -43.234029515708094]
10, 1, 0.8647342679, [0.5241755177307432, -43.234029515708094]
10, 2, 0.8646512701, [0.5245481365078765, -43.33428695958528]
10, 3, 0.8646512701, [0.5245481365078765, -43.33428695958528]
10, 4, 0.8624432792, [0.7025534652050452, -46.21097763374832]
10, 5, 0.854671861, [0.521875359472182, -50.219426262155324]
10, 6, 0.8386485724, [0.524822653881839, -58.20570739370329]
10, 7, 0.801891415, [1.2003029725841259, -45.23207821382345]
10, 8, 0, [3.980267846659098, -44.411854830508645]
10, 9, 0, [2.5124842976945, -42.78031544318556]
11, 0, 0.8647342679, [0.5241755177307432, -43.234029515708094]
11, 1, 0.8629928906, [0.5241755177307432, -42.177899564179235]
11, 2, 0.8403786957, [1.037791498729678, -45.415952393983495]
11, 3, 0.583685756, [2.120152646690745, -43.234029515708094]
11, 4, 0.3861957844, [-1.6179449487543631, -38.56289263139411]
11, 5, 0.3403518261, [-0.7786310620597212, -41.26827987449585]
11, 6, 0.3281643995, [-1.7859731425744878, -47.34458068488264]
11, 7, 0, [2.4129548819253284, -46.65286191478294]
11, 8, 0, [5.163731943735045, -41.100105829517034]
11, 9, 0, [2.3534308854903343, -45.18947421542472]
12, 0, 0.8647342679, [0.5241755177307432, -43.234029515708094]
12, 1, 0.8592188612, [0.7555151030104607, -43.234029515708094]
12, 2, 0.8431170679, [0.2825976890169519, -47.91150175623035]
12, 3, 0.755244056, [1.375730828272519, -40.222258705555916]
12, 4, 0.6335352801, [1.9412478451876825, -42.177899564179235]
12, 5, 0.3861380222, [-1.8247268065189521, -40.07037939966499]
12, 6, 0.3758970048, [-1.0564698377790789, -40.074706643074]
12, 7, 0.3451430739, [-0.7663896382125875, -36.60725177277079]
12, 8, 0, [2.5628850644033023, -42.177899564179235]
12, 9, 0, [8.686534643644194, -43.54364479211199]
13, 0, 0.8647342679, [0.5241755177307432, -43.234029515708094]
13, 1, 0.8558576185, [0.5241755177307432, -40.88097104383636]
13, 2, 0.768232405, [1.3483814740990716, -45.80598387399619]
13, 3, 0.7656503034, [1.3483814740990716, -42.705964539943665]
13, 4, 0.7643726531, [1.3483814740990716, -41.50132814689204]
13, 5, 0.3853010822, [-2.1893117264398314, -43.234029515708094]
13, 6, 0.2970294538, [-0.588248947170982, -44.14583960186512]
13, 7, 0, [3.961189521347203, -49.09748044328821]
13, 8, 0, [2.8084666502042825, -40.531872429232465]
13, 9, 0, [2.3379673387522883, -43.234029515708094]
14, 0, 0.8647342679, [0.5241755177307432, -43.234029515708094]
14, 1, 0.8625221662, [0.5241755177307432, -46.32178426294008]
14, 2, 0.8572211132, [0.7638595674933081, -41.619570522195175]
14, 3, 0.8468941146, [0.9225244324622139, -43.234029515708094]
14, 4, 0.8400538096, [0.22255949546015286, -43.022801302592754]
14, 5, 0.7656659256, [1.3483814740990716, -41.96100464095305]
14, 6, 0.4143090055, [-4.783840823135982, -42.05750027977223]
14, 7, 0.3971898731, [-3.04182567174705, -40.94556845777656]
14, 8, 0, [4.239590287897829, -46.61886593091221]
14, 9, 0, [3.097014609881689, -48.21802086549201]
15, 0, 0.8647342679, [0.5241755177307432, -43.234029515708094]
15, 1, 0.8644006835, [0.5967836418664656, -43.15372467858356]
15, 2, 0.8613677281, [0.546747027553631, -41.536402330720634]
15, 3, 0.8552429432, [0.5241755177307432, -50.425090965104346]
15, 4, 0.853253548, [0.7962581566182468, -40.32102491612263]
15, 5, 0.8502108625, [0.31932484279853257, -46.06422009816782]
15, 6, 0.8456752804, [0.30879403392848326, -48.2636753844998]
15, 7, 0.5393648596, [2.246814965826164, -44.868249060347445]
15, 8, 0.3920417697, [-1.9306581953368842, -37.651129629174164]
15, 9, 0.3704293629, [-0.9456323058922032, -36.519958479222254]
16, 0, 0.8647342679, [0.5241755177307432, -43.234029515708094]
16, 1, 0.8636928424, [0.5717653347100483, -44.512904586031986]
16, 2, 0.8632580873, [0.5717653347100483, -46.425892158415614]
16, 3, 0.8518466952, [0.5241755177307432, -39.06679885902389]
16, 4, 0.8239804695, [0.21693840257783964, -48.33521716073167]
16, 5, 0.403369979, [-3.543707881505574, -41.13881314595386]
16, 6, 0.3923533165, [-2.748254926609375, -42.723338193622325]
16, 7, 0.370226857, [-1.616935972335817, -43.65381071404004]
16, 8, 0.3492030575, [-2.29561815679714, -46.80621386048023]
16, 9, 0, [4.389674857470437, -41.106773224585346]
17, 0, 0.8650699021, [0.5479704262203957, -43.90294383441492]
17, 1, 0.8647342679, [0.5241755177307432, -43.234029515708094]
17, 2, 0.862143072, [0.7960045362130419, -47.24360486697172]
17, 3, 0.7040093627, [0.06074479200854044, -45.69651531024279]
17, 4, 0.6185253927, [1.9998325122571283, -43.234029515708094]
17, 5, 0.3888916251, [-0.14776407643035805, -42.204044255327034]
17, 6, 0.3873735487, [-3.44855027736358, -44.512904586031986]
17, 7, 0.3813328301, [-1.7281719874419028, -40.54088509964869]
17, 8, 0.3518600852, [-0.17859772712648803, -44.512904586031986]
17, 9, 0, [8.033898435819307, -47.843415503736615]
18, 0, 0.8650699021, [0.5479704262203957, -43.90294383441492]
18, 1, 0.8619230102, [0.5241755177307432, -44.3462532286373]
18, 2, 0.7300539201, [1.5599511702749966, -43.79384721135333]
18, 3, 0.723735264, [1.5944386536942898, -44.26043398031113]
18, 4, 0.6771243316, [1.7760978733482953, -42.415674199032544]
18, 5, 0.3699540924, [-1.3038041152431648, -42.91738360050525]
18, 6, 0.3625086386, [-4.671241347097214, -46.96578072968391]
18, 7, 0.2931611948, [-0.44499814451703446, -44.278360106608154]
18, 8, 0.283312914, [-0.5162224468684856, -45.27356578902014]
18, 9, 0, [2.835896940081871, -43.19207022783729]
19, 0, 0.8650699021, [0.5479704262203957, -43.90294383441492]
19, 1, 0.8641801182, [0.546014125765575, -43.980181288874306]
19, 2, 0.8467595033, [1.009060242004372, -50.569604539587786]
19, 3, 0.840762913, [1.04206334400287, -45.36096023877585]
19, 4, 0.7944983181, [1.253578955070977, -48.38426663074829]
19, 5, 0.7244222329, [0.07601503510919061, -46.404476821027124]
19, 6, 0.7036989881, [1.6680245218116458, -50.60280267066788]
19, 7, 0.703319516, [0.05813513071856069, -43.09035162342063]
19, 8, 0.3581387315, [-1.1621267617335578, -43.65911315412077]
19, 9, 0.3554007054, [-1.1227833820859017, -43.90294383441492]
20, 0, 0.8650699021, [0.5479704262203957, -43.90294383441492]
20, 1, 0.8641801182, [0.5480504233574417, -44.00883727101319]
20, 2, 0.8640988937, [0.5460941229026209, -44.05040444105703]
20, 3, 0.8626512514, [0.546014125765575, -46.37410446264849]
20, 4, 0.6917790481, [0.05150577810828372, -44.84048470397383]
20, 5, 0.3975280556, [-3.574454072972651, -42.76477820412284]
20, 6, 0.3511797377, [-1.0396211272992635, -43.94570343648676]
20, 7, 0.3286579888, [-1.200951038315919, -46.568474608669106]
20, 8, 0.2747597983, [-1.7985946364173042, -51.08740116554712]
20, 9, 0, [2.5519556118405236, -40.22978413671212]
21, 0, 0.8654813336, [0.5470322745615084, -45.19147086683084]
21, 1, 0.8650699021, [0.5479704262203957, -43.90294383441492]
21, 2, 0.8640988937, [0.5460941229026209, -44.05040444105703]
21, 3, 0.8626322538, [0.5480104247889187, -44.39235067400881]
21, 4, 0.7416731841, [1.509208429250702, -44.05040444105703]
21, 5, 0.4018266557, [-7.363261252682556, -44.42466098749351]
21, 6, 0.3535908959, [-1.0260609585826177, -43.64781357837688]
21, 7, 0.3288391239, [-0.21180955708347327, -45.1385241485317]
21, 8, 0.3224665088, [-0.6129139604597948, -39.54901163024071]
21, 9, 0, [2.3868169848347724, -44.958732745522724]
22, 0, 0.8654813336, [0.5470322745615084, -45.19147086683084]
22, 1, 0.8644519638, [0.5470322745615084, -44.837869758665384]
22, 2, 0.8625333054, [0.5465631987320647, -47.38851545149527]
22, 3, 0.8623380293, [0.5480902881159704, -46.50466170675449]
22, 4, 0.8620379607, [0.547501350390952, -44.547207350622884]
22, 5, 0.6511077862, [0.02740598194739219, -40.731950155971774]
22, 6, 0.3990025685, [-4.255726986841243, -43.48812266831583]
22, 7, 0.3909768469, [-3.5518911977934784, -44.27774812130634]
22, 8, 0.3818347782, [-4.854620863808569, -45.418814547080146]
22, 9, 0, [3.9728883341242334, -44.55641878380729]
23, 0, 0.8654813336, [0.5467473675862441, -45.15584558088362]
23, 1, 0.8654813336, [0.5472164434156878, -45.21371381277939]
23, 2, 0.8654813336, [0.5470322745615084, -45.19147086683084]
23, 3, 0.8640295441, [0.5465631987320647, -44.95458956918307]
23, 4, 0.8631865448, [0.5475612813387394, -46.26529268420388]
23, 5, 0.8613012183, [0.5470322745615084, -42.00829851578426]
23, 6, 0.3741824605, [-4.093487614587577, -45.73589067298643]
23, 7, 0.3633775533, [-1.8978217858053148, -45.009880980314215]
23, 8, 0.3487079712, [-1.2540971844735957, -45.23411397858121]
23, 9, 0, [5.1813724744554275, -46.50466170675449]
24, 0, 0.8654813336, [0.5467473675862441, -45.15584558088362]
24, 1, 0.8624212749, [0.5472164434156878, -47.680680118858255]
24, 2, 0.8571300481, [0.5470322745615084, -49.71336778978524]
24, 3, 0.7568330282, [1.4253874357243705, -49.9302459467114]
24, 4, 0.7249512767, [1.5826869833773842, -44.399051110827685]
24, 5, 0.6723758463, [1.8329367025654832, -51.03464002547763]
24, 6, 0.5442814518, [2.2208450126602908, -45.21184986901354]
24, 7, 0.4447333348, [-0.056127304481953355, -43.79433442769996]
24, 8, 0.3734870875, [-3.018516236339568, -45.184779696831505]
24, 9, 0, [3.265411662584098, -43.523684012015245]
25, 0, 0.8654813336, [0.5467473675862441, -45.15584558088362]
25, 1, 0.8607123353, [0.5468898210738762, -48.68843903808725]
25, 2, 0.7491594514, [1.466762094879054, -49.24171126393858]
25, 3, 0.4043911192, [-6.07349374903729, -43.57389183139953]
25, 4, 0.3823867703, [-1.2352586909611525, -39.271899824944285]
25, 5, 0.3294495456, [-7.243894205114568, -49.910201571091726]
25, 6, 0.2828226476, [-1.3341776314196307, -49.93832209145087]
25, 7, 0.2680385986, [-0.9369805660854249, -49.71336778978524]
25, 8, 0, [3.3494727074822386, -47.41170643188082]
25, 9, 0, [4.128430477840237, -52.615288345074966]
26, 0, 0.8654813336, [0.5467473675862441, -45.15584558088362]
26, 1, 0.860907658, [0.7433862787208734, -48.64268819780292]
26, 2, 0.860699082, [0.5808592646617257, -41.9835525441358]
26, 3, 0.8573226854, [0.5468185943300601, -50.97130289415156]
26, 4, 0.850372048, [1.006754731232649, -47.1987784224111]
26, 5, 0.3671681736, [-4.533454601786152, -46.5574193967533]
26, 6, 0.3632349803, [-2.763301963981707, -46.131165434743394]
26, 7, 0.3484543881, [-3.5490346135209223, -47.05474301599964]
26, 8, 0, [5.745406954909116, -48.42512804586491]
26, 9, 0, [2.6651587487037838, -46.95287348147578]
27, 0, 0.8654813336, [0.5467473675862441, -45.15584558088362]
27, 1, 0.8637079644, [0.5638389294958929, -46.39701721682212]
27, 2, 0.860907658, [0.7433862787208734, -48.64268819780292]
27, 3, 0.536877545, [2.2586572789400097, -48.64268819780292]
27, 4, 0.4043375609, [-0.11854619090516916, -42.725869237682346]
27, 5, 0.3711542423, [-1.3072810854273818, -42.684103225277354]
27, 6, 0.3625591665, [-4.284193982130795, -46.81849558420413]
27, 7, 0.2876554443, [-1.0503642644547042, -48.997345783927734]
27, 8, 0.2231167127, [-0.4645521448296088, -51.0255107719314]
27, 9, 0, [7.4426661018785945, -49.06318682872623]
28, 0, 0.8666278664, [0.6450668231535588, -45.10451758953548]
28, 1, 0.8654813336, [0.5467473675862441, -45.15584558088362]
28, 2, 0.8616030424, [0.5552931485410685, -46.17494870842377]
28, 3, 0.7484440527, [1.4767458146034134, -46.89926688934327]
28, 4, 0.3486991346, [-2.624953705086152, -46.88870244199991]
28, 5, 0.3274613554, [-3.9632539670086557, -49.335076096895165]
28, 6, 0, [3.160719087577589, -46.89926688934327]
28, 7, 0, [4.593727924714752, -42.19743378206196]
28, 8, 0, [3.0846569791816987, -45.75253072662369]
28, 9, 0, [3.9328669420867373, -44.97575719700629]
29, 0, 0.8666278664, [0.6450668231535588, -45.10451758953548]
29, 1, 0.8621758799, [0.5510202580636563, -44.110437808538556]
29, 2, 0.804570974, [1.2014098672653821, -47.590880202256955]
29, 3, 0.4958340585, [-0.01739570329854967, -36.980637132724844]
29, 4, 0.4171958572, [-6.137103985832338, -42.15631138242251]
29, 5, 0.3842898781, [-7.281253381471631, -46.0090673561732]
29, 6, 0.3740071529, [-3.9339717298442, -45.59255753918755]
29, 7, 0.3413665998, [-1.0585316655398105, -45.067767107464974]
29, 8, 0.3260982313, [-0.9899434409662965, -45.9966100157677]
29, 9, 0.3255863889, [-1.7082532997112059, -47.46025702165499]
30, 0, 0.8666278664, [0.6450668231535588, -45.10451758953548]
30, 1, 0.8639213554, [0.547164473654783, -43.5224710551869]
30, 2, 0.8634054538, [0.6784165755076389, -45.106031256081884]
30, 3, 0.8553775313, [0.6450668231535588, -39.58282964711039]
30, 4, 0.7758532916, [1.2641144624600957, -35.77852815482193]
30, 5, 0.6152128554, [1.9790411615234502, -37.431707096425356]
30, 6, 0.592322771, [2.0749984451573997, -45.07303435113264]
30, 7, 0, [7.272509219358366, -51.71282752921222]
30, 8, 0, [3.673710539860788, -46.74806675716663]
30, 9, 0, [5.530219322473967, -42.31091212370087]
