0, 0, 0.9156417507, [0.8652329118126117, -44.839341356899126]
0, 1, 0.9151521812, [1.0626026142919174, -53.30367785553532]
0, 2, 0.9086968598, [0.8715421771424384, -42.32202948372274]
0, 3, 0.7404518919, [1.5767263688984465, -59.10608341685789]
0, 4, 0.6536439132, [0.1928758938935227, -54.034870479400546]
0, 5, 0.5457335296, [2.337993794602593, -59.249677343319995]
0, 6, 0.5344858122, [2.3745955322283314, -43.6517555819035]
0, 7, 0, [2.6776492495740434, -39.69901537731266]
0, 8, 0, [3.222628486966959, -57.391835021117515]
0, 9, 0, [2.933006598372393, -59.80503720965817]
1, 0, 0.9164516688, [0.972882836248277, -53.30367785553532]
1, 1, 0.9156417507, [0.8652329118126117, -44.839341356899126]
1, 2, 0.9151521812, [1.0626026142919174, -53.30367785553532]
1, 3, 0.9146956935, [1.0626026142919174, -52.51958501793591]
1, 4, 0.911383001, [1.0455239661643139, -45.220919172841285]
1, 5, 0.776219414, [1.4678258686939611, -48.250429659994595]
1, 6, 0, [3.4241766132555425, -44.316109174305595]
1, 7, 0, [6.608963046992745, -46.99283511622088]
1, 8, 0, [-4.309960513032195, -45.01410528007239]
1, 9, 0, [3.4888023282212863, -55.1176349413013]
2, 0, 0.9262887577, [0.822819822416875, -47.89319414514684]
2, 1, 0.9164516688, [0.972882836248277, -53.30367785553532]
2, 2, 0.9164516688, [0.972882836248277, -53.30367785553532]
2, 3, 0.8483523142, [0.3345915951481083, -40.47949158998189]
2, 4, 0.6953654868, [0.5996095530459453, -32.852318683932225]
2, 5, 0.555493513, [0.1298164082298776, -54.90983681085058]
2, 6, 0.3747238359, [-0.08663619317204496, -39.92944742654484]
2, 7, 0.2031721742, [-0.016637262760789362, -59.42379714116947]
2, 8, 0, [-2.0053704584425525, -52.785312454453624]
2, 9, 0, [-0.9623484502933589, -49.07150960621722]
3, 0, 0.9262887577, [0.822819822416875, -47.89319414514684]
3, 1, 0.9239047002, [0.897851329332576, -50.59843600034108]
3, 2, 0.9096541682, [0.897851329332576, -43.64992195702653]
3, 3, 0.8885532564, [1.1695556389380115, -49.10447254611824]
3, 4, 0.7755511851, [0.23219425896009627, -50.59843600034108]
3, 5, 0.7719798357, [0.2946998070793123, -52.85814780956491]
3, 6, 0.7217819058, [0.3345915951481083, -34.95633427262019]
3, 7, 0.5678513733, [0.03765079714197417, -47.89319414514684]
3, 8, 0, [3.172369467543018, -51.93853535458698]
3, 9, 0, [-0.7389155074938292, -49.64762907926303]
4, 0, 0.9293831483, [0.76236033277834, -48.55020662812582]
4, 1, 0.9265241413, [0.822819822416875, -50.16310575905244]
4, 2, 0.9262887577, [0.822819822416875, -47.89319414514684]
4, 3, 0.9221197228, [0.8373918396940411, -47.454946441916796]
4, 4, 0.920130737, [0.8603355758747255, -46.184918370493726]
4, 5, 0.9186745045, [0.5650227941463362, -47.39148637244603]
4, 6, 0.9114935019, [0.5650227941463362, -51.64206326239493]
4, 7, 0.9062299816, [0.8603355758747255, -55.89061758026018]
4, 8, 0.7449797985, [0.18154515179245378, -49.245815072743966]
4, 9, 0.528874878, [2.4945031360664864, -49.522595782809326]
5, 0, 0.9293831483, [0.76236033277834, -48.55020662812582]
5, 1, 0.9222168193, [0.8207323881208359, -47.55426033543075]
5, 2, 0.9213450315, [0.8373918396940411, -47.236863376321075]
5, 3, 0.9211193611, [0.822819822416875, -46.31066821439224]
5, 4, 0.918460113, [0.8754500853869157, -53.10924681247003]
5, 5, 0.9140229029, [0.8373918396940411, -44.232357740212386]
5, 6, 0.6795890267, [1.7850588570092765, -50.92878881916558]
5, 7, 0.6056378746, [2.016514385535424, -48.45770641284724]
5, 8, 0, [3.0552451126993567, -49.092062660078575]
5, 9, 0, [5.412921821614842, -49.02814995209964]
6, 0, 0.9293831483, [0.76236033277834, -48.55020662812582]
6, 1, 0.924378565, [0.791546360449588, -48.05223348177829]
6, 2, 0.919631441, [0.76236033277834, -53.320213837569334]
6, 3, 0.9154950865, [0.822819822416875, -44.449287093666705]
6, 4, 0.912949612, [0.47501941383018376, -48.933125496569595]
6, 5, 0.6768233425, [0.10567032162471557, -46.31066821439224]
6, 6, 0.3736724495, [-0.036433313353696595, -50.45542768017419]
6, 7, 0, [3.969009149056958, -48.51224094512498]
6, 8, 0, [-5.286155157307242, -47.43043742125903]
6, 9, 0, [-5.309682710698512, -51.823288971399315]
7, 0, 0.9293831483, [0.76236033277834, -48.55020662812582]
7, 1, 0.924378565, [0.791546360449588, -48.05223348177829]
7, 2, 0.920627896, [0.8661612103782526, -46.23371808405999]
7, 3, 0.9104032479, [0.507272026019383, -46.70086283570025]
7, 4, 0.7649058175, [1.4923901842181158, -46.499746860896266]
7, 5, 0.588708002, [2.1215708562794533, -49.229198656943844]
7, 6, 0.5853004826, [2.1235908487883894, -48.07642350420807]
7, 7, 0.5550448339, [2.306713857151879, -48.25714010969366]
7, 8, 0, [4.408285729929483, -47.30371556209606]
7, 9, 0, [3.140634549310043, -50.966131538925666]
8, 0, 0.9293831483, [0.76236033277834, -48.55020662812582]
8, 1, 0.9277694529, [0.6867166181988178, -46.52484281848855]
8, 2, 0.9273206881, [0.6348161793988616, -49.83981541528688]
8, 3, 0.9200534561, [0.8142607715782963, -47.391962356092904]
8, 4, 0.7654075799, [1.4948536089919062, -47.625534731913035]
8, 5, 0.5710766089, [2.214632096418846, -51.283386613602076]
8, 6, 0.4548632407, [-0.004304219159596112, -43.53911115018668]
8, 7, 0, [-1.5776557082336382, -46.46729045988012]
8, 8, 0, [2.626534720382321, -48.24713919270973]
8, 9, 0, [4.086009354099779, -47.37654815873927]
9, 0, 0.9293831483, [0.76236033277834, -48.55020662812582]
9, 1, 0.9264085088, [0.7715897179992219, -48.42442062564697]
9, 2, 0.9142524096, [0.6985882560886008, -43.88951284271401]
9, 3, 0.847898753, [0.3116803481400351, -47.67432721905703]
9, 4, 0.795391576, [1.4172121566672322, -49.372354618288945]
9, 5, 0, [-0.3747137989124657, -43.07896174597969]
9, 6, 0, [-4.995904741500374, -48.55020662812582]
9, 7, 0, [-1.4340460538246704, -50.72776759296786]
9, 8, 0, [-0.9709727395056461, -48.61588888568989]
9, 9, 0, [-2.6598632351326783, -49.83981541528688]
10, 0, 0.9293831483, [0.76236033277834, -48.55020662812582]
10, 1, 0.9293831483, [0.76236033277834, -48.55020662812582]
10, 2, 0.9264085088, [0.7715897179992219, -48.42442062564697]
10, 3, 0.9264085088, [0.7715897179992219, -48.42442062564697]
10, 4, 0.9212928194, [0.9133069948962347, -51.77192202972465]
10, 5, 0.9156897446, [0.7053877700948924, -53.61444886235549]
10, 6, 0.8584678141, [0.7783892320055136, -60.396876756765316]
10, 7, 0.7908769797, [1.4384877876317228, -50.548255326241176]
10, 8, 0, [4.261075543851251, -48.768945989346825]
10, 9, 0, [2.6939000949067555, -48.96128062320739]
11, 0, 0.9293831483, [0.76236033277834, -48.55020662812582]
11, 1, 0.9258495375, [0.76236033277834, -47.49407667659696]
11, 2, 0.840484299, [1.2759763137772748, -50.73212950640122]
11, 3, 0.5470007361, [2.358337461738342, -48.55020662812582]
11, 4, 0, [2.6345498462592367, -52.250138423657255]
11, 5, 0, [-1.5369468928841719, -52.69708991019835]
11, 6, 0, [5.401916758782642, -46.41628294193476]
11, 7, 0, [2.591615700537931, -50.50565132784244]
11, 8, 0, [-0.53601786379025, -46.47143526373556]
11, 9, 0, [4.692645470413169, -47.937530583565895]
12, 0, 0.9293831483, [0.76236033277834, -48.55020662812582]
12, 1, 0.9195300938, [0.9936999180580575, -48.55020662812582]
12, 2, 0.8865584079, [0.5207825040645487, -53.22767886864808]
12, 3, 0.7658886188, [1.489542649143907, -45.86487968022152]
12, 4, 0.5745055233, [2.179432660235279, -47.49407667659696]
12, 5, 0, [3.3187980169034983, -48.876454331467]
12, 6, 0, [-1.5865419914713552, -45.38655651208272]
12, 7, 0, [2.8010698794508992, -47.49407667659696]
12, 8, 0, [8.92471945869179, -48.85982190452972]
12, 9, 0, [4.377217734045348, -49.854512483137434]
13, 0, 0.9293831483, [0.76236033277834, -48.55020662812582]
13, 1, 0.923831549, [0.76236033277834, -46.19714815625409]
13, 2, 0.7417292188, [1.5865662891466683, -51.12216098641392]
13, 3, 0.7375304107, [1.5865662891466683, -48.02214165236139]
13, 4, 0.7356833816, [1.5865662891466683, -46.81750525930977]
13, 5, 0, [-1.9511269113922345, -48.55020662812582]
13, 6, 0, [4.1993743363948, -54.41365755570594]
13, 7, 0, [-0.3500641321233853, -49.462016714282846]
13, 8, 0, [3.0466514652518795, -45.84804954165019]
13, 9, 0, [2.5761521537998853, -48.55020662812582]
14, 0, 0.9293831483, [0.76236033277834, -48.55020662812582]
14, 1, 0.9269384033, [0.76236033277834, -51.637961375357804]
14, 2, 0.9155674725, [1.0020443825409049, -46.9357476346129]
14, 3, 0.9032275422, [0.46074431050774967, -48.33897841501049]
14, 4, 0.7361874079, [1.5865662891466683, -47.277181753370776]
14, 5, 0, [6.741414635541485, -51.935043043329934]
14, 6, 0, [3.4243487801058707, -48.55020662812582]
14, 7, 0, [3.335199424929286, -53.534197977909734]
14, 8, 0, [-2.8036408566994533, -46.261745570194286]
14, 9, 0, [-4.545656008088385, -47.373677392189954]
15, 0, 0.9293831483, [0.76236033277834, -48.55020662812582]
15, 1, 0.9257388648, [0.8349684569140624, -48.469901791001284]
15, 2, 0.9119101792, [1.0344429716658436, -45.63720202854036]
15, 3, 0.9047124437, [0.76236033277834, -55.74126807752207]
15, 4, 0.8938700355, [0.43494937410019724, -46.746965336580686]
15, 5, 0.8850887943, [0.5469788489760801, -53.579852496917525]
15, 6, 0.7389358645, [0.20752718934509884, -51.274783104027875]
15, 7, 0.5861771862, [2.1350173123727303, -50.0788120662075]
15, 8, 0, [2.986823272443101, -54.15476424188192]
15, 9, 0, [-2.042455848790318, -42.86169263503422]
16, 0, 0.9293831483, [0.76236033277834, -48.55020662812582]
16, 1, 0.9211079399, [0.9347057142899531, -49.22139299115071]
16, 2, 0.917265994, [0.9347057142899531, -51.134380563534336]
16, 3, 0.915617814, [0.76236033277834, -44.38297597144162]
16, 4, 0.7980777996, [0.43932900392059393, -56.177078464875976]
16, 5, 0, [4.627859672518033, -46.42295033700307]
16, 6, 0, [-3.3055230664579773, -46.45499025837158]
16, 7, 0, [2.7140509784833515, -48.51005420956355]
16, 8, 0, [-1.3840145621230135, -49.296216731852375]
16, 9, 0, [-2.5100701115617783, -48.03951530604005]
17, 0, 0.9293831483, [0.76236033277834, -48.55020662812582]
17, 1, 0.928131401, [0.8485330235341466, -48.915276593183144]
17, 2, 0.8538943714, [0.36130738932229134, -50.70884806901101]
17, 3, 0.7496526578, [0.18434265245341674, -49.22139299115071]
17, 4, 0.6464673835, [0.09042073861723876, -47.52022136774476]
17, 5, 0.5660311378, [2.2380173273047252, -48.55020662812582]
17, 6, 0, [8.522241983140109, -51.959528481017074]
17, 7, 0, [7.951508708302672, -51.98369033185148]
17, 8, 0, [7.080250372304263, -49.222372862726615]
17, 9, 0, [-1.3371051217680578, -45.856939143532045]
18, 0, 0.9293831483, [0.76236033277834, -48.55020662812582]
18, 1, 0.9249810162, [0.8485330235341466, -50.02750030611235]
18, 2, 0.7501426516, [1.5392688331506164, -48.833679120068304]
18, 3, 0.6950454281, [1.728945053776407, -47.87991744866274]
18, 4, 0.5887749486, [2.1004553791516987, -48.096921276507594]
18, 5, 0, [3.004890823583281, -47.2781404651467]
18, 6, 0, [-0.3472285633670753, -49.35963602632955]
18, 7, 0, [2.942640830779094, -52.6269964966725]
18, 8, 0, [-0.27600426101562414, -48.36443034391756]
18, 9, 0, [-1.1348102317417545, -47.003453837814654]
19, 0, 0.933233155, [0.7552756375717153, -48.80759436829942]
19, 1, 0.9293831483, [0.76236033277834, -48.55020662812582]
19, 2, 0.9254988899, [0.774871274107543, -48.45665607133271]
19, 3, 0.8772415847, [1.1939009283423814, -50.721499731870864]
19, 4, 0.8266108443, [1.3282893530559714, -56.431001902777055]
19, 5, 0.8058580837, [1.4054165394104885, -53.744806123843304]
19, 6, 0.6695608859, [1.8198621061511575, -55.96334216376289]
19, 7, 0.5716879002, [0.08930883007403567, -52.00498160300194]
19, 8, 0, [2.5676269434143335, -40.5155127157584]
19, 9, 0, [-0.9477368551756135, -48.30637594783167]
20, 0, 0.9338804914, [0.7555653452860781, -48.929449911289396]
20, 1, 0.933233155, [0.7552756375717153, -48.80759436829942]
20, 2, 0.9311457256, [0.7626500404927028, -48.63639188670025]
20, 3, 0.9260500754, [0.76236033277834, -50.944129801900004]
20, 4, 0.8096889144, [0.26333148729032607, -49.57782264054183]
20, 5, 0, [-3.3581078659598855, -47.334803543374356]
20, 6, 0, [-0.9891253291338766, -51.30581254523711]
20, 7, 0, [2.5385137335677688, -41.625635169526824]
20, 8, 0, [5.5515036701503435, -48.63212521981606]
20, 9, 0, [-1.014438597139431, -49.98611649116977]
21, 0, 0.9338804914, [0.7555653452860781, -48.929449911289396]
21, 1, 0.9320656075, [0.7554204914288967, -49.304982261089165]
21, 2, 0.9311457256, [0.7626500404927028, -48.63639188670025]
21, 3, 0.9293951701, [0.7588179851750276, -49.87586208509971]
21, 4, 0.6963890801, [1.725764346840784, -48.63639188670025]
21, 5, 0.487996765, [0.00016100595575052612, -49.9367898565947]
21, 6, 0, [2.5942270514747503, -49.87136433260308]
21, 7, 0, [-7.153735790984398, -49.19270850442062]
21, 8, 0, [3.0430482785880733, -50.6460638884785]
21, 9, 0, [-0.4011282498462756, -44.233402848509584]
22, 0, 0.9338804914, [0.7555653452860781, -48.929449911289396]
22, 1, 0.9336908697, [0.7554929183574874, -49.11721608618928]
22, 2, 0.9307883899, [0.7555653452860781, -48.57584880312394]
22, 3, 0.9261420883, [0.7591076928893905, -51.55049869654616]
22, 4, 0.9242518429, [0.7590835544464473, -52.01364793670065]
22, 5, 0.8210953896, [0.2359390526719619, -44.46992920043033]
22, 6, 0, [-3.3354216419770566, -48.69478015256436]
22, 7, 0, [-4.646174154857659, -48.987838177153506]
22, 8, 0, [-4.047008210172305, -47.251576531629645]
22, 9, 0, [4.180879902090768, -49.126427519373685]
23, 0, 0.9338804914, [0.7555213546648242, -49.04113073791171]
23, 1, 0.9338804914, [0.7555653452860781, -48.929449911289396]
23, 2, 0.9255841711, [0.757300305623439, -50.92788434286165]
23, 3, 0.9231342115, [0.7555653452860781, -46.14192292081174]
23, 4, 0.9223185486, [0.7555653452860781, -45.74627756024282]
23, 5, 0.9217202438, [0.7555937815934148, -45.89124953012071]
23, 6, 0, [-3.883748590302878, -50.3984823316442]
23, 7, 0, [-1.045564113749026, -48.97209302303977]
23, 8, 0, [5.392389879228848, -51.55049869654616]
23, 9, 0, [5.099558885842889, -52.24090277905908]
24, 0, 0.9338804914, [0.7555213546648242, -49.04113073791171]
24, 1, 0.9259202075, [0.7555653452860781, -51.39641621736826]
24, 2, 0.9160329973, [0.7585152957740563, -54.13393942669993]
24, 3, 0.7283089084, [0.15241998439628468, -47.604799457097464]
24, 4, 0.7269593477, [1.6351354965995575, -52.35238315205384]
24, 5, 0.6728384355, [1.7912484278518694, -48.199561738596735]
24, 6, 0.6053798831, [2.0414981470399685, -54.835150653246686]
24, 7, 0.5402445309, [2.429392301538529, -49.02231489841105]
24, 8, 0, [-2.8099547918650827, -48.985290324600555]
24, 9, 0, [3.4739731070585833, -47.324194639784295]
25, 0, 0.9338804914, [0.7555213546648242, -49.04113073791171]
25, 1, 0.9199473858, [0.7570183252194402, -52.84136743505864]
25, 2, 0.919570329, [0.9346653627543011, -50.02163059764566]
25, 3, 0, [-1.7673554230859052, -40.051819158651355]
25, 4, 0, [2.8173759753574856, -48.1916257655879]
25, 5, 0, [-7.0324111839020205, -54.33077320800642]
25, 6, 0, [4.339913499052785, -57.03585998198966]
25, 7, 0, [-0.725497544872877, -54.13393942669993]
25, 8, 0, [-2.6071450827477167, -47.61287560183693]
25, 9, 0, [-5.8633652448917255, -47.72682022837092]
26, 0, 0.9338804914, [0.7555213546648242, -49.04113073791171]
26, 1, 0.9251846507, [0.8450933587095626, -49.531380667778684]
26, 2, 0.9208511812, [0.7896262723650898, -46.29521992831051]
26, 3, 0.9150101663, [0.5824021647312789, -51.10911206314215]
26, 4, 0.9100509963, [0.7562698399421321, -54.9904096711513]
26, 5, 0.5273501694, [2.5041746347141896, -49.419297346815014]
26, 6, 0, [5.954858200521189, -52.444234822864644]
26, 7, 0, [-3.7106959860440085, -49.38734526136722]
26, 8, 0, [7.40851287192164, -47.88874511754109]
26, 9, 0, [-2.2753211867376777, -46.87284725886491]
27, 0, 0.9338804914, [0.7555213546648242, -49.04113073791171]
27, 1, 0.933531045, [0.6860142185481843, -48.62175549340478]
27, 2, 0.9251846507, [0.8450933587095626, -49.531380667778684]
27, 3, 0.6516760888, [0.09022430648580293, -46.82434550828374]
27, 4, 0.5450711044, [2.360364358928699, -49.531380667778684]
27, 5, 0, [-0.8951237309210696, -51.384334597429664]
27, 6, 0, [-0.3093116112959742, -53.41249958543333]
27, 7, 0, [-3.9495354876929847, -50.34240420068345]
27, 8, 0, [7.6702576892265135, -49.59050275815323]
27, 9, 0, [5.860400922013641, -48.70216599572633]
28, 0, 0.9339015012, [0.7207677866065043, -49.229960425229145]
28, 1, 0.9338804914, [0.7555213546648242, -49.04113073791171]
28, 2, 0.9210589085, [0.8003073566871934, -47.49150640303741]
28, 3, 0.7242797476, [1.631986348137048, -49.286255702845196]
28, 4, 0, [3.315959621111223, -49.286255702845196]
28, 5, 0, [4.802501911793333, -46.08271893909004]
28, 6, 0, [3.2934309662602788, -49.637815883651776]
28, 7, 0, [4.088107475620372, -47.36274601050822]
28, 8, 0, [-3.79777932894322, -52.39008781370054]
28, 9, 0, [6.402105924924433, -52.39788354109075]
29, 0, 0.9339015012, [0.7207677866065043, -49.229960425229145]
29, 1, 0.9222826851, [0.7779143556760089, -46.71135923435942]
29, 2, 0.6633217206, [0.058305260154395855, -41.106079968418506]
29, 3, 0.6318259692, [1.9385111518598774, -48.50504524613773]
29, 4, 0.6098100649, [2.0070993764333913, -49.43388815444046]
29, 5, 0, [4.19845268466507, -51.028158340929714]
29, 6, 0, [-0.29013673021628517, -49.229960425229145]
29, 7, 0, [-4.284210564071943, -49.44634549484596]
29, 8, 0, [-1.521128987139198, -50.93040545857172]
29, 9, 0, [-5.94997967326033, -45.62645981933924]
30, 0, 0.9339015012, [0.7207677866065043, -49.229960425229145]
30, 1, 0.9320241472, [0.7410324706439433, -49.23379545179262]
30, 2, 0.9231342143, [0.7755714221533634, -46.6222079710067]
30, 3, 0.9116648623, [0.7207677866065043, -43.70827248280405]
30, 4, 0.5859737335, [2.1506994086103455, -49.1984771868263]
30, 5, 0.5372865531, [2.440508830926447, -47.16807549643282]
30, 6, 0, [7.423806749891015, -55.076009659969486]
30, 7, 0, [3.8250080703934373, -50.1112488879239]
30, 8, 0, [5.744028351769678, -44.91415490953881]
30, 9, 0, [3.9349480166818775, -48.956115209838245]
