0, 0, 0.8762262503, [2.337993794602593, -59.249677343319995]
0, 1, 0.8539848597, [2.3745955322283314, -43.6517555819035]
0, 2, 0.7573288825, [2.6776492495740434, -39.69901537731266]
0, 3, 0.7258208774, [1.5767263688984465, -59.10608341685789]
0, 4, 0.6939671511, [2.933006598372393, -59.80503720965817]
0, 5, 0.6428161502, [0.8715421771424384, -42.32202948372274]
0, 6, 0.6055534427, [0.8652329118126117, -44.839341356899126]
0, 7, 0.6014459419, [1.0626026142919174, -53.30367785553532]
0, 8, 0.4658191278, [3.222628486966959, -57.391835021117515]
0, 9, 0.2309268864, [0.1928758938935227, -54.034870479400546]
1, 0, 0.9111041139, [1.9756609505633889, -50.59482666178129]
1, 1, 0.8762262503, [2.337993794602593, -59.249677343319995]
1, 2, 0.8159015468, [2.5894277252003675, -45.6237559269404]
1, 3, 0.7258208774, [1.5767263688984465, -59.10608341685789]
1, 4, 0.6896498628, [1.4870065908548062, -59.10608341685789]
1, 5, 0.5462471291, [3.1394083021291896, -58.70627733026646]
1, 6, 0.282471465, [-2.766056753996141, -45.416942034171505]
1, 7, 0, [5.066765223531249, -48.9511141777228]
1, 8, 0, [8.25155165726845, -51.62784011963809]
1, 9, 0, [4.401860664492758, -53.19287658514668]
2, 0, 0.9111041139, [1.9756609505633889, -50.59482666178129]
2, 1, 0.9111041139, [1.9756609505633889, -50.59482666178129]
2, 2, 0.8731486622, [1.4439470265280794, -46.992852326088766]
2, 3, 0.8365494426, [1.3561902722266557, -51.0404496587208]
2, 4, 0.7960108652, [2.3197105159340445, -36.913938462307016]
2, 5, 0.7318953635, [1.2481643498509916, -54.229410579995]
2, 6, 0.6749748387, [1.1325945225449896, -52.20098561709655]
2, 7, 0.6162906069, [0.708946300155373, -37.500838051963534]
2, 8, 0.2609281251, [-0.7405688458307718, -47.59092589327915]
2, 9, 0.2349643737, [0.2754210482591877, -54.92225200255064]
3, 0, 0.9111041139, [1.9756609505633889, -50.59482666178129]
3, 1, 0.9111041139, [1.9756609505633889, -50.59482666178129]
3, 2, 0.8927037011, [2.2473652601688245, -49.10086320755845]
3, 3, 0.8900677465, [1.7098039885457341, -41.84532545062047]
3, 4, 0.8552632946, [1.3561902722266557, -45.5172923413591]
3, 5, 0.8127183524, [1.3725094283101251, -52.85453847100512]
3, 6, 0.7488358462, [1.190491925288488, -50.59482666178129]
3, 7, 0.6547184562, [1.0441469181732543, -48.793839493935025]
3, 8, 0.3112189204, [0.4139256206526847, -52.349261595897474]
3, 9, 0.2399888758, [-0.16586345969585548, -49.479415188715464]
4, 0, 0.9173471057, [1.80177776619774, -51.8269620581699]
4, 1, 0.9150431747, [1.7567248720198614, -49.80735435508611]
4, 2, 0.9134283971, [1.80177776619774, -47.576385168221]
4, 3, 0.9125913721, [2.028429181625297, -51.46140290277456]
4, 4, 0.9111041139, [1.9756609505633889, -50.59482666178129]
4, 5, 0.9080886575, [1.9756609505633889, -52.86473827568689]
4, 6, 0.9035782909, [1.9756609505633889, -47.53392995953105]
4, 7, 0.8881687551, [1.9756609505633889, -57.2396291692975]
4, 8, 0.8153754254, [1.2968705264811171, -50.59482666178129]
4, 9, 0.4243443239, [0.8257528390516942, -55.989718182534034]
5, 0, 0.9173471057, [1.80177776619774, -51.8269620581699]
5, 1, 0.9124469813, [1.7549521026359085, -47.160883945763175]
5, 2, 0.9123107276, [2.028429181625297, -51.24331983717884]
5, 3, 0.9092495117, [1.7792513191088006, -45.974388023946155]
5, 4, 0.9080586361, [2.028429181625297, -48.23881420107015]
5, 5, 0.8849281987, [1.9528214894409472, -56.95257867313586]
5, 6, 0.7800903606, [2.718963906612263, -50.57303741519925]
5, 7, 0.6810194731, [2.9504194351384108, -48.10195500888091]
5, 8, 0.2491927084, [0.08785371751789617, -51.2108943599756]
5, 9, 0, [4.466197934028496, -54.52768957761819]
6, 0, 0.9173471057, [1.80177776619774, -51.8269620581699]
6, 1, 0.9152483191, [1.7783649344168242, -49.493923001966536]
6, 2, 0.8982917098, [1.7792513191088006, -44.11300690322062]
6, 3, 0.8750833678, [1.80177776619774, -56.59696926761341]
6, 4, 0.8722051758, [1.5144368472495837, -52.20988092661367]
6, 5, 0.6893594756, [1.0621018183166413, -45.974388023946155]
6, 6, 0.5626581057, [0.9503852606135396, -51.89711720036244]
6, 7, 0.2529584466, [-4.288230692251579, -48.90067504105802]
6, 8, 0.18272777, [-4.270265277279112, -55.10004440144339]
6, 9, 0, [4.966933614112621, -49.98247856492397]
7, 0, 0.9173471057, [1.80177776619774, -51.8269620581699]
7, 1, 0.9152483191, [1.7783649344168242, -49.493923001966536]
7, 2, 0.9084534819, [1.875348898978385, -53.94593688605538]
7, 3, 0.8833543091, [1.4940905999866192, -48.1425523558885]
7, 4, 0.8508377957, [2.5015778728182485, -54.21196566289166]
7, 5, 0.5553368458, [3.130758544879586, -56.941417458939235]
7, 6, 0.5209628738, [3.163008282207789, -51.35317893425215]
7, 7, 0.3478578598, [3.3461312905712792, -51.533895539737735]
7, 8, 0.2466881403, [-0.7851646134827308, -48.87219163687624]
7, 9, 0, [5.417473418529616, -55.01593436409145]
8, 0, 0.9173471057, [1.80177776619774, -51.8269620581699]
8, 1, 0.9114674525, [1.8385633325880626, -52.88644947211264]
8, 2, 0.9045042292, [1.6847197494825021, -51.10179697958037]
8, 3, 0.8942009701, [1.6479341830921796, -52.19903789040304]
8, 4, 0.8486237869, [2.5079716126852243, -49.9847572070292]
8, 5, 0.6415628762, [1.0199983418501701, -49.03359826620641]
8, 6, 0.462625347, [3.2277501001121642, -53.64260908871824]
8, 7, 0.2222434221, [-0.5796525769499539, -51.04424462097194]
8, 8, 0, [3.639652724075639, -50.606361667825894]
8, 9, 0, [5.0728279280670145, -48.81823767892752]
9, 0, 0.9173471057, [1.80177776619774, -51.8269620581699]
9, 1, 0.9146107822, [1.8102483507038207, -51.905777100981815]
9, 2, 0.9102734135, [1.7432487578401212, -46.1588813398828]
9, 3, 0.8582791684, [2.466356926036071, -50.83893722787321]
9, 4, 0.8423685955, [1.3563408498915557, -49.94369571622581]
9, 5, 0.4967587147, [0.6647036345069344, -46.35571717602377]
9, 6, 0.2221329101, [-1.6099596650490375, -51.10179697958037]
9, 7, 0.2210564537, [-0.029184248706884075, -51.65041743499171]
9, 8, 0.2161663346, [-3.956487308080974, -51.8269620581699]
9, 9, 0.2091028948, [-2.336850350853818, -52.16177132019483]
10, 0, 0.9173471057, [1.80177776619774, -51.8269620581699]
10, 1, 0.9173471057, [1.80177776619774, -51.8269620581699]
10, 2, 0.9146107822, [1.8102483507038207, -51.905777100981815]
10, 3, 0.9146107822, [1.8102483507038207, -51.905777100981815]
10, 4, 0.9027372061, [1.9550745951703852, -54.77928638787698]
10, 5, 0.8533336225, [2.477905221051123, -53.82501075628525]
10, 6, 0.8073954698, [1.749489244786127, -58.80237069806962]
10, 7, 0.726941875, [1.8164888376498265, -66.79678657064552]
10, 8, 0.5065123138, [3.1831731582286173, -50.88532888719786]
10, 9, 0, [5.29684127507848, -52.98829832566522]
11, 0, 0.9173471057, [1.80177776619774, -51.8269620581699]
11, 1, 0.9166592213, [1.80177776619774, -50.77083210664104]
11, 2, 0.882658943, [2.3153937471966746, -54.0088849364453]
11, 3, 0.3815691243, [0.5030201692717493, -49.85049121642503]
11, 4, 0.2949220795, [3.3977548951577417, -51.8269620581699]
11, 5, 0.2652299257, [-0.34034270028736624, -47.155825173855916]
11, 6, 0, [3.675388609986933, -55.21751562872531]
11, 7, 0, [-0.4984582960112265, -55.93385818715815]
11, 8, 0, [6.441334192202042, -49.69303837197884]
11, 9, 0, [3.631033133957331, -53.78240675788652]
12, 0, 0.9173471057, [1.80177776619774, -51.8269620581699]
12, 1, 0.9126769946, [2.0331173514774576, -51.8269620581699]
12, 2, 0.8792144613, [2.3569828366628403, -51.08421429899232]
12, 3, 0.8671148397, [2.4362251845070944, -50.199488559137954]
12, 4, 0.8299340002, [1.6051890841936476, -56.46462634921573]
12, 5, 0.4710956211, [3.2188500936546793, -50.77083210664104]
12, 6, 0.2790751997, [0.05621480577200311, -48.59705641309149]
12, 7, 0.2493199138, [-0.5471245580519553, -48.663311942126796]
12, 8, 0, [4.032202313467096, -51.255618510666814]
12, 9, 0, [3.840487312870299, -50.77083210664104]
13, 0, 0.9173471057, [1.80177776619774, -51.8269620581699]
13, 1, 0.9170288523, [1.80177776619774, -49.473903586298164]
13, 2, 0.9111489804, [1.8191532178355527, -52.941157810641194]
13, 3, 0.905001293, [1.8191532178355527, -54.145794203692816]
13, 4, 0.8657360182, [1.8191532178355527, -57.24581353774534]
13, 5, 0.2131375202, [-0.9117094779728343, -51.8269620581699]
13, 6, 0, [5.2387917698142, -57.690412985750015]
13, 7, 0, [-0.11747720343450085, -55.58566926561427]
13, 8, 0, [4.08606889867128, -49.12480497169427]
13, 9, 0, [3.6155695872192855, -51.8269620581699]
14, 0, 0.9173471057, [1.80177776619774, -51.8269620581699]
14, 1, 0.9107429623, [2.041461815960305, -50.21250306465698]
14, 2, 0.9087806702, [1.8191532178355527, -53.4008343047022]
14, 3, 0.8988051531, [2.200126680929211, -51.8269620581699]
14, 4, 0.8977734644, [1.80177776619774, -54.91471680540188]
14, 5, 0.631111218, [1.0967464915618916, -53.039182405698234]
14, 6, 0.4400971778, [3.2480427663748395, -51.80984889499549]
14, 7, 0.2303486214, [-3.506238574668985, -50.65043282223403]
14, 8, 0.199739215, [-2.1676386756453114, -53.11427742443411]
14, 9, 0, [5.517192536364826, -55.21179847337401]
15, 0, 0.9173471057, [1.80177776619774, -51.8269620581699]
15, 1, 0.91657834, [1.844335976971602, -51.74867604723964]
15, 2, 0.9150471898, [1.821501893598631, -52.10430752482394]
15, 3, 0.9090048258, [1.7131949769582515, -51.723500493205044]
15, 4, 0.8863660793, [1.9216197910790225, -56.666916637193694]
15, 5, 0.8397232885, [1.3983791200334665, -52.025234415078366]
15, 6, 0.7977043053, [1.4857727922031532, -56.25131826065223]
15, 7, 0.7715996461, [2.724084723652025, -46.8237702080167]
15, 8, 0.2896751617, [-0.09573126954978473, -44.98373125054572]
15, 9, 0, [4.1460827307437835, -55.08041280155354]
16, 0, 0.9173471057, [1.80177776619774, -51.8269620581699]
16, 1, 0.9141030517, [1.80177776619774, -47.65973140148569]
16, 2, 0.905861494, [1.8329189352851163, -54.09433286741168]
16, 3, 0.8893167692, [1.8329189352851163, -56.00732043979531]
16, 4, 0.6985960095, [1.1967563946786455, -53.90585854887874]
16, 5, 0.2393022515, [-2.2811305897195076, -49.73275510151281]
16, 6, 0.2199634835, [-1.4706526781423783, -51.31627073608413]
16, 7, 0.2115845253, [-0.4385700090029483, -51.856370327738375]
16, 8, 0, [5.667277105937433, -49.69970576704715]
16, 9, 0, [3.7384434552218213, -51.78781905270477]
17, 0, 0.9173471057, [1.80177776619774, -51.8269620581699]
17, 1, 0.9170290852, [1.80177776619774, -49.77282351337267]
17, 2, 0.9049731695, [2.024242610807439, -54.55328396544199]
17, 3, 0.8157843016, [1.3145521319858848, -51.56639498920054]
17, 4, 0.6925821197, [1.1298381720366388, -50.79697679778884]
17, 5, 0.6714535941, [1.0514147043612039, -47.65973140148569]
17, 6, 0.4079230852, [3.277434760724125, -51.8269620581699]
17, 7, 0.2598450573, [-2.218537845875888, -47.65973140148569]
17, 8, 0, [9.22957165011533, -49.705979462101645]
17, 9, 0, [7.774283332662021, -47.66142194721433]
18, 0, 0.9173471057, [1.80177776619774, -51.8269620581699]
18, 1, 0.9171117212, [1.80177776619774, -50.88504722630188]
18, 2, 0.7549006465, [2.813758510252341, -50.690796162709695]
18, 3, 0.7427233334, [2.847358815224987, -51.184670528378554]
18, 4, 0.6218321985, [3.053700121815292, -48.95446819669712]
18, 5, 0.4975425928, [0.8088091954603098, -51.17530905796452]
18, 6, 0.4451175637, [0.7375848931088587, -52.170514740376504]
18, 7, 0.2416207382, [-0.04999677526582058, -49.81433255186161]
18, 8, 0.193799061, [-3.4183211855665174, -53.89001727775133]
18, 9, 0, [4.089704280059215, -50.089019179193656]
19, 0, 0.9173471057, [1.80177776619774, -51.8269620581699]
19, 1, 0.9164468133, [1.8015047639658763, -51.94096035302803]
19, 2, 0.9164468133, [1.80177776619774, -51.991071154162874]
19, 3, 0.885894449, [2.3077681382250406, -52.07883171328632]
19, 4, 0.8825917752, [2.2886187909261895, -57.19527017878596]
19, 5, 0.8430722096, [2.5192837492931477, -55.10213810525876]
19, 6, 0.6924223437, [2.9337293160338165, -57.320674145178344]
19, 7, 0.5543597677, [0.9843736061200286, -53.53595409083983]
19, 8, 0.2480017155, [0.13102395789144272, -51.8269620581699]
19, 9, 0.2459013723, [0.09168057824378661, -51.583131377875745]
20, 0, 0.9173471057, [1.80177776619774, -51.8269620581699]
20, 1, 0.9165234775, [1.801515927586936, -52.0144406770946]
20, 2, 0.9164468133, [1.8017889298187997, -51.93611266665201]
20, 3, 0.9033919224, [1.8015047639658763, -54.334883526802216]
20, 4, 0.7870725201, [1.3061547671971065, -52.78288334792818]
20, 5, 0.2277587491, [-2.3189634347723493, -50.72555726827657]
20, 6, 0.2226399365, [-0.08981220211666896, -51.19334462058551]
20, 7, 0.2052994087, [0.053697950772903846, -54.510873252623455]
20, 8, 0, [3.5752180439258794, -44.90252655587715]
20, 9, 0, [6.588207980508455, -51.90901660616639]
21, 0, 0.9173471057, [1.80177776619774, -51.8269620581699]
21, 1, 0.9164468133, [1.8017889298187997, -51.93611266665201]
21, 2, 0.9153973757, [1.801646846892338, -52.357161488927005]
21, 3, 0.9101726075, [1.8015103457764061, -53.17466210194841]
21, 4, 0.768196616, [2.7649032361668806, -51.93611266665201]
21, 5, 0.5928085405, [1.0428394320053496, -53.08092279248606]
21, 6, 0.4704876267, [0.6415641107551029, -47.53220286535828]
21, 7, 0.271140108, [0.22858803050620513, -51.59021222233124]
21, 8, 0.2109188602, [-6.109204006023398, -52.39866201251139]
21, 9, 0, [3.6404534069381915, -52.92354356044092]
22, 0, 0.9174549949, [1.80177776619774, -51.47336095000444]
22, 1, 0.9173471057, [1.80178334800827, -51.88153736241095]
22, 2, 0.9173471057, [1.80177776619774, -51.8269620581699]
22, 3, 0.899178491, [1.8017123065450389, -54.859639571099784]
22, 4, 0.893853255, [1.8015321799323167, -55.38185251805898]
22, 5, 0.8232828861, [1.282151473583624, -47.36744134731083]
22, 6, 0.2369797521, [-3.0010395243761523, -50.21849324301978]
22, 7, 0.2127497938, [-3.599864030185209, -51.932597880179706]
22, 8, 0.2050929022, [-2.296327131816633, -52.462797310936814]
22, 9, 0, [5.227170331741551, -51.89074879559536]
23, 0, 0.9174549949, [1.80177776619774, -51.47336095000444]
23, 1, 0.9173723049, [1.80177776619774, -49.02059778161062]
23, 2, 0.9172687821, [1.80177776619774, -51.629111706336275]
23, 3, 0.9165701917, [1.80177776619774, -49.393036175857695]
23, 4, 0.9159866983, [1.80177776619774, -48.29018859895786]
23, 5, 0.9062117138, [1.8017478272766545, -53.9646154182493]
23, 6, 0.2397098274, [-0.6426072183396394, -49.44832758698884]
23, 7, 0.2335582985, [0.0006483071626359749, -51.51600406175481]
23, 8, 0.1981784387, [-2.8393010686496623, -53.43521340703185]
23, 9, 0, [6.4349944928844955, -54.859639571099784]
24, 0, 0.9174549949, [1.80177776619774, -51.487564087689485]
24, 1, 0.9174549949, [1.80177776619774, -51.47336095000444]
24, 2, 0.9032920878, [1.80177776619774, -54.43346828578759]
24, 3, 0.7947275527, [2.680132927360602, -52.0418325179881]
24, 4, 0.7497551768, [2.8374828440741586, -50.68763236400062]
24, 5, 0.7148132427, [1.1986032176937353, -52.91343792051928]
24, 6, 0.5939271395, [3.087732563262257, -57.323221278650564]
24, 7, 0.2176444052, [-1.7637203756427937, -51.47336095000444]
24, 8, 0, [4.520207523280872, -49.81226526518818]
24, 9, 0, [3.4755755348359796, -54.33095336183286]
25, 0, 0.9174549949, [1.80177776619774, -51.487564087689485]
25, 1, 0.9053722554, [1.80177776619774, -54.21434853949136]
25, 2, 0.7782042276, [2.7216500400029178, -53.46336380297987]
25, 3, 0.3191225853, [0.01962925416271144, -43.49355236398557]
25, 4, 0.2530076948, [0.3177649255508068, -54.43346828578759]
25, 5, 0.251895465, [-4.818605803913425, -49.09980133280364]
25, 6, 0.2142522098, [-0.07943213978339925, -52.04990866272757]
25, 7, 0.1902202052, [-5.989148713478336, -54.63030206709408]
25, 8, 0, [4.604360652606102, -51.63335897092211]
25, 9, 0, [5.383175969476469, -57.33538884107732]
26, 0, 0.9174549949, [1.80177776619774, -51.487564087689485]
26, 1, 0.9079887291, [1.9982742238447373, -53.51646921802562]
26, 2, 0.8902383118, [2.261713903100329, -52.47546394533468]
26, 3, 0.870144832, [1.80177776619774, -56.90011689825655]
26, 4, 0.8498620227, [1.8109605837937808, -38.10022672469501]
26, 5, 0.5845979499, [0.9107035101802258, -48.85395045173847]
26, 6, 0.242105591, [-0.8594491276242194, -49.28020441374838]
26, 7, 0.2067782573, [-2.2940754416532423, -52.33142853892322]
26, 8, 0, [7.000366126776797, -54.353942049969895]
26, 9, 0, [3.920046693827648, -51.826654501698485]
27, 0, 0.9174549949, [1.80177776619774, -51.487564087689485]
27, 1, 0.9079887291, [1.9982742238447373, -53.51646921802562]
27, 2, 0.9061469225, [2.0317458346490347, -54.607379919474056]
27, 3, 0.832796767, [1.3493963276198806, -51.13768419168471]
27, 4, 0.3882528005, [0.790407027038071, -56.62826053544568]
27, 5, 0.264811493, [0.16066143309766812, -51.09591817927972]
27, 6, 0.2241251304, [0.2045949074129756, -54.60009554744202]
27, 7, 0.202353987, [-3.0289960930444213, -52.97439293002463]
27, 8, 0, [3.513545224063874, -53.51646921802562]
27, 9, 0, [8.697721537477335, -53.76114668796357]
28, 0, 0.9174549949, [1.80177776619774, -51.487564087689485]
28, 1, 0.9148122893, [1.9167618004233873, -51.25272270377399]
28, 2, 0.9100514166, [1.9000259950212386, -52.90053396242845]
28, 3, 0.770937888, [2.748440791873242, -53.047472003581774]
28, 4, 0.2211103223, [-2.4520689814404686, -51.30205969234375]
28, 5, 0, [4.432414064847418, -53.047472003581774]
28, 6, 0, [5.848758323326249, -48.52915228886782]
28, 7, 0, [4.339687377793195, -52.08424923342955]
28, 8, 0, [5.204561919356566, -51.123962311244796]
28, 9, 0, [-2.6185211205284857, -56.06066135089984]
29, 0, 0.9174549949, [1.80177776619774, -51.487564087689485]
29, 1, 0.9142020896, [1.8662077006103144, -52.989082076505866]
29, 2, 0.9134712199, [1.908393897722313, -50.52166899698608]
29, 3, 0.7514464468, [1.1393152397456316, -43.363683630878846]
29, 4, 0.4810934334, [0.7908732493749506, -51.487564087689485]
29, 5, 0.274906376, [-0.8681888262311555, -46.099193051042505]
29, 6, 0.2294239659, [-0.3937338321948781, -50.465968981713885]
29, 7, 0.2230869236, [-6.616455548126698, -51.40726923042211]
29, 8, 0.2168960149, [-0.32514560762136424, -51.39481189001661]
29, 9, 0.2113630709, [-2.576598090185543, -52.003788727635076]
30, 0, 0.9174549949, [1.80177776619774, -51.487564087689485]
30, 1, 0.9165152068, [1.8635661587705328, -52.567146470134794]
30, 2, 0.9162929021, [1.8246251966679008, -51.489850420830884]
30, 3, 0.9094174561, [1.80177776619774, -45.96587614526439]
30, 4, 0.8414144017, [2.420825405504277, -42.16157465297593]
30, 5, 0.5449976796, [3.1357521045676315, -43.81475359457936]
30, 6, 0.4550722094, [3.2317093882015815, -51.45608084928664]
30, 7, 0, [8.508458412153786, -59.34367291227288]
30, 8, 0, [4.909659732656207, -54.37891214022729]
30, 9, 0, [6.834904443136706, -51.190329058263174]
