0, 0, 0.9192035361, [1.5767263688984465, -59.10608341685789]
0, 1, 0.8987451526, [1.0626026142919174, -53.30367785553532]
0, 2, 0.8497389317, [0.8652329118126117, -44.839341356899126]
0, 3, 0.8461833531, [0.8715421771424384, -42.32202948372274]
0, 4, 0.8057693608, [2.337993794602593, -59.249677343319995]
0, 5, 0.7860998181, [2.3745955322283314, -43.6517555819035]
0, 6, 0.6398264492, [2.6776492495740434, -39.69901537731266]
0, 7, 0.4870644249, [2.933006598372393, -59.80503720965817]
0, 8, 0.357347661, [0.1928758938935227, -54.034870479400546]
0, 9, 0, [3.222628486966959, -57.391835021117515]
1, 0, 0.932825505, [1.401270694707231, -52.35429020282067]
1, 1, 0.9316271293, [1.3196644915951818, -55.420787798597196]
1, 2, 0.9275205985, [1.4678258686939611, -48.250429659994595]
1, 3, 0.9250831013, [1.4870065908548062, -59.10608341685789]
1, 4, 0.9192035361, [1.5767263688984465, -59.10608341685789]
1, 5, 0.9192035361, [1.5767263688984465, -59.10608341685789]
1, 6, 0.3017259105, [-2.068915147283671, -45.390684957074555]
1, 7, 0.2406674213, [-3.9542137844892773, -52.14747631005178]
1, 8, 0, [3.4241766132555425, -44.316109174305595]
1, 9, 0, [6.608963046992745, -46.99283511622088]
2, 0, 0.932825505, [1.401270694707231, -52.35429020282067]
2, 1, 0.932825505, [1.401270694707231, -52.35429020282067]
2, 2, 0.9177021351, [1.118303330586919, -51.078075736866865]
2, 3, 0.9035248817, [1.2552888658060257, -43.667069119825655]
2, 4, 0.8392736532, [0.827241651365466, -47.17441454850381]
2, 5, 0.6630859031, [0.5582042666888317, -53.96044915813593]
2, 6, 0.565160546, [0.3950411755976322, -51.338017038462446]
2, 7, 0.4882661739, [0.4001682936697095, -56.42247921704179]
2, 8, 0.2519565694, [-1.5885649020120538, -49.78399453032594]
2, 9, 0.2004375878, [-0.5209387311725968, -53.887539000708934]
3, 0, 0.932825505, [1.401270694707231, -52.35429020282067]
3, 1, 0.932825505, [1.401270694707231, -52.35429020282067]
3, 2, 0.9177165542, [1.6729750043126665, -50.86032674859783]
3, 3, 0.9115987896, [1.2597870126470752, -44.76766892652922]
3, 4, 0.8589821682, [1.2552888658060257, -38.143911802463954]
3, 5, 0.8049969765, [0.7981191724539674, -54.6140020120445]
3, 6, 0.714968271, [0.6161016694323302, -52.35429020282067]
3, 7, 0.7040986855, [0.5941299422745954, -51.71618296984377]
3, 8, 0.229590359, [-0.7402537155520132, -51.238878729754845]
3, 9, 0, [3.750820339833374, -56.39963141226081]
4, 0, 0.9330372756, [1.4540389257691393, -53.22086644381394]
4, 1, 0.932825505, [1.401270694707231, -52.35429020282067]
4, 2, 0.9318850554, [1.401270694707231, -54.62420181672627]
4, 3, 0.930827549, [1.464131935059346, -49.020003559242014]
4, 4, 0.9303119924, [1.401270694707231, -49.29339350057043]
4, 5, 0.926609293, [1.1823346161637038, -51.56681789612549]
4, 6, 0.9263448969, [1.401270694707231, -58.99909271033688]
4, 7, 0.9124496231, [1.464131935059346, -44.76942666929312]
4, 8, 0.780945419, [0.7224802706249593, -52.35429020282067]
4, 9, 0.3893321378, [3.0729540083568425, -53.983691840483154]
5, 0, 0.9330372756, [1.4540389257691393, -53.22086644381394]
5, 1, 0.9321724461, [1.3994979253232782, -50.006686104241375]
5, 2, 0.9315722236, [1.401270694707231, -50.771764272066065]
5, 3, 0.9307426339, [1.464131935059346, -48.80192049364629]
5, 4, 0.9253130813, [1.491756941298568, -56.99881428535245]
5, 5, 0.9194430942, [1.464131935059346, -45.7974148575376]
5, 6, 0.8036183063, [2.3635097292996328, -53.11997326293381]
5, 7, 0.7109137787, [2.5949652578257805, -50.648890856615466]
5, 8, 0.2279054952, [-0.373210830624483, -51.25712997219219]
5, 9, 0, [3.6728715996288104, -53.528635508800434]
6, 0, 0.9331425943, [1.4267684255462088, -51.61377627402766]
6, 1, 0.9330372756, [1.4540389257691393, -53.22086644381394]
6, 2, 0.9276986728, [1.4540389257691393, -57.99087365325745]
6, 3, 0.9246856806, [1.1666980068209831, -53.60378531225771]
6, 4, 0.9243221286, [1.464131935059346, -46.94053937292076]
6, 5, 0.8134549734, [0.7469824342671866, -48.80192049364629]
6, 6, 0.6894805294, [0.5987887517429241, -54.01697047242356]
6, 7, 0.254939734, [-4.619659804490607, -51.01139346873012]
6, 8, 0.1929671102, [-4.618004117707713, -56.49394878708743]
6, 9, 0, [4.635504501873593, -52.09319699259607]
7, 0, 0.9331425943, [1.4267684255462088, -51.61377627402766]
7, 1, 0.9330372756, [1.4540389257691393, -53.22086644381394]
7, 2, 0.9279687595, [1.1697645913389343, -51.8694957977359]
7, 3, 0.9249497413, [1.5326565631948879, -49.81467413153108]
7, 4, 0.8754815179, [1.9965333228041042, -52.608780793142685]
7, 5, 0.6911594323, [2.6257139948654418, -55.33823258919026]
7, 6, 0.4815787106, [2.9371800269026767, -48.0371197515058]
7, 7, 0.3824948982, [3.0787614470004803, -42.800247376469535]
7, 8, 0, [5.074781082746118, -50.88467160956715]
7, 9, 0, [3.8155965730912857, -55.859318716115425]
8, 0, 0.9331425943, [1.4267684255462088, -51.61377627402766]
8, 1, 0.9328972207, [1.4797124943705482, -52.92850588615321]
8, 2, 0.932726175, [1.2982665084425715, -51.74163603588178]
8, 3, 0.9305921033, [1.3512105772669112, -50.89963732324192]
8, 4, 0.8091013059, [2.3397499239635926, -50.71422520277937]
8, 5, 0.6719649278, [0.47970151770467906, -47.888784829975556]
8, 6, 0.52722631, [2.878082425462556, -55.39948791757082]
8, 7, 0.2359540815, [-0.9131617491655448, -50.842084964633486]
8, 8, 0, [3.289985049426031, -52.36324049667848]
8, 9, 0, [4.929947905347307, -51.517770287672505]
9, 0, 0.9333167249, [1.4360671167299799, -51.90910412459339]
9, 1, 0.9331425943, [1.4267684255462088, -51.61377627402766]
9, 2, 0.9221265188, [1.3625174669943902, -46.37220797596238]
9, 3, 0.8810129955, [0.9756095590458246, -50.1570223523054]
9, 4, 0.8613848381, [2.0807317916738315, -51.69528909192844]
9, 5, 0.5525674807, [0.289694293855403, -46.142531391881526]
9, 6, 0.2463693311, [-4.3314966487325055, -51.61377627402766]
9, 7, 0.2325890258, [-1.9964129060889682, -51.74163603588178]
9, 8, 0.2271574946, [-0.3707726721394837, -51.32063667956185]
9, 9, 0.2250778227, [-2.7233035918937487, -52.80161037649624]
10, 0, 0.9333167249, [1.4360671167299799, -51.90910412459339]
10, 1, 0.9333167249, [1.4360671167299799, -51.90910412459339]
10, 2, 0.9331425943, [1.4267684255462088, -51.61377627402766]
10, 3, 0.9331425943, [1.4267684255462088, -51.61377627402766]
10, 4, 0.929367106, [1.3685019401974836, -57.79883282652642]
10, 5, 0.9255675814, [1.5730184623130365, -54.68491230177241]
10, 6, 0.9187747525, [1.4327528987493021, -65.28792123606857]
10, 7, 0.8543072253, [2.1121945715833625, -53.907152822708746]
10, 8, 0, [4.91203650790925, -52.3885967765269]
10, 9, 0, [3.362513304385875, -51.802196608260914]
11, 0, 0.9333167249, [1.4360671167299799, -51.90910412459339]
11, 1, 0.9321096088, [1.4360671167299799, -50.85297417306453]
11, 2, 0.8821827468, [1.9496830977289146, -54.09102700286879]
11, 3, 0.4161740748, [3.0320442456899817, -51.90910412459339]
11, 4, 0.3835497894, [0.12842488195906343, -49.745561836159695]
11, 5, 0.3477138917, [3.1226989500930458, -58.67307665938702]
11, 6, 0.2737792186, [-0.7060533497551265, -47.2379672402794]
11, 7, 0.1767549752, [-0.8302859503999722, -56.452014845593915]
11, 8, 0, [6.075623542734282, -49.77518043840233]
11, 9, 0, [3.265322484489571, -53.86454882431001]
12, 0, 0.9333167249, [1.4360671167299799, -51.90910412459339]
12, 1, 0.9207612876, [1.1944892880161886, -56.58657636511565]
12, 2, 0.9182918489, [1.6674067020096972, -51.90910412459339]
12, 3, 0.8809254641, [1.9558930120191564, -50.253887960046924]
12, 4, 0.7621094477, [0.6482507772482401, -49.14647562314209]
12, 5, 0.5448475588, [2.853139444186919, -50.85297417306453]
12, 6, 0.2678264718, [-0.14457823877984222, -48.7497812519593]
12, 7, 0.258300977, [-0.9128352075197155, -48.74545400855029]
12, 8, 0, [3.474776663402539, -50.85297417306453]
12, 9, 0, [9.59842624264343, -52.21871940099729]
13, 0, 0.9333167249, [1.4360671167299799, -51.90910412459339]
13, 1, 0.9309350623, [1.4360671167299799, -49.55604565272166]
13, 2, 0.8617086086, [0.9213700326322143, -51.66188960107724]
13, 3, 0.857107091, [0.9213700326322143, -52.866525994128864]
13, 4, 0.8451409109, [0.9213700326322143, -55.96654532818139]
13, 5, 0.6054944897, [2.7769415237580164, -56.58657636511565]
13, 6, 0.2011841998, [-1.513878834437349, -54.247840244854515]
13, 7, 0.1962819529, [-1.0152603886378393, -54.30640105605032]
13, 8, 0, [4.636622413349685, -60.11129117243463]
13, 9, 0, [3.720358249203519, -49.20694703811776]
14, 0, 0.9333167249, [1.4360671167299799, -51.90910412459339]
14, 1, 0.9315704367, [1.4360671167299799, -54.996858871825374]
14, 2, 0.9181914716, [1.6757511664925446, -50.29464513108047]
14, 3, 0.8585686349, [0.9213700326322143, -52.12156609513825]
14, 4, 0.696769332, [2.6162958490392905, -51.21128582342526]
14, 5, 0.6064908964, [0.4649995742263425, -52.440619334128]
14, 6, 0.2584848299, [-3.8719492241367455, -50.732574888657524]
14, 7, 0.2288643521, [-2.799385592980861, -52.51571435286388]
14, 8, 0, [7.1786627124963704, -57.63267666005863]
14, 9, 0, [3.861596857060756, -54.247840244854515]
15, 0, 0.9333167249, [1.4360671167299799, -51.90910412459339]
15, 1, 0.9287422363, [1.5086752408657023, -51.828799287468854]
15, 2, 0.9265912924, [1.4360671167299799, -59.10016557398964]
15, 3, 0.9247494325, [1.22068563292772, -56.938749993385095]
15, 4, 0.9127782618, [1.7081497556174834, -48.99609952500793]
15, 5, 0.8856712505, [1.0021156271382494, -50.317707924878356]
15, 6, 0.7924591438, [0.774693442383151, -54.845525692325545]
15, 7, 0.6525815355, [2.702183565410783, -53.64955465450517]
15, 8, 0.3300439738, [-0.03374070689296649, -45.19503308810755]
15, 9, 0.2839613077, [-1.4752895957522656, -46.43243522333189]
16, 0, 0.9333167249, [1.4360671167299799, -51.90910412459339]
16, 1, 0.9284013182, [1.472371178797841, -57.63232351210914]
16, 2, 0.9270421958, [1.472371178797841, -59.545311084492766]
16, 3, 0.9250717504, [1.4360671167299799, -47.74187346790919]
16, 4, 0.8106630458, [0.7852222814733283, -52.40496379570115]
16, 5, 0.2573036154, [-2.631816282506337, -49.81388775483916]
16, 6, 0.2348740096, [-1.8363633276101385, -51.39841280250762]
16, 7, 0.2193040912, [-0.8195512787808086, -52.14514413118429]
16, 8, 0.1868961789, [-1.3837265577979032, -55.48128846936552]
16, 9, 0, [5.301566456469674, -49.78184783347064]
17, 0, 0.9333167249, [1.4360671167299799, -51.90910412459339]
17, 1, 0.9321186913, [1.4542191477639106, -54.80019060189615]
17, 2, 0.9106576875, [1.6959954549844154, -60.30561964429042]
17, 3, 0.8576349461, [0.9669935135520553, -56.593762077724016]
17, 4, 0.8095626909, [0.7641275225688786, -50.87911886421233]
17, 5, 0.7416221973, [0.7220081169613047, -57.63232351210914]
17, 6, 0.5071205132, [2.911724111256365, -51.90910412459339]
17, 7, 0.2528313705, [-0.8301105479244901, -49.21685977288401]
17, 8, 0.1717924318, [-2.547944433275787, -57.63232351210914]
17, 9, 0, [8.922603599679238, -65.34977459824717]
18, 0, 0.9333167249, [1.4360671167299799, -51.90910412459339]
18, 1, 0.9302844064, [1.4542191477639106, -55.912414314825355]
18, 2, 0.7667969796, [2.457123876301546, -53.24555074018318]
18, 3, 0.7497551316, [2.5094559280965605, -56.574521912064505]
18, 4, 0.6498787068, [2.7061415033814624, -53.9818352852206]
18, 5, 0.5789507955, [0.4521745615095152, -53.730063635438]
18, 6, 0.5021673505, [0.380950259158064, -54.725269317849985]
18, 7, 0.215104578, [-0.4066314092166152, -52.36908712933509]
18, 8, 0.1603584435, [-3.756224072694944, -59.279868661437284]
18, 9, 0, [3.7330696461084205, -52.64377375666714]
19, 0, 0.9333167249, [1.4360671167299799, -51.90910412459339]
19, 1, 0.9326378361, [1.4345747459321245, -52.606597776960555]
19, 2, 0.9323974748, [1.4488835634864388, -53.81686377185404]
19, 3, 0.8803649484, [1.9395678016945046, -62.756021823683625]
19, 4, 0.8800330615, [1.9556715120327284, -55.8698925462848]
19, 5, 0.8427064791, [2.1671871231008355, -58.89319893825724]
19, 6, 0.7091320817, [2.5816326898415043, -61.11173497817683]
19, 7, 0.6751719459, [0.6408284211575559, -57.88447002071583]
19, 8, 0.2231232499, [-0.2740300712239736, -51.66527344429924]
19, 9, 0.220041813, [-0.2346866915763175, -51.90910412459339]
20, 0, 0.9333167249, [1.4360671167299799, -51.90910412459339]
20, 1, 0.9331126686, [1.4361281428320518, -52.06995498400043]
20, 2, 0.9329026095, [1.4346357720341965, -52.73177835195205]
20, 3, 0.9312159285, [1.4345747459321245, -55.00052095073474]
20, 4, 0.8633015759, [0.9398344334463506, -53.15677309310618]
20, 5, 0.2414241259, [-2.685893452806101, -51.39119469220909]
20, 6, 0.1405408182, [-1.4173993667043556, -59.55070382880784]
20, 7, 0, [-0.31262238297785205, -54.88476299780146]
20, 8, 0, [3.215915617836349, -45.85649389793448]
20, 9, 0, [6.228905554418923, -52.862983948223714]
21, 0, 0.9333167249, [1.4360671167299799, -51.90910412459339]
21, 1, 0.9331869107, [1.436097629781016, -52.425989675591666]
21, 2, 0.9329026095, [1.4346357720341965, -52.73177835195205]
21, 3, 0.9318761292, [1.4353514443820883, -53.535237967367586]
21, 4, 0.7894332968, [2.3977500783822774, -52.73177835195205]
21, 5, 0.7499620803, [0.6765190982545937, -53.45481253766407]
21, 6, 0.520897215, [0.27540520936078505, -47.89277873077746]
21, 7, 0.2362674801, [-6.475058065276218, -52.61336403855331]
21, 8, 0.2285668774, [-0.13773230324455077, -51.96410196750925]
21, 9, 0, [3.2749041898268696, -52.99237174710558]
22, 0, 0.9336420406, [1.4360671167299799, -51.555503016427934]
22, 1, 0.9333167249, [1.4360671167299799, -51.90910412459339]
22, 2, 0.9331126686, [1.436082373255498, -52.16754690009253]
22, 3, 0.9311141633, [1.4353514443820883, -55.088019035824054]
22, 4, 0.9297830303, [1.4354098770984336, -55.79058477695596]
22, 5, 0.8667663696, [0.9164408241158637, -47.449583413734324]
22, 6, 0.2591820357, [-3.3667135752834776, -50.348791702921076]
22, 7, 0.2414782161, [-3.9655929512298895, -52.073012011346904]
22, 8, 0.2234570555, [-2.6633564782516945, -52.895686238705565]
22, 9, 0, [4.8614693569887795, -52.176758333276936]
23, 0, 0.9337137914, [1.436073106756852, -51.769383043704075]
23, 1, 0.9336420406, [1.4360671167299799, -51.555503016427934]
23, 2, 0.931491672, [1.436082373255498, -49.73362101778033]
23, 3, 0.9314912586, [1.435709280556034, -54.09258853170266]
23, 4, 0.9302073649, [1.43608836328237, -49.41931189447756]
23, 5, 0.9287833927, [1.4360671167299799, -48.372330665381355]
23, 6, 0.2475561432, [-1.0083026112818816, -49.78891242891147]
23, 7, 0.2239635575, [-0.36506234230512424, -51.59814612817831]
23, 8, 0.2190635234, [-3.2053396153702827, -53.56318652048521]
23, 9, 0, [6.068633630721545, -55.088019035824054]
24, 0, 0.9337137914, [1.436073106756852, -51.769383043704075]
24, 1, 0.9330629555, [1.4360930573776867, -53.0559246381579]
24, 2, 0.9318456766, [1.4360671167299799, -54.0224693225068]
24, 3, 0.8357045581, [0.8329105326999541, -50.26530659093512]
24, 4, 0.8121577186, [2.314432962015031, -55.094684793731666]
24, 5, 0.7607636477, [2.47177818463327, -50.983654457700254]
24, 6, 0.638195729, [2.7220279038213695, -57.6192433723502]
24, 7, 0.3603084242, [3.109882849842198, -51.6828220322487]
24, 8, 0.2317995573, [-2.129425035083682, -51.769383043704075]
24, 9, 0, [4.154502863839984, -50.108287358887814]
25, 0, 0.9337137914, [1.436073106756852, -51.769383043704075]
25, 1, 0.9321080095, [1.4360701117434158, -54.14975853585826]
25, 2, 0.9209025124, [1.6151865129521499, -52.71601031746067]
25, 3, 0.3165433306, [-1.0868342728880567, -42.74619887846637]
25, 4, 0.275680017, [-5.18431345836775, -49.03521132917054]
25, 5, 0.2482974475, [-1.9266545344440473, -50.27338273567459]
25, 6, 0.2196120391, [-0.0479457239169534, -54.0224693225068]
25, 7, 0.2193369656, [-6.3548593629460965, -54.21930310381329]
25, 8, 0, [3.497897125555334, -50.88600548540291]
25, 9, 0, [5.017465320008709, -56.92438987779653]
26, 0, 0.9337137914, [1.436073106756852, -51.769383043704075]
26, 1, 0.9316904787, [1.2621886330921912, -53.11049747344947]
26, 2, 0.9281367439, [1.436071609250134, -57.008731374447294]
26, 3, 0.9271848224, [1.525629809854501, -52.24269668058237]
26, 4, 0.8328152911, [1.449072808028958, -36.74247190394595]
26, 5, 0.4294441912, [0.17461791942767957, -48.44797870716232]
26, 6, 0.2635636055, [-1.5955347183767656, -48.87423266917223]
26, 7, 0.2349949908, [-3.03015953489907, -52.09866127417091]
26, 8, 0, [6.63465996982919, -54.46255652616064]
26, 9, 0, [3.1839611030751014, -51.420682757122336]
27, 0, 0.9337137914, [1.436073106756852, -51.769383043704075]
27, 1, 0.9316904787, [1.2621886330921912, -53.11049747344947]
27, 2, 0.9310788375, [1.4808507095523176, -54.545303525193276]
27, 3, 0.7926706355, [0.7537228509743389, -53.54522738424832]
27, 4, 0.6075930857, [2.7774596333113273, -53.11049747344947]
27, 5, 0.3474684297, [0.23951190194135386, -56.566184141164904]
27, 6, 0.2246853671, [-3.3681145874283382, -53.17326720521054]
27, 7, 0.2032727272, [-0.4350120435478737, -53.50346137184333]
27, 8, 0, [-0.34630021768374153, -54.53801915316124]
27, 9, 0, [7.988222111781761, -53.27223026255874]
28, 0, 0.9337468616, [1.4584619081545847, -51.36259398464089]
28, 1, 0.9337137914, [1.436073106756852, -51.769383043704075]
28, 2, 0.9327574064, [1.3491308699245215, -52.83845756814767]
28, 3, 0.817151386, [2.290140899604439, -53.15734328444867]
28, 4, 0.2280236465, [-2.9327580494836836, -52.646740766632846]
28, 5, 0.1937488758, [-3.169416245625203, -55.99858495661906]
28, 6, 0, [3.9741141725786147, -53.15734328444867]
28, 7, 0, [5.48305366388536, -48.81097124488241]
28, 8, 0, [3.973982718352307, -52.36606818944414]
28, 9, 0, [4.746262027087763, -51.233833592111694]
29, 0, 0.9337468616, [1.4584619081545847, -51.36259398464089]
29, 1, 0.9322906047, [1.3926019883406866, -50.74896096981073]
29, 2, 0.9317486138, [1.4542052375671293, -53.598937562126125]
29, 3, 0.831029456, [0.7959993817024762, -43.23871352783025]
29, 4, 0.6071837373, [0.4475573913317952, -51.36259398464089]
29, 5, 0.2795642167, [-5.295522255555308, -48.794834543694684]
29, 6, 0.2427080909, [-7.028458011169883, -52.01712471604237]
29, 7, 0.233687926, [-3.0923899995671693, -52.23108070045973]
29, 8, 0.231777974, [-0.8057362952380633, -51.075824467334144]
29, 9, 0.2199431102, [-0.7371480706645495, -52.00466737563687]
30, 0, 0.9337468616, [1.4584619081545847, -51.36259398464089]
30, 1, 0.9327179626, [1.3899018189964334, -50.036514009847984]
30, 2, 0.9319283533, [1.481816424225995, -51.36352835206699]
30, 3, 0.9183844778, [1.4584619081545847, -45.84090604221579]
30, 4, 0.8396541712, [2.077509547461122, -42.03660454992733]
30, 5, 0.5878476762, [2.792436246524476, -43.68978349153076]
30, 6, 0.5191414323, [2.888393530158426, -51.331110746238046]
30, 7, 0, [8.099997626997395, -58.16112730740101]
30, 8, 0, [4.501198947499816, -53.19636653535542]
30, 9, 0, [6.361805816468328, -48.948855985852745]
