0, 0, 0.8269064455, [2.6776492495740434, -39.69901537731266]
0, 1, 0.7605718654, [2.3745955322283314, -43.6517555819035]
0, 2, 0.5283917563, [3.222628486966959, -57.391835021117515]
0, 3, 0.5126313979, [2.337993794602593, -59.249677343319995]
0, 4, 0.4992688005, [2.933006598372393, -59.80503720965817]
0, 5, 0.4885989144, [0.8715421771424384, -42.32202948372274]
0, 6, 0.4788450867, [1.5767263688984465, -59.10608341685789]
0, 7, 0.4503551265, [0.8652329118126117, -44.839341356899126]
0, 8, 0.3943321585, [1.0626026142919174, -53.30367785553532]
0, 9, 0.2782689459, [0.1928758938935227, -54.034870479400546]
1, 0, 0.8269064455, [2.6776492495740434, -39.69901537731266]
1, 1, 0.7417401675, [1.6230688546853849, -42.202799695213706]
1, 2, 0.6873106492, [2.5894277252003675, -45.6237559269404]
1, 3, 0.5283917563, [3.222628486966959, -57.391835021117515]
1, 4, 0.5263508754, [3.7265365926086553, -56.57075507489489]
1, 5, 0.5258020241, [3.1329087089233187, -57.391835021117515]
1, 6, 0.3021621091, [-2.766056753996141, -45.416942034171505]
1, 7, 0.2783498617, [0.18979557663102353, -53.71101037197485]
1, 8, 0, [5.2365929510169735, -39.17578319471913]
1, 9, 0, [8.421379384754177, -41.85250913663442]
2, 0, 0.8269064455, [2.6776492495740434, -39.69901537731266]
2, 1, 0.8269064455, [2.6776492495740434, -39.69901537731266]
2, 2, 0.7970353078, [1.8345828215556441, -41.30517433262792]
2, 3, 0.7442370502, [1.9238690825185338, -43.437048443289264]
2, 4, 0.5684546237, [1.5991584993563188, -48.78150493776068]
2, 5, 0.387940494, [0.24542389889393723, -40.51668199159676]
2, 6, 0.3861472594, [0.26895272780591095, -40.95090753626319]
2, 7, 0.3628574405, [-0.29716803554154414, -35.31604292047144]
2, 8, 0.3355731748, [-0.9790805480967004, -38.65699083095901]
2, 9, 0.3116807555, [-0.3895746963254445, -42.14302025104483]
3, 0, 0.8527656475, [1.9238690825185338, -37.91389112592756]
3, 1, 0.8379651325, [1.8924802242991425, -39.69901537731266]
3, 2, 0.8269064455, [2.6776492495740434, -39.69901537731266]
3, 3, 0.8269064455, [2.6776492495740434, -39.69901537731266]
3, 4, 0.8073621061, [2.949353559179479, -38.20505192308982]
3, 5, 0.8030791101, [2.0744977273207796, -41.95872718653649]
3, 6, 0.7993393009, [2.256116035564844, -33.55358081165574]
3, 7, 0.7862938797, [1.5904589651923642, -40.502094854970295]
3, 8, 0.5765267318, [1.1159139196633392, -41.453450311428846]
3, 9, 0.4652074179, [0.536124839314799, -38.583603904246836]
4, 0, 0.8527656475, [1.9238690825185338, -37.91389112592756]
4, 1, 0.836872148, [1.9238690825185338, -40.18380273983316]
4, 2, 0.8359086239, [1.9081746534088382, -35.74555654936987]
4, 3, 0.8247679587, [2.813501404376761, -39.219341043963475]
4, 4, 0.7954780626, [2.0702622188027187, -42.21253074152688]
4, 5, 0.7884106267, [3.595552396168145, -39.543292763590046]
4, 6, 0.777186014, [1.3164820517472093, -37.27939448823049]
4, 7, 0.7490512712, [2.813501404376761, -43.46991793391237]
4, 8, 0.7123858431, [1.2293842293265664, -38.80645325162011]
4, 9, 0.6764091077, [1.9081746534088382, -45.45125575913632]
5, 0, 0.8529852942, [1.910333127102607, -37.855548332779925]
5, 1, 0.8527656475, [1.9238690825185338, -37.91389112592756]
5, 2, 0.8325960091, [1.916021867963686, -35.247197906894115]
5, 3, 0.8274630528, [2.813501404376761, -39.001257978367754]
5, 4, 0.8042487245, [2.8861081171109353, -40.9494857999463]
5, 5, 0.7870780014, [3.117563645637083, -38.47840339362796]
5, 6, 0.7865541559, [2.813501404376761, -35.996752342259065]
5, 7, 0.6758698957, [2.0611677817210095, -45.80489524688748]
5, 8, 0.3808530991, [0.19620000979795815, -40.06321093372722]
5, 9, 0, [6.074326193601278, -41.52446006779105]
6, 0, 0.8607981886, [2.0963519035846017, -39.001257978367754]
6, 1, 0.8529852942, [1.910333127102607, -37.855548332779925]
6, 2, 0.8526181089, [1.9171011048105704, -37.88471972935375]
6, 3, 0.8265320973, [1.6229922081544506, -38.2384672012237]
6, 4, 0.8094962878, [2.813501404376761, -37.13987685764222]
6, 5, 0.7701385879, [1.910333127102607, -42.62555554222344]
6, 6, 0.587320254, [1.0891214310072859, -40.28791392774965]
6, 7, 0.3379985899, [-3.716827969165166, -38.42840315557384]
6, 8, 0.3306945314, [-4.161709916374245, -41.12863067605342]
6, 9, 0, [5.538336337199034, -39.51020667943979]
7, 0, 0.8607981886, [2.0963519035846017, -39.001257978367754]
7, 1, 0.8549663499, [2.435488398520329, -37.2316838183748]
7, 2, 0.8529852942, [1.910333127102607, -37.855548332779925]
7, 3, 0.843314677, [2.5594721624900343, -38.61986258979573]
7, 4, 0.8289462311, [1.626058792672402, -36.50417768670189]
7, 5, 0.7916169969, [3.188652834551372, -41.34931438584331]
7, 6, 0.7438056889, [3.699064820632853, -37.576652064474295]
7, 7, 0.3312058761, [-0.649827683611413, -39.683673513616164]
7, 8, 0, [5.97761291807156, -38.30168129641087]
7, 9, 0, [4.268999218991116, -37.87168401857596]
8, 0, 0.8656709815, [2.2349026447963207, -38.295257819896264]
8, 1, 0.8612289958, [2.003342515343604, -38.42840315557384]
8, 2, 0.8607981886, [2.0963519035846017, -39.001257978367754]
8, 3, 0.8373797721, [2.327912033037318, -41.02484096745559]
8, 4, 0.7863090951, [3.1879494626303626, -38.810560284081745]
8, 5, 0.7797424413, [3.7035989008573473, -41.0986374570213]
8, 6, 0.7416880378, [1.1847775246057117, -34.57555194966761]
8, 7, 0.3652116138, [-0.02946968163613528, -38.23770546128783]
8, 8, 0, [4.1155015248208215, -38.06239003612895]
8, 9, 0, [5.934080441370474, -37.92577320408526]
9, 0, 0.8656709815, [2.2349026447963207, -38.295257819896264]
9, 1, 0.8647382499, [2.244928491763034, -38.381019813536966]
9, 2, 0.8417322868, [1.7787193662418956, -37.12757409648268]
9, 3, 0.8230495383, [2.8795443425988037, -38.74534517748938]
9, 4, 0.7935285692, [2.165627274190461, -33.34275972013967]
9, 5, 0.690758808, [1.097828513105515, -32.82401293775013]
9, 6, 0.4354395655, [0.5166207533167346, -40.013049472911675]
9, 7, 0.3454871661, [0.053547438997710195, -42.12492818018964]
9, 8, 0.3387441169, [-3.5233624294823938, -38.295257819896264]
9, 9, 0.3343721705, [-1.198327510946938, -39.001257978367754]
10, 0, 0.8656709815, [2.2349026447963207, -38.295257819896264]
10, 1, 0.8656709815, [2.2349026447963207, -38.295257819896264]
10, 2, 0.8647382499, [2.244928491763034, -38.381019813536966]
10, 3, 0.8647382499, [2.244928491763034, -38.381019813536966]
10, 4, 0.84219202, [1.822143092231426, -38.9505158387784]
10, 5, 0.8128011461, [2.9110300996497034, -40.29330651801162]
10, 6, 0.7998905747, [2.2883522177525646, -42.45148166730955]
10, 7, 0.7767899187, [2.182964238005637, -43.011856679748114]
10, 8, 0, [5.9239404505711715, -36.72741857349162]
10, 9, 0, [3.8043788096773605, -35.819008770017966]
11, 0, 0.8656709815, [2.2349026447963207, -38.295257819896264]
11, 1, 0.8603614686, [2.2349026447963207, -37.239127868367405]
11, 2, 0.8202512637, [2.7485186257952554, -40.477180698171665]
11, 3, 0.7832457613, [3.4399118517491636, -39.047779280089735]
11, 4, 0.6157037434, [0.9369226791006464, -36.32226045356578]
11, 5, 0.4171188936, [0.09278217831121438, -33.62412093558228]
11, 6, 0.3218832674, [-0.16787867271145585, -42.06118814934752]
11, 7, 0, [6.874459070800622, -36.1613341337052]
11, 8, 0, [4.064158012555912, -40.25070251961289]
11, 9, 0, [6.165586013304065, -37.78835577339612]
12, 0, 0.8656709815, [2.2349026447963207, -38.295257819896264]
12, 1, 0.8596700252, [2.466242230076038, -38.295257819896264]
12, 2, 0.8033363308, [2.7508875065527723, -36.74312235256471]
12, 3, 0.8033009494, [1.452907540857098, -35.82625493776309]
12, 4, 0.7639975441, [2.0525043494112927, -43.193339408312106]
12, 5, 0.7378286993, [3.65197497225326, -37.239127868367405]
12, 6, 0.4789565939, [0.4373217034751504, -35.52709348735936]
12, 7, 0.3777966826, [-0.11399967945337464, -35.13160770385316]
12, 8, 0, [4.27361219146888, -37.239127868367405]
12, 9, 0, [10.065473382031374, -39.57800390438722]
13, 0, 0.8656709815, [2.2349026447963207, -38.295257819896264]
13, 1, 0.8572648034, [2.2593732897436656, -39.53966222105256]
13, 2, 0.8449056274, [2.2593732897436656, -40.74429861410418]
13, 3, 0.8419740944, [2.2349026447963207, -35.94219934802453]
13, 4, 0.7544002968, [2.2593732897436656, -43.84431794815671]
13, 5, 0.3798961536, [0.322742868473612, -42.18417367602564]
13, 6, 0.3415405251, [-0.4785845993742539, -38.295257819896264]
13, 7, 0, [5.671916648412781, -44.15870874747638]
13, 8, 0, [4.5191937772698605, -35.593100733420634]
13, 9, 0, [4.048694465817865, -38.295257819896264]
14, 0, 0.8656709815, [2.2349026447963207, -38.295257819896264]
14, 1, 0.8447858898, [2.4745866945588855, -36.680798826383345]
14, 2, 0.8330401666, [2.2349026447963207, -35.197239449033916]
14, 3, 0.8169183982, [3.0339152934517246, -40.23971574796095]
14, 4, 0.8027072393, [1.5334189668152387, -38.97026429524129]
14, 5, 0.7749648488, [2.2471379672699934, -43.18174400364226]
14, 6, 0.7484635405, [3.6847152416281865, -37.74093078453855]
14, 7, 0.3362949565, [-3.060878373596732, -38.91746002047441]
14, 8, 0.3300045474, [-1.7309662003919644, -39.64767751050297]
14, 9, 0, [6.350981148887339, -43.62455216316506]
15, 0, 0.8656709815, [2.2349026447963207, -38.295257819896264]
15, 1, 0.863921216, [2.2751121798071043, -38.141159226075935]
15, 2, 0.854004998, [2.337963996699892, -36.828079910266425]
15, 3, 0.8473314539, [1.8315039986320474, -38.49353017680473]
15, 4, 0.8246727999, [2.110541811944794, -41.355897677713614]
15, 5, 0.8038737943, [2.2349026447963207, -33.82490008626558]
15, 6, 0.778850098, [2.3547446696776033, -43.13521239892006]
15, 7, 0.6361674607, [3.3593152675399556, -33.995687997683746]
15, 8, 0.4793597527, [0.3373936090487961, -31.45202701227209]
15, 9, 0, [4.579207609342364, -41.54870856327991]
16, 0, 0.8656709815, [2.2349026447963207, -38.295257819896264]
16, 1, 0.8568256284, [2.3065380882534985, -39.652460649551074]
16, 2, 0.849354361, [2.2349026447963207, -36.339170989273356]
16, 3, 0.8251063271, [2.3065380882534985, -41.5654482219347]
16, 4, 0.8076686282, [2.2349026447963207, -34.12802716321206]
16, 5, 0.3955763869, [0.1961775949504534, -38.958312858672144]
16, 6, 0.3433491844, [-1.8491800490024657, -36.163144571794135]
16, 7, 0.3342514197, [-1.0375277995437977, -37.784566497810495]
16, 8, 0.3161814552, [-0.5848910297315624, -41.8674421646684]
16, 9, 0, [6.100401984536014, -36.168001528773516]
17, 0, 0.8656709815, [2.2349026447963207, -38.295257819896264]
17, 1, 0.8630078972, [2.27072036652491, -39.00333601826855]
17, 2, 0.8220516764, [1.5629630506352195, -37.2652725595152]
17, 3, 0.8078649565, [1.7834947323130546, -40.796907494096416]
17, 4, 0.8000734375, [2.421524999123713, -42.41777568419201]
17, 5, 0.791206745, [1.556175026416962, -39.652460649551074]
17, 6, 0.7599468862, [3.710559639322706, -38.295257819896264]
17, 7, 0.3298402925, [-1.7137775238201298, -39.652460649551074]
17, 8, 0.3258450096, [-0.0041284893869719674, -43.03881893885827]
17, 9, 0, [7.654306175817402, -40.337642671757706]
18, 0, 0.8656709815, [2.2349026447963207, -38.295257819896264]
18, 1, 0.853782524, [2.27072036652491, -40.115559731197756]
18, 2, 0.8045827557, [2.851190335302462, -37.1559210778631]
18, 3, 0.7784799292, [3.2647922497152164, -38.540200296020814]
18, 4, 0.7602965943, [3.5226427221424617, -38.184980701593]
18, 5, 0.7202171862, [1.259842934923185, -39.02471319127564]
18, 6, 0.6451850399, [1.1886186325717338, -40.01991887368762]
18, 7, 0.4470462128, [0.4010369641970546, -37.66373668517273]
18, 8, 0.3349236192, [-3.414489665489042, -39.86126782723588]
18, 9, 0, [4.54073801952209, -37.938423312504774]
19, 0, 0.8656709815, [2.2349026447963207, -38.295257819896264]
19, 1, 0.8652578014, [2.231957887713571, -38.612407620484426]
19, 2, 0.8594997162, [2.260457840002415, -39.31421717125262]
19, 3, 0.8342645512, [2.560955350913686, -39.92665042331096]
19, 4, 0.7608037449, [2.772470961981793, -42.9499568152834]
19, 5, 0.696466684, [1.4612355430208614, -42.29031928064918]
19, 6, 0.6955543552, [3.186916528722462, -45.168492855202985]
19, 7, 0.6453872022, [2.7546166341706098, -46.578823388277016]
19, 8, 0.4770943285, [0.5641488364900233, -38.295257819896264]
19, 9, 0.4698066307, [0.5248054568423672, -38.05142713960211]
20, 0, 0.866293698, [2.23502306195174, -38.422408543866624]
20, 1, 0.8656709815, [2.2349026447963207, -38.295257819896264]
20, 2, 0.8645949235, [2.2320783048689905, -38.70388806003924]
20, 3, 0.8341539879, [2.231957887713571, -41.00633079425861]
20, 4, 0.8268875448, [1.7379437683702443, -39.35275486251956]
20, 5, 0.4533910567, [0.47927087961155257, -38.51139362102187]
20, 6, 0.4215585196, [0.48548695194604163, -41.08074476721484]
20, 7, 0.3378518694, [-1.8885103110246546, -37.39700453573296]
20, 8, 0.2914348983, [-0.27970262950648817, -45.65309135008223]
20, 9, 0, [4.021120520127507, -31.798247445285206]
21, 0, 0.866293698, [2.23502306195174, -38.422408543866624]
21, 1, 0.8650937214, [2.2349628533740304, -38.7952933031762]
21, 2, 0.8645949235, [2.2320783048689905, -38.70388806003924]
21, 3, 0.8551320481, [2.233430266254946, -39.65079430707743]
21, 4, 0.7830390778, [3.1951926112170717, -38.70388806003924]
21, 5, 0.772992982, [1.474688641756197, -39.71436966906262]
21, 6, 0.6836576816, [1.0734840312336427, -34.008335070487306]
21, 7, 0.4974564375, [0.6604372402570526, -38.2236590989078]
21, 8, 0.3410138369, [-5.676616146832137, -38.82400634120791]
21, 9, 0, [4.073769413419884, -39.361675374690115]
22, 0, 0.866293698, [2.23502306195174, -38.422408543866624]
22, 1, 0.8650290161, [2.234992957662885, -38.608850923521416]
22, 2, 0.8626631968, [2.23502306195174, -38.06880743570117]
22, 3, 0.8286982705, [2.2335506834103653, -41.33072609950427]
22, 4, 0.8132295616, [2.23356031372628, -41.83734877502631]
22, 5, 0.7997764289, [1.715396769337624, -33.96288783300756]
22, 6, 0.3389033712, [-1.865935209559423, -38.759969448182865]
22, 7, 0.3387210044, [-2.567686015306729, -36.79330378055481]
22, 8, 0.3384176303, [-3.1666582701506516, -38.47848993201025]
22, 9, 0, [5.660379941396166, -38.61806235670582]
23, 0, 0.866293698, [2.23502306195174, -38.422408543866624]
23, 1, 0.8657784416, [2.2350047772281587, -38.53246782556859]
23, 2, 0.8472266705, [2.234271820536625, -40.56381546300678]
23, 3, 0.8387124281, [2.23502306195174, -35.634881553388965]
23, 4, 0.8330453691, [2.23502306195174, -35.239236192820044]
23, 5, 0.8321701112, [2.235034881517014, -35.38391041302268]
23, 6, 0.445136051, [0.43389360291663603, -38.465051655616996]
23, 7, 0.3602645102, [-0.20936192258563935, -35.69017296452011]
23, 8, 0.3331623951, [-2.4067770753896918, -40.034413451789334]
23, 9, 0, [6.866832869749823, -41.33072609950427]
24, 0, 0.866293698, [2.23502306195174, -38.422408543866624]
24, 1, 0.8343428722, [2.2350047772281587, -40.999434131647455]
24, 2, 0.8304735909, [1.6318693926909154, -37.09760921483706]
24, 3, 0.7884849523, [3.1138732268748357, -41.93372981575126]
24, 4, 0.7580172618, [3.2707281398281585, -37.6366799578628]
24, 5, 0.755549229, [2.23478510902044, -43.748199296263294]
24, 6, 0.7288860967, [3.5209778590162575, -44.272268872512754]
24, 7, 0.3344454269, [-1.3304750798887937, -38.422408543866624]
24, 8, 0, [4.953452819034872, -36.76131285905036]
24, 9, 0, [3.9088417098331596, -38.51512465615064]
25, 0, 0.866293698, [2.23502306195174, -38.422408543866624]
25, 1, 0.8520355835, [1.9334462273213278, -39.01384123210467]
25, 2, 0.7908742618, [3.1551428376370345, -41.87673467995002]
25, 3, 0.5085071925, [0.4531220517968282, -31.906923240955717]
25, 4, 0.405005148, [0.14785655204398207, -37.09760921483706]
25, 5, 0.3912095217, [0.3543081597308344, -41.94180596049073]
25, 6, 0.3421650817, [-4.686937342789838, -33.89929402541694]
25, 7, 0.3417198168, [-6.159057086985161, -37.294442996143545]
25, 8, 0, [5.037853450240219, -40.04672984789226]
25, 9, 0, [5.213267595969644, -39.999529770126784]
26, 0, 0.866293698, [2.23502306195174, -38.422408543866624]
26, 1, 0.8539375826, [2.2808548532235893, -40.12290100281734]
26, 2, 0.8251498062, [2.6950829497943873, -40.14957161190832]
26, 3, 0.7808013604, [2.084234644636534, -42.76728547265177]
26, 4, 0.7435477914, [1.1932841395590779, -35.460382236530194]
26, 5, 0.6143954755, [2.244204604253043, -27.390510415303755]
26, 6, 0.3490381782, [-0.5768684982453673, -35.8866361985401]
26, 7, 0.3286479245, [-1.860706394959184, -40.00553620549686]
26, 8, 0, [7.28282300521559, -40.22111062436512]
26, 9, 0, [4.2026273232064995, -38.43308628649021]
27, 0, 0.866293698, [2.23502306195174, -38.422408543866624]
27, 1, 0.8539375826, [2.2808548532235893, -40.12290100281734]
27, 2, 0.8418394292, [1.7827034988439099, -38.44216025306011]
27, 3, 0.8302267236, [2.3896587972154606, -41.37801803995849]
27, 4, 0.5439675085, [1.1483199896044969, -43.39889865593012]
27, 5, 0.4832074974, [0.5939686043216974, -38.40039424065512]
27, 6, 0.4351485638, [0.5625078699794015, -41.37073366792645]
27, 7, 0.3350235128, [-2.418605983653892, -39.86963219208565]
27, 8, 0, [3.7961258534427254, -40.12290100281734]
27, 9, 0, [9.157446980492717, -40.32797327863918]
28, 0, 0.866293698, [2.23502306195174, -38.422408543866624]
28, 1, 0.8548257921, [2.2579389575876645, -39.67117208291288]
28, 2, 0.8504918605, [2.008863280397825, -36.63753509865558]
28, 3, 0.8253585822, [2.8405422718476796, -38.432284398463366]
28, 4, 0.328440604, [-1.7153150987656787, -39.8896488445692]
28, 5, 0.3157452312, [-2.26060815796206, -42.83129947138428]
28, 6, 0, [4.524515544821854, -38.432284398463366]
28, 7, 0, [6.282003619080248, -35.46399674504496]
28, 8, 0, [4.772932673547195, -39.01909368960669]
28, 9, 0, [5.2966633993310035, -36.50877470612639]
29, 0, 0.866293698, [2.23502306195174, -38.422408543866624]
29, 1, 0.8534633661, [2.1334011189927446, -36.59939425466909]
29, 2, 0.8432670686, [2.4512072898247093, -40.75029888070716]
29, 3, 0.7219081557, [1.2241185451289507, -38.422408543866624]
29, 4, 0.7142384239, [1.5725605354996317, -30.298528087055985]
29, 5, 0.4059386897, [0.25985398159303075, -39.15602869421791]
29, 6, 0.4053237286, [0.19126575701951687, -38.22718578591518]
29, 7, 0.3413534321, [-0.0013346001871976654, -41.466031959914176]
29, 8, 0.3394240072, [-6.031455958912304, -39.168486034623406]
29, 9, 0.3382832216, [-2.3515908689151113, -38.08151398531809]
30, 0, 0.8666725385, [2.27105911098961, -38.425184413365145]
30, 1, 0.866293698, [2.23502306195174, -38.422408543866624]
30, 2, 0.8489203388, [2.129234754140545, -36.28265056857473]
30, 3, 0.8368266708, [2.505628710887596, -37.22029956596371]
30, 4, 0.7860630396, [3.2205554099509506, -38.873478507567135]
30, 5, 0.7762568797, [2.23502306195174, -32.900720601441535]
30, 6, 0.765924254, [3.6649546839555813, -38.39092530546378]
30, 7, 0, [8.858677769222002, -44.61625122944306]
30, 8, 0, [5.259879089724423, -39.65149045739747]
30, 9, 0, [7.115286480086845, -34.80113077278352]
