0, 0, 0.9128901189, [1.5767263688984465, -59.10608341685789]
0, 1, 0.9028009467, [1.0626026142919174, -53.30367785553532]
0, 2, 0.8909404022, [0.8652329118126117, -44.839341356899126]
0, 3, 0.8855935604, [0.8715421771424384, -42.32202948372274]
0, 4, 0.8268311059, [2.337993794602593, -59.249677343319995]
0, 5, 0.8058313444, [2.3745955322283314, -43.6517555819035]
0, 6, 0.6681746254, [2.6776492495740434, -39.69901537731266]
0, 7, 0.5317992308, [2.933006598372393, -59.80503720965817]
0, 8, 0.4953254985, [0.1928758938935227, -54.034870479400546]
0, 9, 0, [3.222628486966959, -57.391835021117515]
1, 0, 0.919582534, [1.401270694707231, -52.35429020282067]
1, 1, 0.917056106, [1.4678258686939611, -48.250429659994595]
1, 2, 0.9164014283, [1.3196644915951818, -55.420787798597196]
1, 3, 0.9128901189, [1.5767263688984465, -59.10608341685789]
1, 4, 0.9128901189, [1.5767263688984465, -59.10608341685789]
1, 5, 0.9117634078, [1.4870065908548062, -59.10608341685789]
1, 6, 0.3028524164, [-2.068915147283671, -45.390684957074555]
1, 7, 0.2402807542, [-3.9542137844892773, -52.14747631005178]
1, 8, 0, [3.4241766132555425, -44.316109174305595]
1, 9, 0, [6.608963046992745, -46.99283511622088]
2, 0, 0.919582534, [1.401270694707231, -52.35429020282067]
2, 1, 0.919582534, [1.401270694707231, -52.35429020282067]
2, 2, 0.9100522972, [1.1071274887072464, -50.83742725842826]
2, 3, 0.8992701537, [1.3036027264081498, -42.4386251102255]
2, 4, 0.8942593504, [0.8643796700879175, -45.70532206046505]
2, 5, 0.8318925349, [0.5432025526964115, -44.167658899859845]
2, 6, 0.795720171, [0.5582042666888317, -53.96044915813593]
2, 7, 0.5354888861, [0.32608760512031987, -60.00765828634309]
2, 8, 0.2318189632, [-0.44685804262320716, -50.302359931407636]
2, 9, 0.2083395652, [-1.6626455905614435, -53.36917359962724]
3, 0, 0.919582534, [1.401270694707231, -52.35429020282067]
3, 1, 0.919582534, [1.401270694707231, -52.35429020282067]
3, 2, 0.907490238, [1.6729750043126665, -50.86032674859783]
3, 3, 0.906089427, [1.2541990917072388, -44.64734468730991]
3, 4, 0.8650551735, [0.7981191724539674, -54.6140020120445]
3, 5, 0.8438396037, [1.3036027264081498, -36.9154677928638]
3, 6, 0.8278046335, [0.6161016694323302, -52.35429020282067]
3, 7, 0.8196931175, [0.588542021334759, -51.595858730624464]
3, 8, 0.220810414, [-0.7402537155520132, -51.238878729754845]
3, 9, 0.2039098943, [-0.1604646352034731, -54.108725136936854]
4, 0, 0.9213661795, [1.401270694707231, -49.29339350057043]
4, 1, 0.919582534, [1.401270694707231, -52.35429020282067]
4, 2, 0.9175097003, [1.401270694707231, -54.62420181672627]
4, 3, 0.915877517, [1.4540389257691393, -53.22086644381394]
4, 4, 0.9143383948, [1.1823346161637038, -51.56681789612549]
4, 5, 0.9136704975, [1.235547088383317, -53.00447177408339]
4, 6, 0.9129978686, [1.401270694707231, -58.99909271033688]
4, 7, 0.9087640685, [1.235547088383317, -57.25504866403229]
4, 8, 0.8593002799, [0.7224802706249593, -52.35429020282067]
4, 9, 0.4748109005, [0.2513625831955364, -57.749181723573415]
5, 0, 0.9213661795, [1.401270694707231, -49.29339350057043]
5, 1, 0.9207037359, [1.3999287973943544, -50.024762392034525]
5, 2, 0.9206501188, [1.401270694707231, -50.771764272066065]
5, 3, 0.9178222786, [1.4540389257691393, -49.99827774210953]
5, 4, 0.9170779743, [1.3559047864958502, -56.17179001150822]
5, 5, 0.9164994075, [1.4540389257691393, -53.00278337821822]
5, 6, 0.8235786555, [2.3635097292996328, -53.11997326293381]
5, 7, 0.7383248299, [2.5949652578257805, -50.648890856615466]
5, 8, 0.228733809, [-0.5090629854272009, -50.43010569834796]
5, 9, 0, [3.7265149439195, -54.98436567455148]
6, 0, 0.9215334837, [1.4005997460507928, -49.659077946302475]
6, 1, 0.9213661795, [1.401270694707231, -49.29339350057043]
6, 2, 0.917359129, [1.401270694707231, -54.063400710013944]
6, 3, 0.9173154963, [1.4540389257691393, -48.136896621384]
6, 4, 0.9123989032, [1.113929775759075, -49.676312369014205]
6, 5, 0.8706287906, [0.7368894249769798, -49.99827774210953]
6, 6, 0.8128387651, [0.5726200722475082, -52.062272144698376]
6, 7, 0.2756070031, [-4.6510904246666644, -49.645835621339984]
6, 8, 0.2391002933, [-4.670772348769621, -52.566475843843925]
6, 9, 0, [4.604073881697536, -50.727639145205934]
7, 0, 0.9215334837, [1.4005997460507928, -49.659077946302475]
7, 1, 0.9213661795, [1.401270694707231, -49.29339350057043]
7, 2, 0.9189817991, [1.5012259430188304, -48.44911628414094]
7, 3, 0.9134266874, [1.116996360277026, -47.94202285449239]
7, 4, 0.8656751025, [2.1271194425304745, -48.897987283843236]
7, 5, 0.6478246133, [2.756300114591812, -51.62743907989081]
7, 6, 0.640311641, [2.7624101093345725, -49.09948654935484]
7, 7, 0.5269846864, [2.944862169041624, -49.64588760057247]
7, 8, 0.1474261828, [-1.1627665382811143, -58.48467108078181]
7, 9, 0, [5.043350462570061, -49.519113762177014]
8, 0, 0.9215334837, [1.4005997460507928, -49.659077946302475]
8, 1, 0.9196479346, [1.4509128445348116, -49.05409711522171]
8, 2, 0.9189745101, [1.3091111516479281, -48.2531219279251]
8, 3, 0.91809848, [1.2587980531639094, -51.01483108377128]
8, 4, 0.8663616638, [2.1188354827569538, -48.800550400397434]
8, 5, 0.8570675139, [0.6323478537969192, -45.20124590931548]
8, 6, 0.5989110568, [2.8386139701838937, -52.458402282086475]
8, 7, 0.2596237161, [-0.9552611747845279, -48.19556956931667]
8, 8, 0, [3.250516594147369, -49.42215486119413]
8, 9, 0, [4.695733688357421, -48.61770817753141]
9, 0, 0.9220893356, [1.4072200689639787, -49.49111809236235]
9, 1, 0.9215334837, [1.4005997460507928, -49.659077946302475]
9, 2, 0.9064918686, [0.9679475409007948, -47.43541613446447]
9, 3, 0.9045095148, [1.3548554488493605, -43.650601758121454]
9, 4, 0.8663850678, [2.0888980666086026, -47.743487279465896]
9, 5, 0.6920541246, [0.2635256143599871, -44.187833064156344]
9, 6, 0.2733344358, [-4.357665328227922, -49.659077946302475]
9, 7, 0.2711409807, [-1.9855682628836115, -48.2531219279251]
9, 8, 0.2685257655, [-2.712458948688392, -49.31309626853956]
9, 9, 0.2383436443, [-0.41155661258830634, -49.63397650584819]
10, 0, 0.9220893356, [1.4072200689639787, -49.49111809236235]
10, 1, 0.9220893356, [1.4072200689639787, -49.49111809236235]
10, 2, 0.9215334837, [1.4005997460507928, -49.659077946302475]
10, 3, 0.9215334837, [1.4005997460507928, -49.659077946302475]
10, 4, 0.9185529656, [1.3560179737091502, -53.910476411163344]
10, 5, 0.9153196451, [1.4408979079201014, -56.06588923055883]
10, 6, 0.9047250089, [1.0082457027701033, -51.59470730724396]
10, 7, 0.8733634814, [2.0833475238173613, -51.489166790477704]
10, 8, 0, [5.063437265903544, -48.59625439969057]
10, 9, 0, [3.35217291797026, -48.617302685914126]
11, 0, 0.9220893356, [1.4072200689639787, -49.49111809236235]
11, 1, 0.9212354502, [1.4072200689639787, -48.43498814083349]
11, 2, 0.8935604296, [1.9208360499629133, -51.67304097063775]
11, 3, 0.5254176557, [0.10091701832835476, -47.55921965618158]
11, 4, 0.4776612841, [3.0031971979239804, -49.49111809236235]
11, 5, 0.399797769, [3.116682025667103, -54.56646532864012]
11, 6, 0.286551395, [-0.7349003975211277, -44.81998120804836]
11, 7, 0.1965888484, [-0.8526659561035823, -53.81577389797905]
11, 8, 0, [6.046776494968281, -47.35719440617129]
11, 9, 0, [3.2364754367235697, -51.44656279207897]
12, 0, 0.9220893356, [1.4072200689639787, -49.49111809236235]
12, 1, 0.9112236075, [1.209489256354906, -54.11571552771609]
12, 2, 0.9098222014, [1.638559654243696, -49.49111809236235]
12, 3, 0.8854115147, [1.9590664164678617, -48.76977412760443]
12, 4, 0.8711556822, [2.041667487273333, -47.863644593330406]
12, 5, 0.6091222806, [2.824292396420918, -48.43498814083349]
12, 6, 0.2764393814, [-0.9416822552857167, -46.32746797631925]
12, 7, 0.2729349628, [-0.3341561607133423, -46.23804383613949]
12, 8, 0, [3.637644616233335, -48.919774544859266]
12, 9, 0, [3.4459296156365378, -48.43498814083349]
13, 0, 0.9220893356, [1.4072200689639787, -49.49111809236235]
13, 1, 0.9173656523, [1.4072200689639787, -47.138059620490615]
13, 2, 0.9128216156, [1.6255783718141195, -50.98968006052325]
13, 3, 0.9111190084, [1.6255783718141195, -54.089699394575774]
13, 4, 0.9110705847, [1.6255783718141195, -49.785043667471626]
13, 5, 0.6258757308, [2.7919414920967336, -54.11571552771609]
13, 6, 0.2248820881, [-1.5208023741509908, -51.803416810039224]
13, 7, 0.2080222784, [-0.3110520494559341, -52.429555122444704]
13, 8, 0, [4.629698873636043, -57.66686773761934]
13, 9, 0, [3.691511201437518, -46.78896100588672]
14, 0, 0.9220893356, [1.4072200689639787, -49.49111809236235]
14, 1, 0.9198419428, [1.4072200689639787, -52.57887283959433]
14, 2, 0.9123875371, [1.6255783718141195, -53.34473949558516]
14, 3, 0.9076610669, [1.6469041187265434, -47.87665909884943]
14, 4, 0.8753035357, [0.8026802199342945, -51.84321301823594]
14, 5, 0.51786789, [2.953976494747242, -50.6138795075332]
14, 6, 0.2867217818, [-3.9007962719027467, -48.31458885642648]
14, 7, 0.2794310923, [-2.4617049472729087, -48.215970506393475]
14, 8, 0, [7.171739172782729, -55.188253225243336]
14, 9, 0, [3.8546733173471144, -51.803416810039224]
15, 0, 0.9220893356, [1.4072200689639787, -49.49111809236235]
15, 1, 0.9220702788, [1.3397962728462014, -49.72030160898629]
15, 2, 0.9186881618, [1.476945547747695, -49.29943503297905]
15, 3, 0.9154760998, [1.4072200689639787, -56.6821795417586]
15, 4, 0.9104975932, [1.1918385851617188, -54.52076396115405]
15, 5, 0.9099839857, [1.6550943155870521, -51.93481566725385]
15, 6, 0.906181649, [1.1123740880911028, -54.24811937643348]
15, 7, 0.4411292456, [3.050527084574947, -50.318108140245236]
15, 8, 0.3771404024, [-0.06258775465896771, -42.77704705587651]
15, 9, 0.3067730281, [-1.1269460765881016, -43.100988709071956]
16, 0, 0.9220893356, [1.4072200689639787, -49.49111809236235]
16, 1, 0.921118975, [1.4083709102969482, -51.67770940236256]
16, 2, 0.9178907763, [1.4083709102969482, -53.59069697474619]
16, 3, 0.9174682495, [1.531204258878569, -54.148487085788844]
16, 4, 0.9141586294, [1.4072200689639787, -45.323887435678145]
16, 5, 0.2895596619, [-2.730679290399088, -47.55064589948235]
16, 6, 0.2614385157, [-1.8652103753761398, -48.98042677027658]
16, 7, 0.2378852666, [-0.7553950375903717, -49.85357364666544]
16, 8, 0.2100347583, [-1.4125736055639044, -53.06330243713448]
16, 9, 0, [5.272719408703672, -47.3638618012396]
17, 0, 0.9220893356, [1.4072200689639787, -49.49111809236235]
17, 1, 0.9214903977, [1.4077954896304634, -50.613890530907334]
17, 2, 0.9097466752, [1.633894747586881, -54.39868412713041]
17, 3, 0.8938770774, [0.9205698554186081, -52.4074620067352]
17, 4, 0.8759970354, [0.7352804748028774, -48.46113283198129]
17, 5, 0.8460291596, [0.6580078484604118, -51.67770940236256]
17, 6, 0.568118025, [2.8828770634903638, -49.49111809236235]
17, 7, 0.2379196169, [-2.61194470177668, -51.67770940236256]
17, 8, 0.1784214872, [-0.6289358529738063, -55.62197076583091]
17, 9, 0, [8.895365631673561, -55.75146682669739]
18, 0, 0.9220893356, [1.4072200689639787, -49.49111809236235]
18, 1, 0.9209363162, [1.4077954896304634, -51.72611424383654]
18, 2, 0.8047226218, [2.4194885233518217, -49.94340768857325]
18, 3, 0.7970715709, [2.4551937453310693, -51.5279041179901]
18, 4, 0.7468484049, [0.41453920855979076, -50.427920583828076]
18, 5, 0.7072563247, [2.6597178452480152, -49.79553521423178]
18, 6, 0.6834171375, [0.3433149062083396, -51.42312626624006]
18, 7, 0.2448772369, [-0.44426676216633965, -49.06694407772517]
18, 8, 0.2144737105, [-3.8104862554604346, -54.23325086736288]
18, 9, 0, [3.695434293158696, -49.34163070505721]
19, 0, 0.9220893356, [1.4072200689639787, -49.49111809236235]
19, 1, 0.9209798532, [1.4071727607042286, -49.88051975115012]
19, 2, 0.9144076896, [1.4170138659558063, -57.683706101675604]
19, 3, 0.8936144718, [1.9136420064911426, -52.12567098498543]
19, 4, 0.8894357274, [1.8945892060991627, -58.26162975911541]
19, 5, 0.8682632581, [2.1251576175592497, -55.14897737695787]
19, 6, 0.8478341235, [2.1647787032189822, -42.23587665367111]
19, 7, 0.2433249169, [-0.3028771189899748, -49.2472874120682]
19, 8, 0.2421648061, [-0.2635337393423187, -49.49111809236235]
19, 9, 0.196567863, [-1.6546600810108225, -54.46177471130081]
20, 0, 0.9220893356, [1.4072220034957268, -49.62467064824215]
20, 1, 0.9220893356, [1.4072200689639787, -49.49111809236235]
20, 2, 0.9212503778, [1.4071746952359767, -49.978402022614375]
20, 3, 0.920111158, [1.4071727607042286, -52.2744429249243]
20, 4, 0.8973266184, [0.9117099169494021, -50.58474106408545]
20, 5, 0.2776296651, [-2.713295438033997, -48.66511666639865]
20, 6, 0.2170851198, [-0.4840968791612239, -51.498223499366034]
20, 7, 0.2100230054, [-0.34074689947480064, -52.31273096878073]
20, 8, 0.1064469134, [-1.4736387997393516, -61.75257361058393]
20, 9, 0, [3.185557245188032, -46.58092204672974]
21, 0, 0.9220893356, [1.4072220034957268, -49.62467064824215]
21, 1, 0.9212834164, [1.4071964148341036, -50.88278050864332]
21, 2, 0.9212503778, [1.4072210362298527, -49.99435449159701]
21, 3, 0.9212503778, [1.4071746952359767, -49.978402022614375]
21, 4, 0.8457260345, [0.6483945817576451, -50.88278050864332]
21, 5, 0.8207432241, [2.370289001584058, -49.978402022614375]
21, 6, 0.6738487521, [0.2472501798128004, -45.240321272053194]
21, 7, 0.2771796897, [-6.503574360458728, -50.037929578223896]
21, 8, 0.2600613958, [-0.16585681974149935, -49.392069938488504]
21, 9, 0, [3.2460275962757064, -50.56073656311092]
22, 0, 0.9220893356, [1.4072220034957268, -49.62467064824215]
22, 1, 0.9217354439, [1.4072220034957268, -49.271069540076695]
22, 2, 0.9216925156, [1.407209209164915, -50.25372557844274]
22, 3, 0.920652492, [1.4071785578277491, -52.01368103098209]
22, 4, 0.9198419428, [1.4072215198627898, -52.57709036747091]
22, 5, 0.8958858536, [0.8875957108816106, -45.165149937383084]
22, 6, 0.2913261643, [-3.395613258642304, -47.84429042534918]
22, 7, 0.269386293, [-3.99441796700109, -49.69832568144498]
22, 8, 0.2585000296, [-2.6907511165929865, -50.068009524799834]
22, 9, 0, [4.832596192898196, -50.262937011627145]
23, 0, 0.9220893356, [1.4072220034957268, -49.62467064824215]
23, 1, 0.9218324149, [1.4072002806617379, -51.236402237023334]
23, 2, 0.9217354439, [1.407227026814128, -49.29423940824697]
23, 3, 0.9194179367, [1.407209209164915, -47.81979969613054]
23, 4, 0.9189333842, [1.4072142324833163, -47.66838152188736]
23, 5, 0.9171183344, [1.4072220034957268, -46.44149829719557]
23, 6, 0.2639804529, [-1.0371757753724644, -47.87509110726168]
23, 7, 0.2540957028, [-3.233848615264579, -50.707000225805885]
23, 8, 0.2384875697, [-0.39390745553937734, -49.667313759992524]
23, 9, 0, [6.0404607441672065, -52.01368103098209]
24, 0, 0.9220893356, [1.4072220034957268, -49.62467064824215]
24, 1, 0.9200242301, [1.4072457571049717, -52.53734575988928]
24, 2, 0.9178907763, [1.4072002806617379, -53.7033685431022]
24, 3, 0.8863450065, [0.8040624244522651, -48.22753420911127]
24, 4, 0.8476888573, [2.2855741721154437, -54.6963867455918]
24, 5, 0.7980863542, [2.442927081372145, -48.83894206223833]
24, 6, 0.6837582368, [2.693176800560244, -55.474530976888275]
24, 7, 0.4240161816, [3.081034741594509, -49.64504965042485]
24, 8, 0.255966402, [-2.158276138344807, -49.62467064824215]
24, 9, 0, [4.125651760578859, -47.96357496342589]
25, 0, 0.9220893356, [1.4072220034957268, -49.62467064824215]
25, 1, 0.9197462717, [1.4072111420787323, -52.917851948424996]
25, 2, 0.91582255, [1.5863369071977427, -50.62476792881779]
25, 3, 0.3364745859, [-1.1156838786424639, -40.65495648982349]
25, 4, 0.2995980776, [-5.213172428032434, -47.80330474173727]
25, 5, 0.2713114652, [-1.9555026426917363, -48.23561035385074]
25, 6, 0.2324536666, [-0.07681255998519543, -53.7033685431022]
25, 7, 0.2290415059, [-6.383726199014339, -53.90020232440869]
25, 8, 0, [3.469047519800927, -48.79476309676003]
25, 9, 0, [4.988598483940467, -56.60528909839193]
26, 0, 0.9220893356, [1.4072220034957268, -49.62467064824215]
26, 1, 0.9196113481, [1.4967794553467346, -50.124719288529974]
26, 2, 0.9179085002, [1.4072165727872297, -55.320421882999696]
26, 3, 0.9168698301, [1.2333343453826457, -51.44892298541139]
26, 4, 0.8195479626, [1.4202216970516797, -34.68294253271388]
26, 5, 0.5761124257, [0.14576363171813422, -46.78640421912424]
26, 6, 0.3644477888, [3.1551068153655564, -49.75910826908425]
26, 7, 0.276968314, [-1.6243890060863109, -47.21265818113415]
26, 8, 0.2607514462, [-3.0590098894068367, -49.98068388211851]
26, 9, 0, [6.6058049333662865, -52.77424703471304]
27, 0, 0.9220893356, [1.4072220034957268, -49.62467064824215]
27, 1, 0.9196113481, [1.4967794553467346, -50.124719288529974]
27, 2, 0.9181102768, [1.3202754590849377, -53.304261931883985]
27, 3, 0.861387322, [0.7248697811123243, -51.62871644079355]
27, 4, 0.6541690596, [0.3423817614380631, -54.0009388509742]
27, 5, 0.4708630943, [3.0120504555658707, -50.124719288529974]
27, 6, 0.251752496, [-3.297817729039929, -50.927125794493605]
27, 7, 0.2161333514, [-0.46386511340988834, -51.58695042838856]
27, 8, 0.2152073764, [-0.2434303581870323, -51.972773862970534]
27, 9, 0, [8.321960895685839, -50.18502306238423]
28, 0, 0.923112315, [1.3637487312903323, -49.66971699025529]
28, 1, 0.9220893356, [1.4072220034957268, -49.62467064824215]
28, 2, 0.9182601664, [1.4520007294212307, -50.273212277956965]
28, 3, 0.8604547581, [2.195427722740187, -51.46446629006307]
28, 4, 0.2532169257, [-2.9616101360452536, -50.61612909717449]
28, 5, 0.2198788762, [-3.0665463861284934, -53.43333966642836]
28, 6, 0, [3.879400995714362, -51.46446629006307]
28, 7, 0, [5.4542025606242355, -46.66625884942049]
28, 8, 0, [3.9451316150911815, -50.22135579398222]
28, 9, 0, [4.651548850223511, -49.540956597726094]
29, 0, 0.923112315, [1.3637487312903323, -49.66971699025529]
29, 1, 0.9209439495, [1.3924226058542182, -51.73719323020414]
29, 2, 0.9204706551, [1.4296113664584786, -48.39398212698442]
29, 3, 0.8651276017, [0.7012862048382238, -41.54583653344465]
29, 4, 0.7121291651, [0.35284421446754277, -49.66971699025529]
29, 5, 0.3104863343, [-5.258512877437515, -46.43985570086837]
29, 6, 0.2786122021, [-7.090240642882795, -50.155380384120384]
29, 7, 0.2618803425, [-3.0553806214493773, -49.876101857633415]
29, 8, 0.2472031141, [-0.8675189269509745, -49.21408013541216]
29, 9, 0.2353476483, [-0.7989307023774607, -50.14292304371489]
30, 0, 0.923112315, [1.3637487312903323, -49.66971699025529]
30, 1, 0.9222680497, [1.3739167434322264, -49.67286509735867]
30, 2, 0.9211261003, [1.3912470150351413, -51.50043622514976]
30, 3, 0.9075508917, [1.3637487312903323, -44.14802904783019]
30, 4, 0.8431176848, [1.9827963705968692, -40.34372755554173]
30, 5, 0.6657950069, [2.6977230696602237, -41.99690649714516]
30, 6, 0.6265999476, [2.7936803532941736, -49.63823375185245]
30, 7, 0.4189535839, [3.0846571183138436, -47.460226319757304]
30, 8, 0, [8.052551347322034, -57.80880494040491]
30, 9, 0, [4.453752667824456, -52.844044168359325]
