0, 0, 0.9030828043, [2.3745955322283314, -43.6517555819035]
0, 1, 0.8913710299, [0.8715421771424384, -42.32202948372274]
0, 2, 0.8815966689, [0.8652329118126117, -44.839341356899126]
0, 3, 0.8147110463, [2.6776492495740434, -39.69901537731266]
0, 4, 0.7751908942, [1.0626026142919174, -53.30367785553532]
0, 5, 0.6759544252, [2.337993794602593, -59.249677343319995]
0, 6, 0.6614830638, [1.5767263688984465, -59.10608341685789]
0, 7, 0.5313643171, [3.222628486966959, -57.391835021117515]
0, 8, 0.5182286252, [2.933006598372393, -59.80503720965817]
0, 9, 0.3327612019, [0.1928758938935227, -54.034870479400546]
1, 0, 0.9477705571, [1.4709805013588744, -46.9917737234064]
1, 1, 0.9414337848, [1.6230688546853849, -42.202799695213706]
1, 2, 0.9030828043, [2.3745955322283314, -43.6517555819035]
1, 3, 0.8926660359, [1.8530472838053769, -38.41858793372996]
1, 4, 0.7751908942, [1.0626026142919174, -53.30367785553532]
1, 5, 0.7475791926, [0.972882836248277, -53.30367785553532]
1, 6, 0.5700343763, [3.4241766132555425, -44.316109174305595]
1, 7, 0.3405117004, [-3.5024371953911313, -38.21177404096107]
1, 8, 0.3197273923, [-2.0657605146187574, -44.13202902048637]
1, 9, 0, [6.608963046992745, -46.99283511622088]
2, 0, 0.9477705571, [1.4709805013588744, -46.9917737234064]
2, 1, 0.9477705571, [1.4709805013588744, -46.9917737234064]
2, 2, 0.9403857838, [1.8279857168453417, -42.72556931517489]
2, 3, 0.8608875911, [0.7230386051172398, -39.37256167782596]
2, 4, 0.8304892774, [1.2477948407772526, -35.420751242219794]
2, 5, 0.7794540364, [0.8884080287627163, -51.4418839382891]
2, 6, 0.7486439437, [0.627914073340475, -48.59793267872166]
2, 7, 0.7246838112, [0.36437272619278094, -41.77720320851928]
2, 8, 0.2899744776, [-1.100325166919047, -44.80339925157325]
2, 9, 0.2848601366, [-0.3343816463016738, -44.597286709310055]
3, 0, 0.9483937605, [1.7426848109643098, -45.49781026918356]
3, 1, 0.9477705571, [1.4709805013588744, -46.9917737234064]
3, 2, 0.9477705571, [1.4709805013588744, -46.9917737234064]
3, 3, 0.9037068172, [0.9838260387296283, -44.858671519290645]
3, 4, 0.8826530465, [1.649483109102108, -37.91015747597609]
3, 5, 0.8292450923, [0.8678289791056106, -49.251485532630234]
3, 6, 0.7988464677, [0.6858114760839735, -46.9917737234064]
3, 7, 0.7483562103, [0.7230386051172398, -33.84940436046426]
3, 8, 0.2857746495, [-0.09075482855182981, -48.74620865752259]
3, 9, 0.273094865, [-0.67054390890037, -45.87636225034058]
4, 0, 0.9515337548, [1.7426848109643098, -47.76772188308916]
4, 1, 0.9503165964, [1.560231805230491, -46.96884988340237]
4, 2, 0.9483937605, [1.7426848109643098, -45.49781026918356]
4, 3, 0.9456862871, [1.5237487324207826, -44.71033796248838]
4, 4, 0.9453069365, [1.606832656161592, -43.18389529404474]
4, 5, 0.9404379173, [1.560231805230491, -42.718272993453475]
4, 6, 0.9274921599, [1.2520444228153471, -49.352313418622515]
4, 7, 0.9086449565, [1.606832656161592, -52.88959450381119]
4, 8, 0.8821768294, [0.9280422320793202, -46.24479199629498]
4, 9, 0.5816236355, [3.4143681246139215, -47.12721190684604]
5, 0, 0.9515337548, [1.7426848109643098, -47.76772188308916]
5, 1, 0.9481122646, [1.560231805230491, -44.165278563819435]
5, 2, 0.9476524391, [1.6514583080974004, -43.51584833858556]
5, 3, 0.9456862871, [1.5237487324207826, -44.49225489689266]
5, 4, 0.9368854681, [1.738860864623334, -51.21749290172721]
5, 5, 0.9358460922, [1.5237487324207826, -41.48774926078397]
5, 6, 0.8823263982, [2.5224708398228923, -47.73453294351551]
5, 7, 0.8068087543, [2.75392636834904, -45.263450537197166]
5, 8, 0.3182057565, [-0.12610690729971719, -45.47580858856695]
5, 9, 0, [4.05254155807955, -44.22412338512478]
6, 0, 0.9515337548, [1.7426848109643098, -47.76772188308916]
6, 1, 0.9483029926, [1.6514583080974004, -45.9665002234543]
6, 2, 0.9447834976, [1.4553438920161534, -48.15064075153293]
6, 3, 0.9385587644, [1.5237487324207826, -42.63087377616713]
6, 4, 0.9245141282, [1.7426848109643098, -52.53772909253267]
6, 5, 0.8770309259, [0.8065992316286231, -44.49225489689266]
6, 6, 0.8387580651, [0.8234786342941157, -48.3696944218502]
6, 7, 0.3045820336, [-4.4455284632123035, -46.12998838999091]
6, 8, 0.2501781932, [-4.329358232512543, -51.04080422636265]
6, 9, 0, [4.809635843151897, -47.211791913856864]
7, 0, 0.9515337548, [1.7426848109643098, -47.76772188308916]
7, 1, 0.950067916, [1.8504583639472696, -47.126813223291734]
7, 2, 0.9483029926, [1.6514583080974004, -45.9665002234543]
7, 3, 0.9426376199, [1.3671839736671954, -44.61512957737626]
7, 4, 0.9076175315, [2.3330168783130545, -45.199297829628144]
7, 5, 0.7388022607, [2.962197550374392, -47.92874962567572]
7, 6, 0.6155687374, [3.2480231964393553, -44.11700231565369]
7, 7, 0.5994320888, [3.352241107024022, -48.32337405116784]
7, 8, 0.2235205275, [-1.1924813984841431, -51.141580826822725]
7, 9, 0, [5.3925828834985, -48.196810701327806]
8, 0, 0.9523093353, [1.6970715595308552, -46.86711105327173]
8, 1, 0.9515337548, [1.7426848109643098, -47.76772188308916]
8, 2, 0.9481663256, [1.5549343923157526, -48.40570641360655]
8, 3, 0.9444715935, [1.5093211408822977, -45.34836725902371]
8, 4, 0.8971701897, [2.414971821908797, -46.19142573023271]
8, 5, 0.8949380209, [0.8785065687929627, -43.0142598473655]
8, 6, 0.6282338485, [3.2342503372606717, -50.429434111840465]
8, 7, 0.477335267, [3.6461529612241463, -47.39318669094812]
8, 8, 0.2804967196, [-0.7550511855501583, -45.29081490041528]
8, 9, 0, [5.045421329672525, -45.870971400334]
9, 0, 0.9526512973, [1.7073569284456498, -46.65107174056705]
9, 1, 0.9523093353, [1.6970715595308552, -46.86711105327173]
9, 2, 0.9414337848, [1.626002975923304, -42.3309105544468]
9, 3, 0.9351196883, [1.2390950679747381, -46.11572493078982]
9, 4, 0.914735277, [2.338386353278036, -47.84799230638279]
9, 5, 0.8274189893, [0.5599974278400495, -41.3958661711256]
9, 6, 0.2982390755, [-4.06119351474786, -46.86711105327173]
9, 7, 0.2866978105, [-0.16338344839519992, -46.87703683631513]
9, 8, 0.2684961024, [-1.739745022215787, -48.40570641360655]
9, 9, 0.2674808019, [-2.4666357080205676, -49.46568075422101]
10, 0, 0.9526512973, [1.7073569284456498, -46.65107174056705]
10, 1, 0.9526512973, [1.7073569284456498, -46.65107174056705]
10, 2, 0.9523093353, [1.6970715595308552, -46.86711105327173]
10, 3, 0.9523093353, [1.6970715595308552, -46.86711105327173]
10, 4, 0.9407597508, [1.839790067196676, -50.21410689363625]
10, 5, 0.9220840605, [1.6326224574651735, -52.05895952599067]
10, 6, 0.9084363421, [2.3834843832990327, -48.6491204386824]
10, 7, 0.6892204299, [1.7036910410727248, -58.842680136292465]
10, 8, 0.4859722844, [3.6269854910458124, -47.24953202347492]
10, 9, 0, [5.185625737848623, -47.212423569150396]
11, 0, 0.9526512973, [1.7073569284456498, -46.65107174056705]
11, 1, 0.9486664619, [1.7073569284456498, -45.59494178903819]
11, 2, 0.9233906255, [2.2209729094445843, -48.83299461884245]
11, 3, 0.699217569, [0.3992213548092214, -44.743213033768555]
11, 4, 0.6078984992, [3.3033340574056513, -46.65107174056705]
11, 5, 0.5299405688, [3.5366122962052406, -48.60651644028367]
11, 6, 0.5197304944, [3.568349861640564, -50.74298719805739]
11, 7, 0.3084346379, [-0.43476353803945655, -41.97993485625307]
11, 8, 0.2199308976, [-0.5846333541359765, -50.848618933128115]
11, 9, 0, [6.346913354449952, -44.51714805437599]
12, 0, 0.9526512973, [1.7073569284456498, -46.65107174056705]
12, 1, 0.9439443959, [1.9386965137253673, -46.65107174056705]
12, 2, 0.926095139, [1.5093487328342965, -51.26862168385166]
12, 3, 0.9125650528, [2.2583875613064355, -45.941271721420556]
12, 4, 0.9049349276, [2.341804346755004, -45.023598241535105]
12, 5, 0.6640632025, [3.124429255902589, -45.59494178903819]
12, 6, 0.3660803378, [-0.03300249287396406, -43.38550170057334]
12, 7, 0.294429497, [-0.6415453958040456, -43.48742162452395]
12, 8, 0, [3.937781475715006, -46.079728193063964]
12, 9, 0, [3.7460664751182087, -45.59494178903819]
13, 0, 0.9526512973, [1.7073569284456498, -46.65107174056705]
13, 1, 0.9513393213, [1.7073569284456498, -44.298013268695314]
13, 2, 0.930259388, [2.1402504302401857, -48.937354325103605]
13, 3, 0.9261876758, [2.1402504302401857, -44.63269859799946]
13, 4, 0.9240845367, [2.1402504302401857, -45.83733499105108]
13, 5, 0.5383577915, [3.521148749467195, -46.65107174056705]
13, 6, 0.4851670006, [0.2036200089701321, -47.277210052972535]
13, 7, 0.2720170574, [-1.0061303157249246, -46.65107174056705]
13, 8, 0, [5.14437093206211, -52.514522668147166]
13, 9, 0, [3.9916480609191893, -43.94891465409142]
14, 0, 0.9526512973, [1.7073569284456498, -46.65107174056705]
14, 1, 0.9456631357, [1.7073569284456498, -49.73882648779903]
14, 2, 0.93927593, [1.9470409782082148, -45.03661274705413]
14, 3, 0.9329200294, [1.2100846788881632, -45.69468944405013]
14, 4, 0.9263338198, [2.1402504302401857, -43.88773869900884]
14, 5, 0.588959779, [3.361380953701111, -44.46535593334738]
14, 6, 0.3136514698, [-2.05430048831904, -44.822092992285555]
14, 7, 0.3080864652, [-3.6006594124210753, -45.47454250463118]
14, 8, 0, [7.686411231208796, -50.03590815577116]
14, 9, 0, [4.369345375773181, -46.65107174056705]
15, 0, 0.9526512973, [1.7073569284456498, -46.65107174056705]
15, 1, 0.9524204724, [1.7799650525813722, -46.57076690344251]
15, 2, 0.9382173431, [1.9794395673331535, -43.738067140981585]
15, 3, 0.936297989, [1.282117856124059, -44.47525340732112]
15, 4, 0.9229874064, [1.4919754446433897, -51.68071760935875]
15, 5, 0.8926347107, [1.7073569284456498, -53.8421331899633]
15, 6, 0.8826727209, [1.0546956713689606, -49.00307117476831]
15, 7, 0.646999343, [0.23754910482270342, -39.93700070408121]
15, 8, 0.3225037123, [-0.42210790471543835, -40.263755949601844]
15, 9, 0, [3.931819868110411, -52.25562935432315]
16, 0, 0.9526512973, [1.7073569284456498, -46.65107174056705]
16, 1, 0.9500448032, [1.879702309957263, -47.322258103591935]
16, 2, 0.9471754541, [1.879702309957263, -49.23524567597556]
16, 3, 0.942623435, [1.7073569284456498, -42.483841083882844]
16, 4, 0.7864626769, [1.7073569284456498, -56.7599459156273]
16, 5, 0.4740644853, [3.6590475741506614, -46.610919322004776]
16, 6, 0.3161162462, [-2.3605264707906675, -44.55585537081281]
16, 7, 0.2922920564, [-1.5650735158944686, -46.14038041848128]
16, 8, 0.2530638525, [-0.33136812140021754, -47.717668601999144]
16, 9, 0.2332414571, [-1.1124367460822333, -50.22325608533918]
17, 0, 0.9526512973, [1.7073569284456498, -46.65107174056705]
17, 1, 0.9516433745, [1.7935296192014563, -47.01614170562437]
17, 2, 0.9338302983, [1.306303984989601, -48.80971318145224]
17, 3, 0.9138534751, [1.1293392481207265, -47.322258103591935]
17, 4, 0.905949, [1.0354173342845485, -45.62108648018599]
17, 5, 0.645161957, [3.1830139229720347, -46.65107174056705]
17, 6, 0.2922173119, [-0.392108526100748, -43.95780425597327]
17, 7, 0.2897120607, [-2.1406133021163654, -47.322258103591935]
17, 8, 0, [5.535343769689875, -50.087351095538274]
17, 9, 0, [6.87841918888712, -48.0244090738122]
18, 0, 0.9526512973, [1.7073569284456498, -46.65107174056705]
18, 1, 0.9511908102, [1.7935296192014563, -48.12836541855358]
18, 2, 0.8891332652, [2.484265428817926, -46.93454423250953]
18, 3, 0.8384097827, [2.6739416494437167, -45.980782561103965]
18, 4, 0.8042848852, [0.6689923346516857, -46.46529545635879]
18, 5, 0.7560018959, [0.5977680323002346, -47.46050113877077]
18, 6, 0.6979536057, [3.0454519748190085, -46.19778638894882]
18, 7, 0.2992652533, [-0.18981363607444468, -45.10431895025588]
18, 8, 0.2657425141, [-3.781414571973578, -49.63989098188231]
18, 9, 0, [3.949887419250591, -45.379005577587925]
19, 0, 0.9526512973, [1.7073569284456498, -46.65107174056705]
19, 1, 0.9523836971, [1.7002722332390252, -46.908459480740646]
19, 2, 0.9292473409, [2.138897524009691, -48.82236484431209]
19, 3, 0.903409159, [2.350413135077798, -51.84567123628453]
19, 4, 0.8737148186, [1.5766288817348058, -54.1979618099091]
19, 5, 0.8651700307, [2.3243937189979818, -38.75013236190461]
19, 6, 0.8614521493, [2.273285948723281, -54.53186701521828]
19, 7, 0.7677087814, [0.6292635711186786, -47.803605650617]
19, 8, 0.3883590332, [0.03660312013935241, -46.65107174056705]
19, 9, 0.345433958, [-0.0027402595083036996, -46.407241060272895]
20, 0, 0.9526512973, [1.7073569284456498, -46.65107174056705]
20, 1, 0.9524386578, [1.7076466361600127, -46.772927283557024]
20, 2, 0.9522287353, [1.700561940953388, -46.99464473931508]
20, 3, 0.9478337361, [1.7002722332390252, -49.30238265451483]
20, 4, 0.9284400526, [1.208328082957636, -47.67868775298306]
20, 5, 0.9029248338, [1.1920628176176362, -50.260580977372584]
20, 6, 0.4406275551, [3.69656750395581, -40.73022824215033]
20, 7, 0.3110163098, [-2.4201959654992002, -45.69305639598918]
20, 8, 0.289695064, [-0.04412873346656676, -49.40667765767834]
20, 9, 0.1479231199, [-0.552210555911504, -56.73126288808508]
21, 0, 0.9526512973, [1.7073569284456498, -46.65107174056705]
21, 1, 0.9524582145, [1.7075017823028311, -47.148459633356794]
21, 2, 0.9522287353, [1.700561940953388, -46.99464473931508]
21, 3, 0.9515192863, [1.7039594346995188, -48.03765496903593]
21, 4, 0.8746165381, [0.945012747765879, -47.97672719754094]
21, 5, 0.8451287057, [2.6636762473014692, -46.99464473931508]
21, 6, 0.8172035222, [0.5440131996782156, -42.3951957324458]
21, 7, 0.5263935962, [3.5463083423486848, -47.71484170487071]
21, 8, 0.4455871073, [0.13076134626673452, -46.48601662738612]
21, 9, 0.2945040675, [-6.2050519938565944, -47.225807518270045]
22, 0, 0.9526897061, [1.7074293553742406, -46.89976568696192]
22, 1, 0.9526512973, [1.7073569284456498, -46.65107174056705]
22, 2, 0.9490407566, [1.7073569284456498, -46.29747063240159]
22, 3, 0.9474527714, [1.7039594346995188, -49.590436037492395]
22, 4, 0.9402321194, [1.7042368308975666, -50.2515704090063]
22, 5, 0.9225055283, [1.1877306358315336, -42.19155102970798]
22, 6, 0.4809702869, [3.5825069939833245, -40.429914388189836]
22, 7, 0.3152414729, [-3.0952048000861057, -45.04932794927673]
22, 8, 0.2966532821, [-2.397505670989276, -47.063097502629624]
22, 9, 0.2947063013, [-3.694378501170992, -46.719524503881594]
23, 0, 0.9528646909, [1.7073569284456498, -46.53275379037653]
23, 1, 0.9526897061, [1.7074293553742406, -46.89976568696192]
23, 2, 0.9504646241, [1.7056581815725842, -48.71478084052366]
23, 3, 0.9496746704, [1.7073569284456498, -43.86354475008939]
23, 4, 0.9489777601, [1.7074293553742406, -43.71659333591534]
23, 5, 0.9480631912, [1.7073569284456498, -43.57063875748542]
23, 6, 0.3082481771, [-0.09370010366086357, -46.94240879871229]
23, 7, 0.2942477186, [-0.7370280560917297, -43.91883616122053]
23, 8, 0.2818614082, [-2.9353907143537326, -48.18537882930621]
23, 9, 0, [6.3372416210389755, -49.590436037492395]
24, 0, 0.9528646909, [1.7073569284456498, -46.53275379037653]
24, 1, 0.9480147311, [1.7074293553742406, -49.36673199304079]
24, 2, 0.9283959025, [1.7068985319585288, -52.041605841199704]
24, 3, 0.9174725739, [1.1041973494021882, -45.24614601032338]
24, 4, 0.8638355537, [2.5870248669230476, -50.44346884456413]
24, 5, 0.8106470726, [2.7430620063220683, -45.74702520437271]
24, 6, 0.7107071365, [2.993311725510167, -52.38261411902266]
24, 7, 0.5879427056, [3.381169666544432, -46.66366145163696]
24, 8, 0.2933956239, [-1.858141213394884, -46.53275379037653]
24, 9, 0, [4.425786685528782, -44.87165810556027]
25, 0, 0.9528646909, [1.7073569284456498, -46.53275379037653]
25, 1, 0.949541169, [1.886471832147666, -47.588115400491034]
25, 2, 0.938848032, [1.7071277302020893, -50.541012168540945]
25, 3, 0.3926603043, [0.22288569131159552, -52.041605841199704]
25, 4, 0.3318251595, [-0.8155489536925407, -37.618303961496736]
25, 5, 0.3095930324, [-4.913255839909077, -45.42646496185322]
25, 6, 0.3016053492, [-1.6553677177418131, -45.25422215506285]
25, 7, 0.2391352024, [-6.084027947717548, -52.23843962250619]
25, 8, 0, [3.76918244475085, -45.758110568433274]
25, 9, 0, [5.288296735237258, -54.94352639648943]
26, 0, 0.9528646909, [1.7073569284456498, -46.53275379037653]
26, 1, 0.9517015882, [1.7150059142092464, -48.12222637590999]
26, 2, 0.9506195309, [1.7072423293238694, -48.53688297945874]
26, 3, 0.9470520205, [1.533360101919286, -48.74217683130599]
26, 4, 0.9367016678, [1.7969143802966578, -51.10959518009991]
26, 5, 0.8676258192, [1.0546787617296307, -49.814860620845366]
26, 6, 0.6314542598, [3.1994771513433005, -42.89258900477661]
26, 7, 0.5703776421, [3.4551325719021966, -47.05236211497885]
26, 8, 0.2787347164, [-2.848547015429702, -48.39284757304728]
26, 9, 0.227731638, [-0.7154738760748145, -50.241114582855275]
27, 0, 0.9528646909, [1.7073569284456498, -46.53275379037653]
27, 1, 0.9517015882, [1.7150059142092464, -48.12222637590999]
27, 2, 0.9489607148, [1.6203012156215777, -48.559119403060805]
27, 3, 0.8977803526, [1.0249501218556056, -46.69098856009027]
27, 4, 0.6562643197, [0.6015624533442805, -51.453733965731395]
27, 5, 0.6303405561, [3.2302769144283827, -48.12222637590999]
27, 6, 0.3367214061, [0.015750333719185106, -49.42556897772773]
27, 7, 0.2888683729, [-0.16378477266660685, -46.64922254768528]
27, 8, 0.2856322182, [-2.9013784726936853, -47.96658890635992]
27, 9, 0, [8.636491685944671, -48.31391011949618]
28, 0, 0.9528646909, [1.7073569284456498, -46.53275379037653]
28, 1, 0.9510111893, [1.711181421327448, -47.72600739271416]
28, 2, 0.9482226376, [1.6638290720336137, -45.751187296910885]
28, 3, 0.890286637, [2.4955080634834683, -47.54593659671867]
28, 4, 0.3003200063, [-2.6615025031986512, -46.60130672789005]
28, 5, 0.2488365758, [-2.807365694222276, -50.886134781185554]
28, 6, 0, [4.179481336457644, -47.54593659671867]
28, 7, 0, [5.754337485574158, -43.57434199155487]
28, 8, 0, [4.245266540041104, -47.1294389361166]
28, 9, 0, [4.951629190966792, -45.62242690438169]
29, 0, 0.9528646909, [1.7073569284456498, -46.53275379037653]
29, 1, 0.9517015882, [1.7142805208551781, -48.161300445622544]
29, 2, 0.9481632167, [1.687505246680531, -45.18363800869738]
29, 3, 0.8703520792, [1.0448944019935413, -38.40887333356589]
29, 4, 0.8109730258, [0.6964524116228603, -46.53275379037653]
29, 5, 0.3235782108, [-4.976942822568546, -44.21692163048297]
29, 6, 0.3026807787, [-6.768382727881835, -46.57948759953879]
29, 7, 0.3000289111, [-2.797486741227325, -46.665757739346375]
29, 8, 0.2743663929, [-0.5456610119500146, -45.63818735083056]
29, 9, 0.2672069617, [-0.4770727873765007, -46.56703025913329]
30, 0, 0.9528646909, [1.7098120961813097, -46.5352335476741]
30, 1, 0.9528646909, [1.7073569284456498, -46.53275379037653]
30, 2, 0.9516792191, [1.7139966627510514, -47.78092795937472]
30, 3, 0.9341401493, [1.7073569284456498, -41.01106584795144]
30, 4, 0.848404839, [2.3264045677521867, -37.206764355662976]
30, 5, 0.6735237214, [3.0413312668155412, -38.859943297266405]
30, 6, 0.6635812584, [3.137288550449491, -46.50127055197369]
30, 7, 0.568529248, [3.4291570481841114, -44.179647638685104]
30, 8, 0, [8.385284403400172, -54.45237694817474]
30, 9, 0, [4.786485723902595, -49.48761617612915]
