0, 0, 0.9300138654, [0.8652329118126117, -44.839341356899126]
0, 1, 0.9266062496, [1.0626026142919174, -53.30367785553532]
0, 2, 0.904393189, [0.8715421771424384, -42.32202948372274]
0, 3, 0.8931793513, [0.1928758938935227, -54.034870479400546]
0, 4, 0.6418878077, [1.5767263688984465, -59.10608341685789]
0, 5, 0, [2.337993794602593, -59.249677343319995]
0, 6, 0, [2.6776492495740434, -39.69901537731266]
0, 7, 0, [3.222628486966959, -57.391835021117515]
0, 8, 0, [2.3745955322283314, -43.6517555819035]
0, 9, 0, [2.933006598372393, -59.80503720965817]
1, 0, 0.9387798989, [0.972882836248277, -53.30367785553532]
1, 1, 0.9300138654, [0.8652329118126117, -44.839341356899126]
1, 2, 0.9266062496, [1.0626026142919174, -53.30367785553532]
1, 3, 0.9257774186, [1.0626026142919174, -52.51958501793591]
1, 4, 0.9134816232, [1.0455239661643139, -45.220919172841285]
1, 5, 0.6858989694, [1.4678258686939611, -48.250429659994595]
1, 6, 0.2799551818, [-2.068915147283671, -45.390684957074555]
1, 7, 0.2343108281, [-4.309960513032195, -45.01410528007239]
1, 8, 0, [3.4241766132555425, -44.316109174305595]
1, 9, 0, [6.608963046992745, -46.99283511622088]
2, 0, 0.9475330202, [0.822819822416875, -47.89319414514684]
2, 1, 0.9387798989, [0.972882836248277, -53.30367785553532]
2, 2, 0.9387798989, [0.972882836248277, -53.30367785553532]
2, 3, 0.9013573661, [0.3345915951481083, -40.47949158998189]
2, 4, 0.8597987317, [0.1298164082298776, -54.90983681085058]
2, 5, 0.7056990163, [0.5996095530459453, -32.852318683932225]
2, 6, 0.6349933048, [-0.08663619317204496, -39.92944742654484]
2, 7, 0.4419933471, [-0.016637262760789362, -59.42379714116947]
2, 8, 0.3115106297, [-0.9623484502933589, -49.07150960621722]
2, 9, 0.2403286, [-2.0053704584425525, -52.785312454453624]
3, 0, 0.9475330202, [0.822819822416875, -47.89319414514684]
3, 1, 0.9446936369, [0.897851329332576, -50.59843600034108]
3, 2, 0.9304828331, [0.2946998070793123, -52.85814780956491]
3, 3, 0.9235060371, [0.23219425896009627, -50.59843600034108]
3, 4, 0.9149106433, [0.897851329332576, -43.64992195702653]
3, 5, 0.8740886493, [1.1695556389380115, -49.10447254611824]
3, 6, 0.8659414693, [0.03765079714197417, -47.89319414514684]
3, 7, 0.7810472052, [0.3345915951481083, -34.95633427262019]
3, 8, 0.2933358618, [-0.7389155074938292, -49.64762907926303]
3, 9, 0.2857324902, [-1.2436730809266683, -49.483024527275255]
4, 0, 0.9687275743, [0.5962755682059442, -52.77191916700684]
4, 1, 0.9634109823, [0.5962755682059442, -48.52134227705795]
4, 2, 0.95451996, [0.822819822416875, -50.16310575905244]
4, 3, 0.9529969571, [0.8603355758747255, -55.89061758026018]
4, 4, 0.9499951113, [0.39726703922303647, -48.929377545763685]
4, 5, 0.9475330202, [0.822819822416875, -47.89319414514684]
4, 6, 0.9402209617, [0.8603355758747255, -46.184918370493726]
4, 7, 0.9182955562, [0.18154515179245378, -49.245815072743966]
4, 8, 0.2670489165, [-0.13085297611452623, -57.042343212093044]
4, 9, 0.198385193, [-0.28957253563696916, -54.640706593496716]
5, 0, 0.9687275743, [0.5962755682059442, -52.77191916700684]
5, 1, 0.9637826723, [0.5608734347748733, -56.59233266954553]
5, 2, 0.9566602657, [0.5944411938961123, -46.1947154835148]
5, 3, 0.9564514163, [0.7095476953114096, -46.62474228034779]
5, 4, 0.9536188477, [0.8603355758747255, -55.672534514664456]
5, 5, 0.9523758812, [0.8603355758747255, -52.668028878555766]
5, 6, 0.6473354408, [1.5585146027983456, -49.28702533717109]
5, 7, 0.5209287343, [1.7899701313244933, -46.81594293085274]
5, 8, 0.2734372733, [-1.304094337148178, -50.850648356385264]
5, 9, 0, [3.3132952009561025, -49.87598906285793]
6, 0, 0.9693014046, [0.5785745014904087, -54.682125918276185]
6, 1, 0.9687275743, [0.5962755682059442, -52.77191916700684]
6, 2, 0.9657861647, [0.5962755682059442, -57.541926376450355]
6, 3, 0.9399254794, [0.7095476953114096, -44.76336115962226]
6, 4, 0.9337344123, [0.3089346492577879, -53.15483803545062]
6, 5, 0.7485321044, [-0.007601805480749846, -46.62474228034779]
6, 6, 0.1953679359, [-5.425833603146173, -49.698330723677316]
6, 7, 0.1765950605, [-0.24940517231287596, -57.08532011667209]
6, 8, 0.1658722377, [-5.475767475270908, -56.045001510280336]
6, 9, 0, [3.8293307032180275, -50.780134247543266]
7, 0, 0.9693014046, [0.5785745014904087, -54.682125918276185]
7, 1, 0.9687275743, [0.5962755682059442, -52.77191916700684]
7, 2, 0.9595707532, [0.7264827645393219, -48.501611386478274]
7, 3, 0.940610684, [0.31200123377573913, -51.420548520928804]
7, 4, 0.7459596083, [1.3438612050214176, -49.72274353894922]
7, 5, 0.4137000583, [1.9551026340596909, -51.42229452551246]
7, 6, 0.408255352, [1.973041877082755, -52.452195334996794]
7, 7, 0.1270956631, [-1.9677616647824012, -61.96319674721822]
7, 8, 0, [4.268607284090552, -49.571608864514346]
7, 9, 0, [2.9578332155280904, -55.41037143930832]
8, 0, 0.9704903435, [0.6525286330148653, -51.59186865237723]
8, 1, 0.9693014046, [0.5785745014904087, -54.682125918276185]
8, 2, 0.9601641417, [0.5192419991575306, -50.01863231231197]
8, 3, 0.9493180406, [0.44528786763307393, -55.26561790297634]
8, 4, 0.7669083204, [1.3053252972261185, -53.051337219602495]
8, 5, 0.3796986382, [2.0251037846530586, -56.709189101291535]
8, 6, 0.3436878016, [-0.16603635772302716, -47.739017446471]
8, 7, 0.2640703024, [-1.7451303272749255, -49.96107995370354]
8, 8, 0, [2.4370064086165333, -53.67294168039919]
8, 9, 0, [3.8907385618561348, -52.09623384396782]
9, 0, 0.9712386986, [0.6621735571926435, -51.36327258590754]
9, 1, 0.9704903435, [0.6525286330148653, -51.59186865237723]
9, 2, 0.9472482091, [0.5858853160861979, -45.49975230335227]
9, 3, 0.9201014566, [0.1989774081376322, -49.28456667969528]
9, 4, 0.7642830821, [1.3020535153827972, -49.4483614513232]
9, 5, 0.301350016, [-0.48454549867594043, -46.1206237702311]
9, 6, 0.2603071332, [-1.213246281598923, -52.642125107644155]
9, 7, 0.2452870744, [-2.775437415374009, -50.01863231231197]
9, 8, 0.2269548587, [-1.6763195959179473, -54.75400381492212]
9, 9, 0.223976368, [-3.5023281011787897, -51.07860665292643]
10, 0, 0.9712386986, [0.6621735571926435, -51.36327258590754]
10, 1, 0.9712386986, [0.6621735571926435, -51.36327258590754]
10, 2, 0.9704903435, [0.6525286330148653, -51.59186865237723]
10, 3, 0.9704903435, [0.6525286330148653, -51.59186865237723]
10, 4, 0.9663362436, [0.5920926187212739, -58.97455741514123]
10, 5, 0.9608462238, [0.7975394283803526, -54.330366833292935]
10, 6, 0.9576303529, [0.6587359356499414, -67.31419387564307]
10, 7, 0.7546917034, [1.3383010120460264, -53.36132128402289]
10, 8, 0, [4.138949832353416, -52.88459935900712]
10, 9, 0, [2.58622738647169, -50.405817018615366]
11, 0, 0.9712386986, [0.6621735571926435, -51.36327258590754]
11, 1, 0.9689643396, [0.6621735571926435, -50.30714263437868]
11, 2, 0.8767015744, [1.1757895381915782, -53.54519546418294]
11, 3, 0.2919269842, [-1.4799469092924629, -46.69213570159356]
11, 4, 0.2878322242, [-0.6456417940752766, -49.46169225599155]
11, 5, 0.21120692, [-1.6051737932267194, -56.16172306151883]
11, 6, 0, [2.345295345327425, -60.10434100261259]
11, 7, 0, [5.301729983196945, -49.22934889971648]
11, 8, 0, [2.491428924952235, -53.31871728562416]
11, 9, 0, [4.583021540128142, -50.92778757582189]
12, 0, 0.9712386986, [0.6621735571926435, -51.36327258590754]
12, 1, 0.9517597798, [0.8419708200384568, -49.326538619909066]
12, 2, 0.9462876381, [0.8935131424723609, -51.36327258590754]
12, 3, 0.9246793258, [0.3379278009429529, -56.79090573483727]
12, 4, 0.8653401108, [1.1820682713342947, -49.84977219646403]
12, 5, 0.388794891, [-0.12574707993362533, -49.0043218180769]
12, 6, 0.3478963517, [2.0792458846495827, -50.30714263437868]
12, 7, 0.2834514077, [-0.615434341293265, -49.53404677657734]
12, 8, 0.2741060023, [-1.6867287670570519, -48.19962246986444]
12, 9, 0, [2.700883103865203, -50.30714263437868]
13, 0, 0.9712386986, [0.6621735571926435, -51.36327258590754]
13, 1, 0.9664654447, [0.6621735571926435, -49.010214114035804]
13, 2, 0.9331157406, [1.0120195456863756, -52.68817474223908]
13, 3, 0.9290762294, [1.0120195456863756, -49.58815540818655]
13, 4, 0.9259882568, [1.0120195456863756, -48.38351901513493]
13, 5, 0.2926355332, [-0.9246108755836779, -51.02803047010801]
13, 6, 0.2585063977, [-2.0770848481948834, -50.3449056029083]
13, 7, 0, [4.073416399592151, -56.208356530488416]
13, 8, 0, [2.9464646896661826, -48.66111549943191]
13, 9, 0, [2.4244230557802844, -49.326538619909066]
14, 0, 0.9729811252, [0.6621735571926435, -54.45102733313952]
14, 1, 0.9712386986, [0.6621735571926435, -51.36327258590754]
14, 2, 0.9430806189, [0.9018576069552083, -49.74881359239462]
14, 3, 0.9262711422, [1.0120195456863756, -48.84319550919594]
14, 4, 0.8936165851, [0.123377550984755, -50.52851827181392]
14, 5, 0.6231701122, [1.6238738776212407, -51.19565152800777]
14, 6, 0.2459111339, [-3.1410076162224483, -48.45128542699773]
14, 7, 0.2048246428, [-4.645842783674082, -50.18674334997167]
14, 8, 0, [4.940939733056855, -54.580487943211885]
14, 9, 0, [2.997832665406291, -55.72373783471318]
15, 0, 0.9729811252, [0.6621735571926435, -54.45102733313952]
15, 1, 0.9713783967, [0.6621735571926435, -58.55433403530379]
15, 2, 0.9683519707, [0.7347816813283659, -54.21713442530317]
15, 3, 0.9640107478, [0.660493603896662, -48.40560686256427]
15, 4, 0.952248395, [0.4467920733903835, -53.30516370746726]
15, 5, 0.9503161382, [0.43307141914156355, -52.93342463001146]
15, 6, 0.9339195058, [0.9342561960801471, -48.29667991561026]
15, 7, 0.3445732994, [-1.0644940352680363, -43.65260519953084]
15, 8, 0.3122533842, [-0.8076342664303029, -47.73695629665368]
15, 9, 0, [2.8866364968574043, -56.96783019966364]
16, 0, 0.9729811252, [0.6621735571926435, -54.45102733313952]
16, 1, 0.9708868605, [0.6984776192605047, -58.553575311683375]
16, 2, 0.9689643396, [0.6621735571926435, -50.28379667645532]
16, 3, 0.9687601605, [0.6984776192605047, -60.466562884067]
16, 4, 0.9282680844, [0.3185638522528422, -55.00973525827061]
16, 5, 0.2307420516, [-1.4910590595419453, -54.67612209716677]
16, 6, 0.2270531579, [-2.610256887147475, -53.94033601105375]
16, 7, 0.2013495926, [-3.442013904111535, -54.44761673302969]
16, 8, 0.1852777502, [-2.15762011733524, -58.023211677911654]
16, 9, 0, [4.527672896932337, -52.32377104201677]
17, 0, 0.9729811252, [0.6621735571926435, -54.45102733313952]
17, 1, 0.9701595992, [0.6803255882265741, -56.53177810595633]
17, 2, 0.9580782199, [0.8177785916448321, -61.27777405896214]
17, 3, 0.8614276002, [0.1930999540147188, -58.325349581784195]
17, 4, 0.6049099914, [-0.009766036968457792, -53.42104207275846]
17, 5, 0.3880580269, [-0.05188544257603167, -58.553575311683375]
17, 6, 0.166527185, [-3.3218379928131236, -58.553575311683375]
17, 7, 0.127490812, [-1.6121889583799658, -61.93993360099057]
17, 8, 0, [6.129735953837926, -62.38094647016551]
17, 9, 0, [2.137830551719029, -54.45102733313952]
18, 0, 0.9729811252, [0.6621735571926435, -54.45102733313952]
18, 1, 0.9697817394, [0.6803255882265741, -57.644001818885535]
18, 2, 0.5885791453, [1.6832303167642098, -55.38230609648633]
18, 3, 0.5873825495, [1.6834007166581004, -57.92639287143046]
18, 4, 0.4359035452, [1.9322479438441262, -55.71342278928078]
18, 5, 0.2426938373, [-1.1805249687539519, -54.50584248563825]
18, 6, 0.1868427622, [-0.3217189980278214, -55.866818991741155]
18, 7, 0.1844519573, [-0.39294330037927255, -56.86202467415314]
18, 8, 0.1341168207, [-4.582279284133404, -60.63173962080324]
18, 9, 0, [2.959176086571084, -54.78052911297029]
19, 0, 0.9729811252, [0.6621735571926435, -54.45102733313952]
19, 1, 0.9719483555, [0.6606811863947881, -55.00733681957707]
19, 2, 0.8900101439, [0.19594987010049203, -54.922164717231844]
19, 3, 0.8836227168, [0.24670069849774023, -59.94557961995357]
19, 4, 0.8794395312, [1.1656742421571682, -64.34642516181418]
19, 5, 0.8705609713, [1.181777952495392, -57.804063976466466]
19, 6, 0.726971359, [1.3932935635634993, -60.827370368438906]
19, 7, 0.5103578443, [1.807739130304168, -63.04590640835849]
19, 8, 0.255368585, [-1.008580251113654, -54.45102733313952]
19, 9, 0.2547794571, [-1.04792363076131, -54.20719665284537]
20, 0, 0.9729811252, [0.6622345832947155, -54.59936865547613]
20, 1, 0.9729811252, [0.6621735571926435, -54.45102733313952]
20, 2, 0.9719483555, [0.6607422124968602, -55.12000785749813]
20, 3, 0.9696284364, [0.6606811863947881, -57.40125999335125]
20, 4, 0.8710016763, [0.16594087390901424, -55.62810421868751]
20, 5, 0.2131971447, [-1.0865159425151885, -57.35609412338279]
20, 6, 0.2074946016, [-3.4597870123434378, -53.791933734825605]
20, 7, 0.1828288966, [-0.6732258114762779, -58.87897664826246]
20, 8, 0.0806098883, [-0.7247413880029976, -67.39821352721098]
20, 9, 0, [2.2025019913747075, -47.68010597489644]
21, 0, 0.9729811252, [0.6622345832947155, -54.59936865547613]
21, 1, 0.9725701513, [0.6622040702436796, -54.96165811560258]
21, 2, 0.9719483555, [0.6607422124968602, -55.12000785749813]
21, 3, 0.9703139678, [0.6614273717937158, -55.926143663245384]
21, 4, 0.6228675826, [1.6238565188449412, -55.12000785749813]
21, 5, 0.3383172422, [-0.09737446128274274, -55.926143663245384]
21, 6, 0.2632013373, [-0.4985188632275874, -50.283684426655256]
21, 7, 0.252723122, [-0.9116258627818872, -54.435433093090566]
21, 8, 0.1455764239, [-7.248982137864591, -55.039565775913516]
21, 9, 0, [2.5010106302895334, -55.528040187116495]
22, 0, 0.9729811252, [0.6622345832947155, -54.24576754731067]
22, 1, 0.9729811252, [0.6622345832947155, -54.59936865547613]
22, 2, 0.9727835449, [0.6622193267691976, -54.78051338553935]
22, 3, 0.9711288156, [0.661493278434943, -58.129714999089]
22, 4, 0.9696284364, [0.6614883978957878, -57.627266054038465]
22, 5, 0.9020628979, [0.14260829068059933, -50.13984794461706]
22, 6, 0.2016872138, [-4.14053863479386, -52.98728076005906]
22, 7, 0.1957685926, [-3.4372508952339307, -55.22373891959601]
22, 8, 0.1817097133, [-4.739426342110053, -54.703099717574005]
22, 9, 0, [4.087606310502479, -54.789724818723755]
23, 0, 0.9729811252, [0.6622405733215876, -54.44226160193607]
23, 1, 0.9729811252, [0.6622345832947155, -54.24576754731067]
23, 2, 0.9710620976, [0.6622253167960697, -52.014892407273635]
23, 3, 0.9710620976, [0.6622193267691976, -52.34658750322715]
23, 4, 0.9703202456, [0.6622345832947155, -51.06259519626409]
23, 5, 0.9696284364, [0.6618639308648293, -56.9585687787765]
23, 6, 0.2488275348, [-1.1388948757403887, -54.28841065906104]
23, 7, 0.247156569, [-1.782165657768182, -52.40187891435829]
23, 8, 0.1803806988, [-3.9791849650614877, -56.42916676755905]
23, 9, 0, [5.2947754647744, -58.129714999089]
24, 0, 0.9729811252, [0.6622405733215876, -54.44226160193607]
24, 1, 0.9719483555, [0.6622318061113255, -55.06790008336128]
24, 2, 0.9699957717, [0.6622345832947155, -56.71273385338954]
24, 3, 0.7834146567, [0.05888967803631073, -55.796617899435994]
24, 4, 0.6594891245, [1.5405962337728334, -57.51565338032448]
24, 5, 0.5805985872, [1.6979426561845699, -53.55828598861955]
24, 6, 0.4167005276, [1.9481923753726689, -60.1938749032695]
24, 7, 0.2154573318, [-2.903260563532382, -54.34401457462337]
24, 8, 0, [3.3806673353912835, -52.68291888980711]
24, 9, 0, [2.335861995178555, -57.21413334074958]
25, 0, 0.9729811252, [0.6622405733215876, -54.44226160193607]
25, 1, 0.9697831322, [0.6622375783081516, -56.831330080415626]
25, 2, 0.9556129611, [0.8412598189026959, -56.8181052508271]
25, 3, 0.2761037981, [-1.8607609669375105, -46.848293811832804]
25, 4, 0.221123496, [-0.8217782573522178, -56.71273385338954]
25, 5, 0.2069488984, [-2.7006753891076904, -55.80469404417546]
25, 6, 0.1757361994, [-5.958145991803014, -51.7167828737279]
25, 7, 0.14047457, [-7.128691896381361, -56.909567634696025]
25, 8, 0, [2.7239704315058804, -54.98810041876934]
25, 9, 0, [4.2436327865734444, -59.614654408679264]
26, 0, 0.9729811252, [0.6622405733215876, -54.44226160193607]
26, 1, 0.9714230017, [0.6622390758148695, -59.68595642584197]
26, 2, 0.9664217989, [0.7517501961121418, -55.630183426381585]
26, 3, 0.9541060194, [0.488309019349832, -56.502330712411364]
26, 4, 0.9097811715, [0.6752407597719712, -41.692233903109745]
26, 5, 0.252457738, [-0.5992616943146795, -51.839811946124215]
26, 6, 0.2383596319, [-2.3694143321191246, -52.266065908134124]
26, 7, 0.1878957278, [-3.8040391486414293, -55.48614801997012]
26, 8, 0, [5.860827436393926, -57.13978157755532]
26, 9, 0, [2.4100814893327422, -54.81251599608423]
27, 0, 0.9729811252, [0.6622405733215876, -54.44226160193607]
27, 1, 0.9714230017, [0.6622390758148695, -59.68595642584197]
27, 2, 0.9688259663, [0.6200296077309869, -55.985846567074915]
27, 3, 0.7742196938, [0.02464587768771065, -54.192392689331456]
27, 4, 0.2490066743, [-1.164089016834502, -54.150626676926464]
27, 5, 0.1902154152, [-1.0331912630400344, -59.16218790847349]
27, 6, 0.1814178167, [-3.937503251261376, -56.316780630886754]
27, 7, 0.1330767794, [-0.447379143414939, -61.19035289647716]
27, 8, 0, [2.1775100760340056, -59.68595642584197]
27, 9, 0, [7.592716424106666, -60.31832408239546]
28, 0, 0.9729811252, [0.6622405733215876, -54.44226160193607]
28, 1, 0.9715174473, [0.6411350905262873, -53.41930478469771]
28, 2, 0.9696284364, [0.6622398245682286, -57.46262632345992]
28, 3, 0.6922365587, [1.472814081976142, -55.21405408450549]
28, 4, 0.200081439, [-3.6842128028446295, -54.306762698290406]
28, 5, 0.1388063923, [-3.856307290981496, -60.62275371193132]
28, 6, 0, [3.156787354950317, -55.21405408450549]
28, 7, 0, [4.7092211304500955, -51.4838498031144]
28, 8, 0, [3.2001501849170424, -55.038946747676135]
28, 9, 0, [3.928935209459466, -53.29054439216851]
29, 0, 0.9729811252, [0.6622405733215876, -54.44226160193607]
29, 1, 0.9715799732, [0.651687457547258, -53.886006217963676]
29, 2, 0.9705294025, [0.6803671934701578, -55.96878233660249]
29, 3, 0.7666422143, [-0.00022195313052086885, -46.31838114512543]
29, 4, 0.2393065622, [-1.5795743393350348, -53.445669241810506]
29, 5, 0.233237289, [-1.510986114761521, -54.37451215011323]
29, 6, 0.2042084757, [-0.3486639435012019, -54.44226160193607]
29, 7, 0.1992879535, [-1.6075861002276044, -57.23582543108011]
29, 8, 0.1881229779, [-3.833304530360598, -55.36812594861267]
29, 9, 0.1744115255, [-6.0364367863487365, -51.93187979184763]
30, 0, 0.9729811252, [0.6659828024747884, -54.443108601525104]
30, 1, 0.9729811252, [0.6622405733215876, -54.44226160193607]
30, 2, 0.9718018855, [0.651254793800009, -53.15478559508879]
30, 3, 0.9656073256, [0.6622405733215876, -48.92057365951098]
30, 4, 0.7694804211, [1.2812882126281244, -45.11627216722251]
30, 5, 0.398496421, [1.996214911691479, -46.76945110882594]
30, 6, 0.3401573923, [2.092172195325429, -54.410778363533225]
30, 7, 0, [7.331429694184181, -61.26948374012507]
30, 8, 0, [3.7326310146866035, -56.30472296807948]
30, 9, 0, [5.6012789987566896, -52.08581386616862]
