0, 0, 0.9326419142, [0.8652329118126117, -44.839341356899126]
0, 1, 0.9152570876, [1.0626026142919174, -53.30367785553532]
0, 2, 0.9142854038, [0.8715421771424384, -42.32202948372274]
0, 3, 0.8724602674, [1.5767263688984465, -59.10608341685789]
0, 4, 0.7147868347, [2.337993794602593, -59.249677343319995]
0, 5, 0.7133466961, [2.3745955322283314, -43.6517555819035]
0, 6, 0.5807516454, [2.6776492495740434, -39.69901537731266]
0, 7, 0.5559450105, [2.933006598372393, -59.80503720965817]
0, 8, 0.5113249766, [3.222628486966959, -57.391835021117515]
0, 9, 0.4723212527, [0.1928758938935227, -54.034870479400546]
1, 0, 0.9369019021, [1.0455239661643139, -45.220919172841285]
1, 1, 0.9326419142, [0.8652329118126117, -44.839341356899126]
1, 2, 0.9259184995, [1.4678258686939611, -48.250429659994595]
1, 3, 0.9235962899, [1.0626026142919174, -52.51958501793591]
1, 4, 0.9152570876, [1.0626026142919174, -53.30367785553532]
1, 5, 0.9034964747, [0.972882836248277, -53.30367785553532]
1, 6, 0.4411037537, [3.4241766132555425, -44.316109174305595]
1, 7, 0.2746963975, [-2.068915147283671, -45.390684957074555]
1, 8, 0.185416957, [-4.309960513032195, -45.01410528007239]
1, 9, 0, [6.608963046992745, -46.99283511622088]
2, 0, 0.9458276881, [1.0036780492198274, -46.070029849381164]
2, 1, 0.9369019021, [1.0455239661643139, -45.220919172841285]
2, 2, 0.9369019021, [1.0455239661643139, -45.220919172841285]
2, 3, 0.8475902019, [0.420369474485232, -44.298958548165466]
2, 4, 0.7330385842, [0.22799264650343187, -43.843372771521096]
2, 5, 0.6584791013, [0.2024575381459145, -46.82707812815654]
2, 6, 0.5337298581, [0.2222949293982508, -52.85579370205209]
2, 7, 0.4522016487, [3.4031038757986085, -45.67412727316711]
2, 8, 0.2953724879, [-0.31100122077113634, -43.159531326319886]
2, 9, 0.291770384, [-0.9260278853353405, -45.03013026487021]
3, 0, 0.9458276881, [1.0036780492198274, -46.070029849381164]
3, 1, 0.9435915625, [1.0246010076920706, -45.645474511111225]
3, 2, 0.9210491263, [1.296305317297506, -44.15151105688838]
3, 3, 0.8690902942, [1.0246010076920706, -38.69696046779667]
3, 4, 0.8554673125, [0.420369474485232, -38.775801230803765]
3, 5, 0.8153792337, [0.4214494854388069, -47.905186320335055]
3, 6, 0.8072892583, [0.35894393731959084, -45.645474511111225]
3, 7, 0.6905334923, [0.21850902394492655, -46.070029849381164]
3, 8, 0.4811739305, [3.3532276943459705, -50.1153710588213]
3, 9, 0.3064170857, [-1.1169234025671737, -44.5300630380454]
4, 0, 0.946552447, [1.0036780492198274, -48.33994146328676]
4, 1, 0.946525858, [1.0605097694062378, -46.73511181503449]
4, 2, 0.9458276881, [1.0036780492198274, -46.070029849381164]
4, 3, 0.9381846088, [0.858337395891369, -45.9815404275572]
4, 4, 0.9353738226, [0.7678825013285591, -45.505618605615986]
4, 5, 0.9180571382, [1.014139528455949, -42.796855477995955]
4, 6, 0.9178409631, [1.014139528455949, -52.502554687762405]
4, 7, 0.9104828644, [0.858337395891369, -41.730963537608304]
4, 8, 0.7853023406, [0.33534910437367715, -45.857752180246194]
4, 9, 0.6264774425, [2.675361362869439, -47.69943148704365]
5, 0, 0.946552447, [1.0036780492198274, -48.33994146328676]
5, 1, 0.9370191234, [0.858337395891369, -45.76345736196148]
5, 2, 0.923519546, [1.0320939093130326, -43.68508909450043]
5, 3, 0.9234242667, [1.06013430025547, -43.9726619606425]
5, 4, 0.9185220931, [0.858337395891369, -42.75895172585279]
5, 5, 0.9069654544, [0.9498824063345762, -52.66446434761164]
5, 6, 0.8504348286, [2.022748803998639, -47.50079487514763]
5, 7, 0.7660400632, [2.254204332524787, -45.02971246882929]
5, 8, 0.2725738043, [-0.915085365588475, -46.92278003445138]
5, 9, 0, [3.5060738121542405, -44.3438273348582]
6, 0, 0.9472413903, [0.9310077225555982, -47.05169941262412]
6, 1, 0.946552447, [1.0036780492198274, -48.33994146328676]
6, 2, 0.9205882928, [0.7163371302716711, -48.72286033173054]
6, 3, 0.9128003788, [1.06013430025547, -42.111280839916965]
6, 4, 0.9102187287, [1.0036780492198274, -53.109948672730276]
6, 5, 0.8109912049, [0.3429847994633105, -43.9726619606425]
6, 6, 0.4950449315, [0.10302804875231353, -49.45489361102002]
6, 7, 0.1678277944, [-5.046839060167201, -46.15630171196463]
6, 8, 0.1408854819, [-5.068364994257025, -51.61302380656026]
6, 9, 0, [4.208325246196999, -47.23810523583058]
7, 0, 0.9472413903, [0.9310077225555982, -47.05169941262412]
7, 1, 0.946552447, [1.0036780492198274, -48.33994146328676]
7, 2, 0.9376747826, [1.2491477669923718, -47.15312654526546]
7, 3, 0.9289828601, [0.7194037147896224, -46.988570817208725]
7, 4, 0.8987650476, [1.6953711180260425, -44.58149012627054]
7, 5, 0.7477218261, [2.32455179008738, -47.310941922318115]
7, 6, 0.6807374672, [2.4462132821838503, -42.41502526368687]
7, 7, 0.6418741868, [2.623101519432746, -47.90963904986368]
7, 8, 0.5105760902, [3.2424719654331353, -48.55174683677811]
7, 9, 0.2293245667, [-1.9704638338255125, -50.71748380368826]
8, 0, 0.9472413903, [0.9310077225555982, -47.05169941262412]
8, 1, 0.9470105797, [1.0900777447739851, -47.102412978944784]
8, 2, 0.9467628592, [0.9842757408909971, -47.12840103984553]
8, 3, 0.929397131, [0.8252057186726103, -49.234415798290264]
8, 4, 0.9105830963, [1.6852431482656547, -47.02013511491642]
8, 5, 0.7809148066, [0.27151275403609265, -43.24956177303856]
8, 6, 0.7164212096, [2.4050216356925946, -50.67798699660546]
8, 7, 0.5981079525, [2.8169242596560697, -47.64173957571312]
8, 8, 0.2848527978, [-1.2800965855414588, -47.070848681237095]
8, 9, 0, [4.298141042870018, -47.664256140247744]
9, 0, 0.9478451155, [0.9348623175969535, -47.36557119885966]
9, 1, 0.9472413903, [0.9310077225555982, -47.05169941262412]
9, 2, 0.9061606591, [0.9576417317232977, -41.784552047242485]
9, 3, 0.9055320762, [1.7612969279798412, -47.100598031561994]
9, 4, 0.9026962467, [0.570733823774732, -45.5693664235855]
9, 5, 0.3423861571, [-0.20606640913520757, -41.58045453047799]
9, 6, 0.2534785077, [-1.2538437995314458, -50.29328712634586]
9, 7, 0.252349835, [-0.7907704852124213, -48.18140841906789]
9, 8, 0.250105109, [-2.3104036736405424, -47.12840103984553]
9, 9, 0.2066810959, [-3.037294359445323, -48.18837538045999]
10, 0, 0.951127551, [1.1500113536986218, -50.11283181286492]
10, 1, 0.9478451155, [0.9348623175969535, -47.36557119885966]
10, 2, 0.9478451155, [0.9348623175969535, -47.36557119885966]
10, 3, 0.9472413903, [0.9310077225555982, -47.05169941262412]
10, 4, 0.9472413903, [0.9310077225555982, -47.05169941262412]
10, 5, 0.9164896627, [1.6109897724503361, -49.36361989697502]
10, 6, 0.9014833153, [0.9601224809252958, -53.27277311299836]
10, 7, 0.7277517975, [2.356911920869812, -46.46746881122258]
10, 8, 0.7198270048, [0.9334884717575963, -60.78744058985686]
10, 9, 0, [4.398144431575318, -47.84209535493577]
11, 0, 0.951127551, [1.1500113536986218, -50.11283181286492]
11, 1, 0.9481158335, [1.0424368356477878, -47.68307155433343]
11, 2, 0.9122513371, [1.6636273346975565, -52.29475469114032]
11, 3, 0.6178187633, [2.7103845261178288, -47.09828907529148]
11, 4, 0.6083470675, [2.748398865592081, -48.84778358317563]
11, 5, 0.5893311383, [2.871692203407379, -50.69464620557891]
11, 6, 0.3366221264, [-1.2048477659546954, -41.42938608485639]
11, 7, 0.2684553408, [-0.2624833510519209, -46.56638724959369]
11, 8, 0.2439215535, [-1.3063109558663302, -51.08082774966695]
11, 9, 0, [5.7895677797029235, -47.97890812667386]
12, 0, 0.951127551, [1.1500113536986218, -50.11283181286492]
12, 1, 0.9283444797, [1.3813509389783394, -50.11283181286492]
12, 2, 0.9079192799, [1.7206064572495947, -47.0529874426056]
12, 3, 0.864347868, [0.789965058853276, -53.27849342324812]
12, 4, 0.6985162634, [2.459509163104727, -47.68307155433343]
12, 5, 0.5392082855, [3.081146382320347, -47.68307155433343]
12, 6, 0.4457758426, [3.426568487193888, -48.217699471447794]
12, 7, 0.2863850966, [-1.1988909705510735, -46.94918169682182]
12, 8, 0.2765372357, [-0.49827435891553584, -45.33487354172014]
12, 9, 0, [9.265872574990556, -47.269724028558954]
13, 0, 0.9524442006, [1.1500113536986218, -47.759773340993185]
13, 1, 0.951127551, [1.1500113536986218, -50.11283181286492]
13, 2, 0.8781063872, [1.920430051041533, -48.897951683599175]
13, 3, 0.8776677339, [1.920430051041533, -47.69331529054755]
13, 4, 0.8774275188, [1.920430051041533, -51.9979710176517]
13, 5, 0.5674182741, [2.963803174720167, -50.11283181286492]
13, 6, 0.4417707418, [3.434302486172161, -47.41067472638929]
13, 7, 0.350580089, [-0.0162003702285205, -50.33782674552063]
13, 8, 0.2529127587, [-1.5634758904719526, -50.11283181286492]
13, 9, 0, [4.587025357315081, -55.976282740445036]
14, 0, 0.9524442006, [1.1500113536986218, -47.759773340993185]
14, 1, 0.9366310358, [1.1500113536986218, -53.2005865600969]
14, 2, 0.9250199184, [1.3896954034611868, -46.145314347480266]
14, 3, 0.9227632528, [0.8215017019153229, -50.13240706240898]
14, 4, 0.8753195513, [1.920430051041533, -46.94835539155694]
14, 5, 0.5648104812, [2.9727979767282706, -48.903073551706235]
14, 6, 0.2329162937, [-2.4428834652918803, -48.45676180579893]
14, 7, 0.1748159693, [-4.158004987168104, -48.93630257692905]
14, 8, 0, [7.129065656461767, -52.321138992133164]
14, 9, 0, [3.8119998010261527, -48.93630257692905]
15, 0, 0.9524442006, [1.1500113536986218, -47.759773340993185]
15, 1, 0.944280585, [1.2226194778343442, -47.67946850386865]
15, 2, 0.9379205818, [0.8091535802641248, -47.248463016713615]
15, 3, 0.9167131402, [1.4220939925861256, -44.84676874140772]
15, 4, 0.9080418165, [1.1500113536986218, -56.1273640263253]
15, 5, 0.864342987, [0.9346298698963619, -55.34876382137764]
15, 6, 0.8121225896, [0.5817313955090263, -51.776280784160804]
15, 7, 0.4807931995, [3.3667822794747693, -51.51706859671123]
15, 8, 0.471815127, [3.3744742933633827, -54.54086019068515]
15, 9, 0.313244715, [-0.31979646992432453, -41.25198844422836]
16, 0, 0.9524442006, [1.1500113536986218, -47.759773340993185]
16, 1, 0.9464620338, [1.0158865290492345, -49.63180684167102]
16, 2, 0.9310888434, [1.0158865290492345, -51.54479441405465]
16, 3, 0.9207161814, [1.1500113536986218, -43.59254268430898]
16, 4, 0.7517504445, [0.8269800248408757, -58.32559841168727]
16, 5, 0.5376558953, [3.1017019994036334, -47.71962092243092]
16, 6, 0.2565971181, [-2.122419090641497, -47.249082018907416]
16, 7, 0.2559580217, [-0.9963635412027316, -48.88539206707092]
16, 8, 0.2342478797, [-1.6697823208292613, -51.33195768576532]
16, 9, 0.2287188273, [-2.9178720455376954, -45.66455697123895]
17, 0, 0.9524442006, [1.1500113536986218, -47.759773340993185]
17, 1, 0.9492896895, [1.0829489413739282, -48.72526687487698]
17, 2, 0.8665347407, [0.47807175953752057, -46.729788080612124]
17, 3, 0.8514125494, [0.5957233071620729, -50.51883835070485]
17, 4, 0.6585119776, [0.26552346721269815, -49.63180684167102]
17, 5, 0.6413093462, [2.625668348225007, -47.759773340993185]
17, 6, 0.2939277737, [-0.9962915876651353, -45.066749050810394]
17, 7, 0.1984981626, [-3.0044290830243936, -49.63180684167102]
17, 8, 0, [5.301166999467512, -52.38138942245067]
17, 9, 0, [6.337772212503756, -51.51929453837754]
18, 0, 0.9524442006, [1.1500113536986218, -47.759773340993185]
18, 1, 0.947210011, [1.0829489413739282, -49.83749058780619]
18, 2, 0.9080797593, [1.7148589771781215, -46.749144266715774]
18, 3, 0.8216170413, [2.1284608915908763, -48.13342348487349]
18, 4, 0.7404621868, [2.33487129699148, -47.90691155820143]
18, 5, 0.5294214412, [0.12351157679884484, -48.61793638012831]
18, 6, 0.4845621712, [3.342156668593563, -52.88050253288325]
18, 7, 0.4540258421, [3.40440666139775, -47.53164650135745]
18, 8, 0.4406943173, [0.05228727444739367, -49.6131420625403]
18, 9, 0.2614010122, [-0.7352943939272856, -47.256959874025405]
19, 0, 0.9546512711, [1.1444978116823024, -48.12177241730805]
19, 1, 0.9524442006, [1.1500113536986218, -47.759773340993185]
19, 2, 0.9500031843, [1.1013795742303658, -48.86306744072126]
19, 3, 0.927390232, [1.3989039592760248, -49.58422744604152]
19, 4, 0.9144335389, [1.6104195703441322, -52.60753383801396]
19, 5, 0.8990865677, [1.564276424086058, -56.34560352061216]
19, 6, 0.8422535304, [2.0248651370848005, -54.82606987793354]
19, 7, 0.5868664576, [0.2507172102221711, -51.96787721787357]
19, 8, 0.5609738206, [2.7726299743479763, -39.37824042992905]
19, 9, 0.255059496, [-0.5600858342553316, -47.51594266069903]
20, 0, 0.9549011438, [1.1447232717210205, -48.25289698405031]
20, 1, 0.9546512711, [1.1444978116823024, -48.12177241730805]
20, 2, 0.9525006071, [1.15023681373734, -47.8552276233199]
20, 3, 0.9520474007, [1.1500113536986218, -50.15369651476737]
20, 4, 0.9043188422, [0.6517680848057605, -48.83969502147983]
20, 5, 0.5522468275, [2.8963789706844736, -41.48592987872542]
20, 6, 0.250531985, [-0.6827805120261081, -48.168970643752424]
20, 7, 0.228408742, [-0.6006887316184422, -50.567684926175104]
20, 8, 0.2214480465, [-2.970456845039604, -46.54437025624172]
20, 9, 0.1916248027, [-1.4417540211441486, -55.310668372812785]
21, 0, 0.9549011438, [1.1447232717210205, -48.25289698405031]
21, 1, 0.9534788819, [1.147254582690462, -49.13773446603771]
21, 2, 0.9527244449, [1.1446105417016614, -48.62379482197394]
21, 3, 0.9525006071, [1.15023681373734, -47.8552276233199]
21, 4, 0.827707214, [2.113351120085421, -47.8552276233199]
21, 5, 0.7710669265, [0.38856547963336263, -49.203296749408835]
21, 6, 0.5648021507, [2.983417101747515, -49.19017689348785]
21, 7, 0.4468130797, [3.4318776644010835, -49.93408910345182]
21, 8, 0.4295120395, [-0.01269165233084113, -43.495275229447586]
21, 9, 0.2496767645, [-0.4256859218657818, -47.71258617925402]
22, 0, 0.9549011438, [1.1447232717210205, -48.25289698405031]
22, 1, 0.9536990239, [1.1447232717210205, -47.89929587588485]
22, 2, 0.952740991, [1.1459889272057413, -48.69531572504401]
22, 3, 0.9518208733, [1.144666906711341, -51.20592370056345]
22, 4, 0.9514911873, [1.1506869795676216, -49.898105906514594]
22, 5, 0.9101611794, [0.6250969791069043, -43.79337627319124]
22, 6, 0.5328394801, [3.0232144659951468, -42.04540205126089]
22, 7, 0.2076956253, [-2.953363181439446, -48.697691728907195]
22, 8, 0.2010450436, [-3.657665687178501, -46.48011603598432]
22, 9, 0.1754216399, [-4.256918269094065, -48.326793890983566]
23, 0, 0.9549011438, [1.1447232717210205, -48.25289698405031]
23, 1, 0.9538952878, [1.1452201941923474, -47.8804872999316]
23, 2, 0.9533842712, [1.1446950892161807, -50.14663673971809]
23, 3, 0.9477338738, [1.1459889272057413, -46.26138984273181]
23, 4, 0.9454537173, [1.1464858496770682, -46.067993224365104]
23, 5, 0.9394786974, [1.1447232717210205, -45.06972463300373]
23, 6, 0.2938251813, [-1.2983960573316382, -46.31668125386295]
23, 7, 0.2487535862, [-0.6564061873140836, -48.29554009580068]
23, 8, 0.1864737852, [-3.496353806710136, -49.61723472850064]
23, 9, 0, [5.777949093050799, -51.20592370056345]
24, 0, 0.9549011438, [1.1447232717210205, -48.25289698405031]
24, 1, 0.9530718056, [1.1452201941923474, -50.34745360601047]
24, 2, 0.9375576248, [1.1450628194520507, -53.17641853522514]
24, 3, 0.8912089561, [0.5415636926775588, -46.85576054491943]
24, 4, 0.8526956046, [2.0239430855910796, -51.127147252364814]
24, 5, 0.8039582098, [2.180428349597439, -47.46716839804649]
24, 6, 0.7045833844, [2.4306780687855376, -54.10275731269644]
24, 7, 0.6001749966, [2.8185360098198027, -48.27327598623301]
24, 8, 0.2335662893, [-2.420774870119513, -48.25289698405031]
24, 9, 0, [3.8631530288041525, -46.59180129923405]
25, 0, 0.9549011438, [1.1447232717210205, -48.25289698405031]
25, 1, 0.9469649061, [1.1448930455865356, -51.96849011239055]
25, 2, 0.9347003532, [1.3238381754230364, -49.25299426462594]
25, 3, 0.5145944688, [3.206548788026221, -47.42298943256818]
25, 4, 0.3453447151, [-1.3781826104171702, -39.28318282563164]
25, 5, 0.2518126443, [-2.2180013744664424, -46.863836689658896]
25, 6, 0.1976085026, [-0.3389500211948826, -53.17641853522514]
25, 7, 0.1596802988, [-5.475490524524631, -46.85394290570282]
25, 8, 0, [-6.645863660224026, -53.37325231653163]
25, 9, 0, [4.7264610227307795, -56.078339090514866]
26, 0, 0.9549011438, [1.1447232717210205, -48.25289698405031]
26, 1, 0.9399022482, [1.2342807235720286, -48.752945624338125]
26, 2, 0.9395925236, [0.9709259312491942, -50.28835523529824]
26, 3, 0.929341359, [1.144808158653778, -54.15985413288655]
26, 4, 0.8064602737, [2.1757209168063785, -49.695739772479364]
26, 5, 0.7585566175, [0.40556827900193326, -50.12199373448927]
26, 6, 0.5805527515, [2.8926984012321046, -48.598540518971106]
26, 7, 0.5139386926, [3.2171726880565688, -47.38781036281306]
26, 8, 0.198074319, [-3.3215086211815428, -48.60891021792666]
26, 9, 0, [6.343396519232835, -51.6136792845999]
27, 0, 0.9549011438, [1.1447232717210205, -48.25289698405031]
27, 1, 0.9399022482, [1.2342807235720286, -48.752945624338125]
27, 2, 0.9269801805, [1.057867044951486, -52.14369418177084]
27, 3, 0.7771817073, [0.3754750944559534, -48.42679628484691]
27, 4, 0.6077099692, [2.749551723791165, -48.752945624338125]
27, 5, 0.4055804319, [0.07988302966335681, -52.62916518678235]
27, 6, 0.2508839047, [-0.8132598000662592, -48.38503027244192]
27, 7, 0.2279200509, [-0.5059290899617386, -50.601000198778685]
27, 8, 0.1874171962, [-3.5603164608146356, -49.55535213030176]
27, 9, 0, [8.059462163911132, -48.81324939819238]
28, 0, 0.9549011438, [1.1447232717210205, -48.25289698405031]
28, 1, 0.9507368916, [1.1012951583362534, -48.40354628310279]
28, 2, 0.9462608141, [1.1895019976465244, -48.901438613765116]
28, 3, 0.8765336103, [1.932974149786108, -50.198295582910575]
28, 4, 0.2035601362, [-3.267556845260792, -48.32928218710525]
28, 5, 0.1700742027, [-3.3290451179032, -52.06156600223651]
28, 6, 0, [3.6169474227602834, -50.198295582910575]
28, 7, 0, [5.191703828849529, -45.294485185228645]
28, 8, 0, [3.682632883316475, -48.84958212979038]
28, 9, 0, [4.389095277269432, -48.2747858905736]
29, 0, 0.9549011438, [1.1447232717210205, -48.25289698405031]
29, 1, 0.9512908215, [1.1453985779913889, -47.097533112318814]
29, 2, 0.9502260353, [1.1299365214617931, -49.885359772067034]
29, 3, 0.8850665611, [0.48226074526891205, -40.12901652723967]
29, 4, 0.5491391568, [0.13381875489823103, -48.25289698405031]
29, 5, 0.2767451596, [-1.1300050113433995, -47.36224667727505]
29, 6, 0.2621342554, [-1.0614167867698856, -48.29108958557778]
29, 7, 0.2444381477, [-1.1138749797834733, -50.44735232543525]
29, 8, 0.1982892891, [-3.339593409916467, -48.57965284296781]
29, 9, 0.1649272267, [-5.542725665904605, -45.143406686202766]
30, 0, 0.9549011438, [1.1449627413588368, -48.25465623484183]
30, 1, 0.9549011438, [1.1447232717210205, -48.25289698405031]
30, 2, 0.9469894924, [1.1453708913301481, -46.5623376760689]
30, 3, 0.9152686456, [1.1447232717210205, -42.73120904162522]
30, 4, 0.8411855932, [1.7637709110275575, -38.926907549336754]
30, 5, 0.6630529058, [2.574654893724862, -48.22141374564747]
30, 6, 0.6587230021, [2.478697610090912, -40.58008649094018]
30, 7, 0.5805717817, [2.866779562902368, -45.74496788235679]
30, 8, 0, [7.819526603605963, -54.78056487835976]
30, 9, 0, [4.2207279241083855, -49.815804106314175]
