0, 0, 0.9435156217, [0.1928758938935227, -54.034870479400546]
0, 1, 0.8264182784, [0.8652329118126117, -44.839341356899126]
0, 2, 0.8187120289, [0.8715421771424384, -42.32202948372274]
0, 3, 0.7532281109, [1.0626026142919174, -53.30367785553532]
0, 4, 0, [2.337993794602593, -59.249677343319995]
0, 5, 0, [2.6776492495740434, -39.69901537731266]
0, 6, 0, [3.222628486966959, -57.391835021117515]
0, 7, 0, [1.5767263688984465, -59.10608341685789]
0, 8, 0, [2.3745955322283314, -43.6517555819035]
0, 9, 0, [2.933006598372393, -59.80503720965817]
1, 0, 0.9435156217, [0.1928758938935227, -54.034870479400546]
1, 1, 0.9435156217, [0.1928758938935227, -54.034870479400546]
1, 2, 0.9262573526, [0.10315611584988231, -54.034870479400546]
1, 3, 0.9140293605, [0.5322090355179806, -47.39435714396223]
1, 4, 0.8938316584, [0.6106606059651165, -45.586515484773905]
1, 5, 0.7598301099, [1.0329625084947636, -48.616025971927215]
1, 6, 0, [3.087998104295998, -48.91387373555631]
1, 7, 0, [6.2727845380332, -51.590599677471594]
1, 8, 0, [-4.744823873231391, -45.37970159200501]
1, 9, 0, [2.9584087494473494, -49.99240706732762]
2, 0, 0.9435156217, [0.1928758938935227, -54.034870479400546]
2, 1, 0.9435156217, [0.1928758938935227, -54.034870479400546]
2, 2, 0.9435156217, [0.1928758938935227, -54.034870479400546]
2, 3, 0.7046881003, [-0.07702279593025133, -54.034870479400546]
2, 4, 0.3232654838, [-0.17979198843997954, -53.19770688681402]
2, 5, 0, [-0.8863639831591841, -60.1549897650347]
2, 6, 0, [-2.8750971788409476, -53.51650507831885]
2, 7, 0, [-1.6885304304302806, -54.034870479400546]
2, 8, 0, [2.640601330703668, -54.678867487697445]
2, 9, 0, [-0.6501905341248767, -55.641029434715804]
3, 0, 0.9435156217, [0.1928758938935227, -54.034870479400546]
3, 1, 0.9435156217, [0.1928758938935227, -54.034870479400546]
3, 2, 0.9378960507, [0.46458020349895823, -52.5409070251777]
3, 3, 0.9254387881, [0.1928758938935227, -47.08635643608599]
3, 4, 0.789587696, [-0.07702279593025133, -48.511713162038845]
3, 5, 0.0843819541, [-0.4102756283597411, -56.294582288624376]
3, 6, 0.0529863061, [-0.4727811764789571, -54.034870479400546]
3, 7, 0, [2.5424255390196655, -58.080211688840684]
3, 8, 0, [-0.5922931313813782, -54.034870479400546]
3, 9, 0, [-1.3688594360171815, -55.78930541351673]
4, 0, 0.950147136, [0.24564412495543086, -54.901446720393814]
4, 1, 0.9435156217, [0.1928758938935227, -54.034870479400546]
4, 2, 0.9421468367, [0.1928758938935227, -56.304782093306144]
4, 3, 0.9415638427, [0.19377870378435347, -55.0441943773194]
4, 4, 0.9412002168, [0.1928758938935227, -50.973973777150306]
4, 5, 0.9390348374, [0.19377870378435347, -50.793617487370504]
4, 6, 0.9379386009, [0.1928758938935227, -60.679672986916756]
4, 7, 0.7738339615, [-0.026060184650004675, -53.24739817270537]
4, 8, 0.0427764801, [-0.4859145301887491, -54.034870479400546]
4, 9, 0, [1.864559207543134, -55.66427211706303]
5, 0, 0.9570461205, [0.28336214048485975, -58.67939456193233]
5, 1, 0.950147136, [0.24564412495543086, -54.901446720393814]
5, 2, 0.9429073765, [0.19377870378435347, -54.82611131172368]
5, 3, 0.9425634111, [0.19377870378435347, -51.82160567561499]
5, 4, 0.9422608304, [0.1928758938935227, -52.45234454864594]
5, 5, 0.9419901971, [0.1928685836605787, -51.36419107854628]
5, 6, 0.6497005652, [1.1551149284859241, -54.800553539513686]
5, 7, 0.3750003261, [1.3865704570120718, -52.32947113319534]
5, 8, 0, [2.6860811464004692, -52.432359797770474]
5, 9, 0, [4.7829778930914895, -55.16982628635334]
6, 0, 0.9570461205, [0.28336214048485975, -58.67939456193233]
6, 1, 0.9543460971, [0.28336214048485975, -63.44940177137584]
6, 2, 0.9527049784, [0.2645031327201453, -56.79042064116307]
6, 3, 0.9358072728, [0.19377870378435347, -49.96022455488946]
6, 4, 0.7288428445, [-0.003978778463296528, -59.0623134303761]
6, 5, 0, [3.414989493593957, -56.33230364263961]
6, 6, 0, [-5.840174812770243, -55.25050011877366]
6, 7, 0, [-5.788680902991993, -61.95247690520582]
6, 8, 0, [-0.523370797007806, -51.82160567561499]
6, 9, 0, [-0.5634765410831393, -59.19361483955897]
7, 0, 0.9591487368, [0.3121415549152517, -54.053780781574616]
7, 1, 0.9570461205, [0.28336214048485975, -58.67939456193233]
7, 2, 0.9543460971, [0.28336214048485975, -63.44940177137584]
7, 3, 0.8115393454, [0.938370528755115, -54.319809558410896]
7, 4, 0.7064947034, [-0.0009121939453453076, -62.0980311252978]
7, 5, 0, [3.8542660744664823, -55.12377825961069]
7, 6, 0, [2.6368624524066675, -67.13270938974573]
7, 7, 0, [-2.307591435668539, -62.25654635799933]
7, 8, 0, [1.5675512008164523, -57.04926135445847]
7, 9, 0, [1.6445926564949092, -58.20561143801458]
8, 0, 0.9609983183, [0.2977518477000557, -58.751591276475224]
8, 1, 0.9591487368, [0.3121415549152517, -54.053780781574616]
8, 2, 0.9163697227, [0.6108663346199874, -58.942158023501804]
8, 3, 0.9156873552, [0.6252560418351834, -56.4010758533666]
8, 4, 0.326868991, [1.485293471428228, -54.186795169992756]
8, 5, 0, [-1.6535059918124686, -58.88460566489337]
8, 6, 0, [1.7354305975049376, -59.34875423040349]
8, 7, 0, [2.1473332214684127, -56.31250680951115]
8, 8, 0, [-0.5208131430378368, -54.898740070569]
8, 9, 0, [4.04746649548528, -56.49960206017161]
9, 0, 0.9630183024, [0.3204095246021458, -59.02418893354516]
9, 1, 0.9609983183, [0.2977518477000557, -58.751591276475224]
9, 2, 0.9428622698, [0.45430909116002155, -53.54137647099618]
9, 3, 0.9045540441, [0.06740118321145588, -57.32619084733919]
9, 4, 0.3626267402, [1.406690603569566, -58.87308088605266]
9, 5, 0, [-0.83932228399075, -53.280346394329094]
9, 6, 0, [-5.460513226578659, -58.751591276475224]
9, 7, 0, [-1.540523341085664, -59.783495645712165]
9, 8, 0, [-1.0774500267666398, -57.6716169384342]
9, 9, 0, [-2.6838130799115523, -58.942158023501804]
10, 0, 0.9630183024, [0.3204095246021458, -59.02418893354516]
10, 1, 0.9630183024, [0.3204095246021458, -59.02418893354516]
10, 2, 0.9609983183, [0.2977518477000557, -58.751591276475224]
10, 3, 0.9609983183, [0.2977518477000557, -58.751591276475224]
10, 4, 0.9480276375, [0.3123339278643649, -72.35023479616598]
10, 5, 0.9363123579, [0.4688911713243308, -64.89249987921006]
10, 6, 0.8963348347, [0.709301724982221, -61.834989231400556]
10, 7, 0.7822275942, [0.9965369794555285, -61.022237631660516]
10, 8, 0, [3.8275115685666505, -59.507320213568825]
10, 9, 0, [2.467663914269825, -58.94863490979891]
11, 0, 0.9630183024, [0.3204095246021458, -59.02418893354516]
11, 1, 0.9629690822, [0.3204095246021458, -57.9680589820163]
11, 2, 0.8550868796, [0.8340255056010805, -61.20611181182056]
11, 3, 0, [2.0900425006665695, -74.3282908325994]
11, 4, 0, [-1.9224319796211637, -64.6709118581185]
11, 5, 0, [4.959965950606447, -56.8902652473541]
11, 6, 0, [2.149664892361737, -60.979633633261784]
11, 7, 0, [-0.9939122030279303, -56.87201174185936]
11, 8, 0, [4.234751131175488, -58.3381070616897]
11, 9, 0, [-1.8217109418829605, -54.35305204923118]
12, 0, 0.9630183024, [0.3204095246021458, -59.02418893354516]
12, 1, 0.9378063469, [0.5002067874479592, -56.98745496754669]
12, 2, 0.9242729114, [0.5517491098818632, -59.02418893354516]
12, 3, 0.8553846479, [0.842890712954871, -57.37512104145727]
12, 4, 0.6513026766, [-0.019082045112585266, -65.3570556418951]
12, 5, 0.0478842077, [-0.4714310146752051, -56.27907380130033]
12, 6, 0, [-2.0284927996475495, -55.86053881750206]
12, 7, 0, [1.737481852059085, -57.9680589820163]
12, 8, 0, [2.359119071274705, -57.9680589820163]
12, 9, 0, [4.546036276331344, -66.6359216023501]
13, 0, 0.9630183024, [0.3204095246021458, -59.02418893354516]
13, 1, 0.9618402396, [0.3204095246021458, -56.67113046167343]
13, 2, 0.9486497141, [0.24056237116768697, -59.96761891166927]
13, 3, 0.9472717657, [0.24056237116768697, -61.17225530472089]
13, 4, 0.9441717329, [0.24056237116768697, -64.27227463877342]
13, 5, 0, [-2.4188488807853807, -58.00582195054592]
13, 6, 0, [3.7316523670016535, -63.86927287812604]
13, 7, 0, [-1.6960680501023666, -62.61213036664235]
13, 8, 0, [2.604700657075685, -56.32203184706953]
13, 9, 0, [2.082659023189787, -56.98745496754669]
14, 0, 0.9630183024, [0.3204095246021458, -59.02418893354516]
14, 1, 0.9610809722, [0.3204095246021458, -62.111943680777145]
14, 2, 0.9480972246, [0.24056237116768697, -60.42729540573028]
14, 3, 0.923610359, [0.5600935743647106, -57.40972994003224]
14, 4, 0.0530408741, [-0.4332330525698382, -60.151026393899905]
14, 5, 0, [6.273692666148339, -61.390658365750035]
14, 6, 0, [2.9566268107127245, -58.00582195054592]
14, 7, 0, [2.4412220618516978, -67.49857382035124]
14, 8, 0, [-3.6976182197770413, -60.226121412635784]
14, 9, 0, [-4.98760681626458, -57.847659697609295]
15, 0, 0.9630183024, [0.3204095246021458, -59.02418893354516]
15, 1, 0.9600134758, [0.3714121646171282, -58.95439698641615]
15, 2, 0.9550878393, [0.3204095246021458, -66.2152503829414]
15, 3, 0.9519487574, [0.25135547617188575, -59.13926268965326]
15, 4, 0.916603607, [0.10388300034206871, -58.02811498465026]
15, 5, 0.9098334204, [0.10502804079988581, -64.05383480233687]
15, 6, 0.2954472813, [-0.12353918441302969, -62.55593275209745]
15, 7, 0, [2.544872464266907, -64.62874654730126]
15, 8, 0, [-2.2137566209499346, -52.634059550254776]
15, 9, 0, [1.9637165402131136, -59.85117898142805]
16, 0, 0.9630183024, [0.3204095246021458, -59.02418893354516]
16, 1, 0.9612766336, [0.3204095246021458, -54.85695827686096]
16, 2, 0.9578015553, [0.345910844609637, -64.75266476605867]
16, 3, 0.9520712516, [0.345910844609637, -66.6656523384423]
16, 4, 0.6704598115, [-0.0026218042556002963, -66.65106077029533]
16, 5, 0, [4.185908864341839, -56.89693264242241]
16, 6, 0, [-3.7582766166945416, -56.93422900878869]
16, 7, 0, [2.2612974282467873, -58.98929295998066]
16, 8, 0, [-1.8259653702992076, -59.770199037271716]
16, 9, 0, [-2.9520209197379725, -58.51349761145939]
17, 0, 0.9630183024, [0.3204095246021458, -59.02418893354516]
17, 1, 0.9616509412, [0.3204095246021458, -56.970050388747936]
17, 2, 0.235463857, [-0.1668161096097095, -58.7636218645758]
17, 3, 0.1072492637, [-0.3515300695589555, -57.9942036731641]
17, 4, 0.076155675, [-0.42995353723439056, -54.85695827686096]
17, 5, 0, [8.26202711466957, -61.684839044508]
17, 6, 0, [7.518948458320519, -56.870583875633315]
17, 7, 0, [1.796066519128531, -59.02418893354516]
17, 8, 0, [6.286003722457036, -54.85934976226051]
17, 9, 0, [-1.933505070096181, -68.14102712435638]
18, 0, 0.9630183024, [0.3204095246021458, -59.02418893354516]
18, 1, 0.9629690822, [0.3204095246021458, -58.08227410167714]
18, 2, 0.77505847, [1.0111453342186154, -56.88845291563309]
18, 3, 0.4818528283, [1.240033288682124, -57.5033139423791]
18, 4, 0, [2.515979058488998, -56.90153695886306]
18, 5, 0, [-0.8361403284613586, -58.98303252004591]
18, 6, 0, [2.4537290656848105, -62.25039299038886]
18, 7, 0, [-0.7649160261099074, -57.987826837633925]
18, 8, 0, [-1.623721996836038, -56.62685033153102]
18, 9, 0, [-5.254534666572889, -59.59379966500587]
19, 0, 0.9630183024, [0.3204095246021458, -59.02418893354516]
19, 1, 0.96281208, [0.3204095246021458, -59.18829802953814]
19, 2, 0.9064807175, [0.6657774294103807, -58.77627352743565]
19, 3, 0.8627014676, [0.8072505493305951, -64.39249705416123]
19, 4, 0.8331834984, [0.8772930404784879, -61.79957991940809]
19, 5, 0.7312312893, [-0.01816886950708274, -57.649728034828705]
19, 6, 0, [-2.1216946661771368, -65.73916825579443]
19, 7, 0, [-1.373929828913961, -50.29133880778993]
19, 8, 0, [-6.711003623444764, -64.43251196738275]
19, 9, 0, [-1.3896876633518076, -58.78035825325101]
20, 0, 0.9630183024, [0.3204095246021458, -59.02418893354516]
20, 1, 0.96281208, [0.3204095246021458, -59.26621839063221]
20, 2, 0.96281208, [0.3204095246021458, -59.13777957905478]
20, 3, 0.9614946476, [0.3204095246021458, -61.58222120331232]
20, 4, 0.2060239668, [-0.17507697328255578, -60.005165623870866]
20, 5, 0, [-3.80005867413608, -57.972894944786674]
20, 6, 0, [-1.4275337897067586, -61.733155528566144]
20, 7, 0, [2.266533754734403, -51.89374118020117]
20, 8, 0, [5.279523691316977, -58.900231230490405]
20, 9, 0, [-1.5067551891587154, -62.86830914585608]
21, 0, 0.9630183024, [0.3204095246021458, -59.02418893354516]
21, 1, 0.96281208, [0.3204095246021458, -59.58166378338345]
21, 2, 0.96281208, [0.3204095246021458, -59.13777957905478]
21, 3, 0.9619885153, [0.3204095246021458, -60.42421979697227]
21, 4, 0.4410742504, [1.2835238309502268, -59.13777957905478]
21, 5, 0.0511504352, [-0.43839230847431276, -60.30320506842874]
21, 6, 0, [2.1592160846479995, -60.14804585489736]
21, 7, 0, [-7.590373077755624, -59.635692007251535]
21, 8, 0, [2.606410991816847, -61.089047391309414]
21, 9, 0, [-0.8395367104191575, -54.78176056038214]
22, 0, 0.9630183024, [0.3204095246021458, -58.670587825379705]
22, 1, 0.9630183024, [0.3204095246021458, -59.02418893354516]
22, 2, 0.96281208, [0.3204095246021458, -59.302926358464305]
22, 3, 0.9612874594, [0.3204095246021458, -61.8485620538513]
22, 4, 0.9610809722, [0.3204095246021458, -62.64046106664697]
22, 5, 0.2688616549, [-0.1992167680119704, -54.564668222686095]
22, 6, 0, [-3.777562614630161, -59.1604111409067]
22, 7, 0, [-5.08123043230414, -59.046820495397085]
22, 8, 0, [-4.482429600127658, -57.42477097195918]
22, 9, 0, [3.745796508335427, -59.31213779164871]
23, 0, 0.9630183024, [0.3204095246021458, -58.88903255047948]
23, 1, 0.9630183024, [0.3204095246021458, -58.670587825379705]
23, 2, 0.9618402396, [0.3204095246021458, -56.559256050672964]
23, 3, 0.9616509412, [0.3204095246021458, -56.8690004761521]
23, 4, 0.9613303278, [0.3204095246021458, -55.487415474333126]
23, 5, 0.9610713019, [0.3204095246021458, -61.03040244519217]
23, 6, 0, [-4.320639371324171, -60.501000433974724]
23, 7, 0, [-1.4807199344329582, -58.71323093713008]
23, 8, 0, [4.9536917109416025, -61.8485620538513]
23, 9, 0, [4.660884855998587, -62.8677159090054]
24, 0, 0.9630183024, [0.3204095246021458, -58.88903255047948]
24, 1, 0.96281208, [0.3204095246021458, -59.690975421878164]
24, 2, 0.9616994113, [0.3204095246021458, -61.13755413145857]
24, 3, 0.5629891663, [1.198764685765008, -62.01918535351107]
24, 4, 0.3951937347, [1.3561146024785642, -57.99408160192577]
24, 5, 0.1284784626, [-0.28275005444131596, -60.04494487167835]
24, 6, 0, [-3.245088617238388, -58.77981018792959]
24, 7, 0, [3.038839281685278, -57.11871450311333]
24, 8, 0, [1.6063643216666632, -64.62967051657571]
24, 9, 0, [1.9942222627009283, -61.46246031299193]
25, 0, 0.9630183024, [0.3204095246021458, -58.88903255047948]
25, 1, 0.9616994113, [0.3204095246021458, -61.26712569372185]
25, 2, 0.4798270559, [1.2402817984073238, -62.15277445213635]
25, 3, 0, [-1.4617389874328828, -52.18296301314204]
25, 4, 0, [3.1229924110105083, -60.32276962007859]
25, 5, 0, [-7.470516955073931, -61.33438791276506]
25, 6, 0, [3.901807727880875, -64.03947468674829]
25, 7, 0, [-1.1636033160447874, -61.13755413145857]
25, 8, 0, [-1.5608003813789932, -62.02726149825054]
25, 9, 0, [-6.29997404550902, -56.15257848703413]
26, 0, 0.9630183024, [0.3204095246021458, -58.88903255047948]
26, 1, 0.9593466846, [0.3204095246021458, -64.12723970676679]
26, 2, 0.9584064812, [0.35452215569299383, -53.877506005676096]
26, 3, 0.9342890669, [0.5169059822491431, -61.387563119719104]
26, 4, 0.8756056812, [0.7803456615047348, -60.52090350130791]
26, 5, 0, [5.518997885181202, -61.58106485848013]
26, 6, 0, [2.4386784522320535, -59.69774840339197]
26, 7, 0, [-3.7754436832488363, -60.37686809489645]
26, 8, 0, [6.97490572580416, -56.89317474881124]
26, 9, 0, [-2.3408173692198138, -57.151298315441856]
27, 0, 0.9630183024, [0.3204095246021458, -58.88903255047948]
27, 1, 0.9593466846, [0.3204095246021458, -64.12723970676679]
27, 2, 0.9483296155, [0.43571406897106846, -57.552124060376045]
27, 3, 0.1313009833, [-0.34488366688158417, -55.539439453250424]
27, 4, 0, [1.835680524821282, -64.12723970676679]
27, 5, 0, [-1.375021563006117, -63.606215023207604]
27, 6, 0, [-0.7892094433810218, -65.63438001121128]
27, 7, 0, [-4.279332539279023, -60.762889789675334]
27, 8, 0, [7.2508886335957365, -64.75894557356546]
27, 9, 0, [5.6101007724365255, -57.6325345626976]
28, 0, 0.9630183024, [0.3204095246021458, -58.88903255047948]
28, 1, 0.9612874594, [0.3204095246021458, -61.906653438194034]
28, 2, 0.9579365904, [0.3780617967866071, -56.42582900561998]
28, 3, 0.5357486678, [1.2097407882364617, -58.220578305427765]
28, 4, 0, [2.893714061210637, -58.220578305427765]
28, 5, 0, [4.367390081730654, -55.93062075165781]
28, 6, 0, [2.8583191361976006, -59.485717696219545]
28, 7, 0, [3.665861915719786, -56.29706861309079]
28, 8, 0, [-4.198137590947579, -65.06678082666544]
28, 9, 0, [5.966996023209401, -61.679381419857975]
29, 0, 0.9630183024, [0.3204095246021458, -58.88903255047948]
29, 1, 0.9594951833, [0.34923566069437645, -57.61128188579187]
29, 2, 0.1650894938, [-0.3420530018499627, -50.76515209366884]
29, 3, 0, [1.5893643303998732, -59.18737512334951]
29, 4, 0, [3.780717638631552, -60.781645309838765]
29, 5, 0, [-0.6904949922206437, -58.88903255047948]
29, 6, 0, [1.5207761058263594, -58.258532215046785]
29, 7, 0, [-4.701945610105461, -59.19983246375501]
29, 8, 0, [-1.9388640331727165, -63.70151331519533]
29, 9, 0, [-6.367714719293849, -58.39756767596285]
30, 0, 0.9630183024, [0.3204095246021458, -58.88903255047948]
30, 1, 0.9614207863, [0.3306315300425563, -58.890978157333926]
30, 2, 0.9598696507, [0.3204095246021458, -53.36734460805438]
30, 3, 0.959302026, [0.34805382735462365, -57.11613077276527]
30, 4, 0.9118659987, [0.6486368928820547, -55.46516367247332]
30, 5, 0, [7.009288271398019, -65.35550704831087]
30, 6, 0, [3.4104895919004417, -60.39074627626528]
30, 7, 0, [5.305306978191018, -55.812188141262226]
30, 8, 0, [2.041311669104981, -56.42114777200927]
30, 9, 0, [5.834776222797605, -59.01095537343603]
